MTS793|MPT|DEU|1|2|,|.|:|49|1|1|A

Bediener Information						Zeit:	12,391602	s	03.09.2014 09:21:10
Datum : 	03.09.2014
Prüfer : 	Kh
Probenbezeichnung :  	Werner 7.0 M IV E-Modul 28d v. 06.08.14 Probe 5
Bemerkungen	Kraftgeregelt 3,9 kN/s
Masse :	5351,9
Durchmesser :	98,7
Länge :	300,2
Bediener Information Ende

Datenerfassung						Zeit:	351,94727	s	03.09.2014 09:26:49
Datum	Laufzeit	Ch 1 Kraft Sollwert	Ch 1 Kraft	Ch 1 Weg	1944 B	1281068	2157
d	s	kN	kN	mm	mm	mm	mm
41885	12,901367	-1	-1,0178052	0,10226667	0,36919472	0,15022717	0,031046651
41885	13,401367	-1	-1,0255631	0,10307431	0,36927307	0,15020482	0,031088114
41885	13,901367	-1	-1,0172911	0,10124743	0,36920691	0,15030362	0,031054385
41885	14,401367	-1	-0,99940783	0,10256767	0,36926818	0,15029015	0,031025916
41885	14,901367	-1	-0,9867661	0,10241866	0,36922193	0,15025757	0,031071253
41885	15,401367	-1	-0,99224782	0,10212362	0,36921984	0,15023039	0,03108865
41885	15,901367	-1	-1,0363907	0,10154545	0,36914712	0,15023123	0,031074338
41885	16,401367	-1	-1,0100324	0,10213554	0,36917001	0,15023714	0,031045802
41885	16,901367	-1	-0,98060441	0,10214746	0,3691839	0,15017973	0,031048849
41885	17,401367	-1	-0,97313523	0,10170937	0,36923218	0,15029246	0,03108608
41885	17,901367	-1	-1,0285153	0,10234416	0,36921218	0,15019828	0,031084947
41885	18,401367	-1	-1,0323189	0,10140836	0,36914402	0,15018648	0,031003341
41885	18,901367	-1	-1,0152608	0,10264516	0,3691569	0,15021686	0,031014256
41885	19,401367	-1	-0,95144284	0,10153353	0,36922807	0,15022971	0,031055517
41885	19,901367	-1	-0,97592735	0,10192692	0,36923283	0,15021609	0,031056993
41885	20,401367	-1	-1,0371674	0,10180473	0,36923558	0,15023419	0,031044073
41885	20,901367	-1	-1,033064	0,10284185	0,36913198	0,15019371	0,031020865
41885	21,401367	-1	-0,98988044	0,10255575	0,36927962	0,15021589	0,031039603
41885	21,901367	-1	-0,95105916	0,1021564	0,36919498	0,15028808	0,031110264
41885	22,401367	-1	-0,9913277	0,10186136	0,36922193	0,15025151	0,031103328
41885	22,901367	-2,7748048	-2,7560108	-0,0086694956	-0,00029437244	-0,00059357542	-0,0006602034
41885	23,401367	-4,7248049	-4,4419503	-0,015839934	-0,00080344081	-0,0011013047	-0,0013498291
41885	23,901367	-6,6748047	-6,5324569	-0,025433302	-0,0013081878	-0,0017227816	-0,0020929053
41885	24,401367	-8,6248045	-8,4880743	-0,033545494	-0,001823023	-0,0024199612	-0,0029046759
41885	24,901367	-10,574805	-10,608917	-0,042185187	-0,0025663972	-0,0031960562	-0,0037605502
41885	25,401367	-12,524805	-12,79565	-0,049895048	-0,0031513125	-0,0039371853	-0,0046143793
41885	25,901367	-14,474805	-14,685901	-0,056645274	-0,0037741065	-0,0046289363	-0,0053484365
41885	26,401367	-16,424805	-16,56875	-0,063291192	-0,0042682141	-0,0053755534	-0,0060846247
41885	26,901367	-18,374805	-18,514694	-0,06943047	-0,0048607588	-0,0059882998	-0,0068637505
41885	27,401367	-20,324804	-20,474712	-0,074711442	-0,0054567307	-0,0067535373	-0,0076198392
41885	27,901367	-22,274805	-22,441479	-0,081467628	-0,0059997588	-0,0075549758	-0,008307144
41885	28,401367	-24,224806	-24,326736	-0,08726716	-0,006596595	-0,008186209	-0,0091025345
41885	28,901367	-26,174805	-26,243351	-0,09226799	-0,0072095841	-0,0089733992	-0,0098916329
41885	29,401367	-28,124805	-28,173746	-0,097551942	-0,0077603608	-0,0096415915	-0,01059138
41885	29,901367	-30,074806	-30,202713	-0,10401011	-0,0083927959	-0,010399066	-0,011424325
41885	30,401367	-32,024807	-32,178825	-0,10970235	-0,0090069175	-0,011214738	-0,012235455
41885	30,901367	-33,974804	-34,03442	-0,11398196	-0,0095617473	-0,011923117	-0,012955427
41885	31,401367	-35,924805	-35,93008	-0,11907816	-0,010157123	-0,012634173	-0,013639227
41885	31,901367	-37,874805	-37,949646	-0,12487173	-0,010754213	-0,013455659	-0,014539979
41885	32,401367	-39,824806	-39,975925	-0,12979507	-0,011429742	-0,01415333	-0,015374705
41885	32,901367	-41,774807	-41,861202	-0,13405085	-0,012033179	-0,015003655	-0,016062252
41885	33,401367	-43,724804	-43,76226	-0,14024079	-0,012626275	-0,015715426	-0,016848058
41885	33,901367	-45,674805	-45,724354	-0,14534295	-0,013227269	-0,016551755	-0,01765668
41885	34,401367	-47,624805	-47,698326	-0,14954805	-0,0138212	-0,017280674	-0,018405274
41885	34,901367	-49,574806	-49,696167	-0,15444458	-0,014472201	-0,018020166	-0,019170579
41885	35,401367	-51,524807	-51,632484	-0,15963614	-0,015068948	-0,018793138	-0,019989815
41885	35,901367	-53,474808	-53,527153	-0,16389489	-0,015691429	-0,019635566	-0,020798914
41885	36,401367	-55,424805	-55,460987	-0,16936362	-0,016337052	-0,020420138	-0,021526966
41885	36,901367	-57,374805	-57,494442	-0,17412901	-0,017016128	-0,021216149	-0,022356059
41885	37,401367	-59,324806	-59,487118	-0,17964244	-0,017649263	-0,022081407	-0,023248512
41885	37,901367	-61,274807	-61,292542	-0,18360317	-0,018184721	-0,022872806	-0,023870654
41885	38,401367	-63,224808	-63,212864	-0,18902421	-0,018864259	-0,023576306	-0,02472179
41885	38,901367	-65,174805	-65,21608	-0,19322038	-0,019568965	-0,024343848	-0,025592335
41885	39,401367	-67,124809	-67,219276	-0,19834042	-0,020180121	-0,025223533	-0,026337821
41885	39,901367	-69,074806	-69,152	-0,20159483	-0,020792961	-0,025842883	-0,027124275
41885	40,401367	-71,024803	-71,059242	-0,20727813	-0,021461084	-0,026800783	-0,027911942
41885	40,901367	-72,974808	-73,006203	-0,2123028	-0,02204901	-0,027606148	-0,028784785
41885	41,401367	-74,924805	-74,931793	-0,21702349	-0,022790715	-0,028418712	-0,029454671
41885	41,901367	-76,874809	-76,96154	-0,22065341	-0,023458704	-0,029198928	-0,030377503
41885	42,401367	-78,824806	-78,95517	-0,22604167	-0,024053633	-0,030076008	-0,031208001
41885	42,901367	-80,774803	-80,761505	-0,23076236	-0,024710804	-0,030889301	-0,031868983
41885	43,401367	-82,724808	-82,716827	-0,23495853	-0,025330275	-0,031651028	-0,032767706
41885	43,901367	-84,674805	-84,747765	-0,24006963	-0,026034847	-0,032434024	-0,033628475
41885	44,401367	-86,624809	-86,726082	-0,24369955	-0,026750818	-0,033278432	-0,034400485
41885	44,901367	-88,574806	-88,641563	-0,24844408	-0,027318627	-0,03407111	-0,035205446
41885	45,401367	-90,524803	-90,558723	-0,25423467	-0,028122798	-0,034908034	-0,036101818
41885	45,901367	-92,474808	-92,464775	-0,25788546	-0,028666064	-0,035821509	-0,036815837
41885	46,401367	-94,424805	-94,453072	-0,26215911	-0,029371336	-0,036573928	-0,037641875
41885	46,901367	-96,374809	-96,468903	-0,26655495	-0,030084416	-0,037497204	-0,038504247
41885	47,401367	-98,324806	-98,371269	-0,27095973	-0,030710757	-0,03822767	-0,039320622
41885	47,901367	-100,27481	-100,26345	-0,27571619	-0,031417549	-0,039034832	-0,040031873
41885	48,401367	-102,22481	-102,20263	-0,28026998	-0,032100514	-0,039862268	-0,040940791
41885	48,901367	-104,1748	-104,25288	-0,28429329	-0,032807454	-0,040725145	-0,041817956
41885	49,401367	-106,12481	-106,24986	-0,28947592	-0,033508435	-0,04164052	-0,042551942
41885	49,901367	-108,07481	-108,07224	-0,29345155	-0,034192979	-0,042390242	-0,043372408
41885	50,401367	-110,02481	-110,04079	-0,29808879	-0,034912899	-0,043299638	-0,044227049
41885	50,901367	-111,97481	-112,01927	-0,30244887	-0,03554754	-0,044059832	-0,04507798
41885	51,401367	-113,9248	-113,99715	-0,30700564	-0,036299989	-0,044944707	-0,045825105
41885	51,901367	-115,87481	-115,98247	-0,31124949	-0,037075266	-0,045882888	-0,046646379
41885	52,401367	-117,82481	-117,85822	-0,31594634	-0,037709519	-0,046636347	-0,04749579
41885	52,901367	-119,77481	-119,82049	-0,31958818	-0,038397714	-0,047510467	-0,048351511
41885	53,401367	-121,72481	-121,79948	-0,32443702	-0,03916657	-0,048456039	-0,049140718
41885	53,901367	-123,6748	-123,78822	-0,3290385	-0,039851561	-0,04913697	-0,050002363
41885	54,401367	-125,62481	-125,72961	-0,33305585	-0,040620968	-0,050165806	-0,05081515
41885	54,901367	-127,57481	-127,65054	-0,33750236	-0,041286841	-0,050949998	-0,051673535
41885	55,401367	-129,52481	-129,57101	-0,341627	-0,041953459	-0,051720422	-0,05245658
41885	55,901367	-131,47481	-131,54601	-0,34580529	-0,042724565	-0,052674536	-0,053282041
41885	56,401367	-132,59248	-132,84753	-0,34914613	-0,043228403	-0,053294562	-0,053923316
41885	56,901367	-130,64249	-130,7726	-0,34606755	-0,042705238	-0,052743681	-0,05344696
41885	57,401367	-128,69247	-128,69402	-0,34194887	-0,042102009	-0,052101083	-0,052755993
41885	57,901367	-126,74248	-126,71443	-0,33938885	-0,041529909	-0,051635101	-0,052096285
41885	58,401367	-124,79248	-124,80056	-0,33542216	-0,041067719	-0,050876707	-0,051607877
41885	58,901367	-122,84248	-122,91314	-0,3318727	-0,04047446	-0,050245777	-0,051036637
41885	59,401367	-120,89248	-120,87508	-0,32908022	-0,03985703	-0,049673256	-0,050402161
41885	59,901367	-118,94248	-118,86064	-0,32526553	-0,039354816	-0,048915938	-0,049678519
41885	60,401367	-116,99248	-116,93427	-0,32142699	-0,038705304	-0,048458278	-0,049090825
41885	60,901367	-115,04248	-115,05885	-0,31745732	-0,038257137	-0,047714934	-0,048511796
41885	61,401367	-113,09248	-113,123	-0,31513572	-0,037636518	-0,047036074	-0,047828287
41885	61,901367	-111,14248	-111,04314	-0,31043887	-0,036982119	-0,046357121	-0,047111452
41885	62,401367	-109,19248	-109,08596	-0,30731857	-0,03640312	-0,045683496	-0,046466827
41885	62,901367	-107,24248	-107,20201	-0,30280054	-0,035776138	-0,04505517	-0,045812968
41885	63,401367	-105,29248	-105,32049	-0,29960275	-0,035310373	-0,044403605	-0,045240164
41885	63,901367	-103,34248	-103,28094	-0,29667318	-0,034622565	-0,043632329	-0,044497285
41885	64,401367	-101,39248	-101,27544	-0,29243529	-0,033998296	-0,043037198	-0,043804012
41885	64,901367	-99,442482	-99,34449	-0,28809905	-0,033500895	-0,042275961	-0,043130439
41885	65,401367	-97,492477	-97,479309	-0,28358996	-0,032938153	-0,041606408	-0,042574082
41885	65,901367	-95,54248	-95,556656	-0,28090477	-0,032350883	-0,040942624	-0,041799612
41885	66,401367	-93,592476	-93,502312	-0,27765036	-0,031803384	-0,040176697	-0,041079275
41885	66,901367	-91,642479	-91,555496	-0,27267039	-0,031241432	-0,039557792	-0,04044614
41885	67,401367	-89,692482	-89,651665	-0,26919842	-0,030523941	-0,038933221	-0,039766949
41885	67,901367	-87,742477	-87,70182	-0,26519895	-0,029960483	-0,038098957	-0,039056495
41885	68,401367	-85,79248	-85,773239	-0,26113391	-0,029413566	-0,03740276	-0,038346484
41885	68,901367	-83,842476	-83,732697	-0,25779903	-0,02873677	-0,036705729	-0,037602343
41885	69,401367	-81,892479	-81,814377	-0,253281	-0,028156742	-0,036114503	-0,036948297
41885	69,901367	-79,942482	-79,871674	-0,24900138	-0,027596936	-0,035290919	-0,036196813
41885	70,401367	-77,992477	-77,988274	-0,24519861	-0,026961595	-0,034575745	-0,035501905
41885	70,901367	-76,04248	-76,047203	-0,24064481	-0,026435405	-0,033904236	-0,034862746
41885	71,401367	-74,092476	-73,981354	-0,23668408	-0,025813133	-0,033080563	-0,034030572
41885	71,901367	-72,142479	-72,057426	-0,23290217	-0,025227755	-0,032414153	-0,033350434
41885	72,401367	-70,192482	-70,160919	-0,22882521	-0,024632171	-0,031770829	-0,032621719
41885	72,901367	-68,242477	-68,278381	-0,2240032	-0,024031833	-0,030968945	-0,0319716
41885	73,401367	-66,29248	-66,233147	-0,21966994	-0,023393258	-0,030253651	-0,031119231
41885	73,901367	-64,342476	-64,234634	-0,21543205	-0,022778362	-0,029517056	-0,030303907
41885	74,401367	-62,392479	-62,298092	-0,21049678	-0,022236496	-0,028618515	-0,029618796
41885	74,901367	-60,442478	-60,44841	-0,20658076	-0,021755457	-0,027920799	-0,028920431
41885	75,401367	-58,492477	-58,498726	-0,20190775	-0,021131292	-0,027271971	-0,028139602
41885	75,901367	-56,54248	-56,472595	-0,19726455	-0,020488754	-0,026556557	-0,027299322
41885	76,401367	-54,59248	-54,497684	-0,19260347	-0,019880831	-0,025822328	-0,026552152
41885	76,901367	-52,642479	-52,562771	-0,1880765	-0,019339487	-0,025038529	-0,025780514
41885	77,401367	-50,692478	-50,707424	-0,18292665	-0,018719941	-0,024419092	-0,025018573
41885	77,901367	-48,742477	-48,75103	-0,17852187	-0,018076152	-0,02352736	-0,02419287
41885	78,401367	-46,792477	-46,736244	-0,17341971	-0,017463163	-0,022906655	-0,023420591
41885	78,901367	-44,84248	-44,773697	-0,16787648	-0,01687555	-0,022098897	-0,022601608
41885	79,401367	-42,892479	-42,831684	-0,16305745	-0,016278878	-0,021356592	-0,021834295
41885	79,901367	-40,942478	-40,961258	-0,15792549	-0,01576212	-0,02058444	-0,021038845
41885	80,401367	-38,992477	-38,998177	-0,15291274	-0,015068844	-0,019836841	-0,020266991
41885	80,901367	-37,042477	-36,964043	-0,14868379	-0,014492214	-0,019148435	-0,019343428
41885	81,401367	-35,09248	-34,968025	-0,14290512	-0,013750926	-0,018273525	-0,018471833
41885	81,901367	-33,142479	-33,114208	-0,1381427	-0,013257816	-0,017613275	-0,017737158
41885	82,401367	-31,192478	-31,234007	-0,13178587	-0,012646988	-0,01687634	-0,016931832
41885	82,901367	-29,242477	-29,179522	-0,12623966	-0,011997551	-0,016053233	-0,015943818
41885	83,401367	-27,292479	-27,188482	-0,12132227	-0,011396959	-0,015360916	-0,015168767
41885	83,901367	-25,342478	-25,282488	-0,11548996	-0,010758042	-0,01460432	-0,014311913
41885	84,401367	-23,392477	-23,343819	-0,11009872	-0,010163352	-0,013808399	-0,013390571
41885	84,901367	-21,442478	-21,449352	-0,10407269	-0,0095315576	-0,013135046	-0,012568321
41885	85,401367	-19,492477	-19,436953	-0,097891688	-0,0088758022	-0,012371637	-0,011711113
41885	85,901367	-17,542479	-17,501524	-0,092291832	-0,0081919134	-0,011624945	-0,01081514
41885	86,401367	-15,592478	-15,541708	-0,0854671	-0,0075440556	-0,010901233	-0,0099242255
41885	86,901367	-13,642478	-13,681066	-0,0787884	-0,0068871826	-0,010197033	-0,0091176629
41885	87,401367	-11,692477	-11,698693	-0,072169304	-0,0062315911	-0,0095227277	-0,0081123039
41885	87,901367	-9,7424774	-9,6871977	-0,064364076	-0,0055086911	-0,0087027727	-0,0071964003
41885	88,401367	-7,7924776	-7,753943	-0,05736351	-0,0048664063	-0,0078890948	-0,0062995702
41885	88,901367	-5,8424773	-5,8044491	-0,047847629	-0,0042243898	-0,0073306337	-0,005336117
41885	89,401367	-3,946043	-3,9327238	-0,039169192	-0,0034298897	-0,0068417038	-0,0044670999
41885	89,901367	-5,8960433	-5,7533364	-0,044575334	-0,0039387196	-0,0071923165	-0,0051588342
41885	90,401367	-7,8460431	-7,6942377	-0,053319335	-0,0045080036	-0,0078852419	-0,0058255009
41885	90,901367	-9,7960434	-9,7066917	-0,060066581	-0,0051741749	-0,0084339464	-0,0066692829
41885	91,401367	-11,746043	-11,751011	-0,066551566	-0,0057071	-0,0091455672	-0,0073379539
41885	91,901367	-13,696043	-13,745081	-0,073131919	-0,0062392354	-0,0099540409	-0,0081249475
41885	92,401367	-15,646044	-15,674997	-0,07904768	-0,0068787932	-0,010581541	-0,0088738948
41885	92,901367	-17,596043	-17,570274	-0,085404515	-0,0074103028	-0,01121096	-0,0095852725
41885	93,401367	-19,546043	-19,555326	-0,091087818	-0,008037284	-0,011963363	-0,010367207
41885	93,901367	-21,496044	-21,592779	-0,097110868	-0,0086359829	-0,01277713	-0,01119069
41885	94,401367	-23,446043	-23,542677	-0,10218322	-0,0093175024	-0,01340237	-0,011903308
41885	94,901367	-25,396044	-25,44536	-0,10770559	-0,0098565817	-0,014070593	-0,012625497
41885	95,401367	-27,346045	-27,351379	-0,11366606	-0,010343567	-0,014828527	-0,013339963
41885	95,901367	-29,296043	-29,333138	-0,1188755	-0,011010915	-0,015567545	-0,014064737
41885	96,401367	-31,246044	-31,373341	-0,12332499	-0,011593685	-0,016261423	-0,01494373
41885	96,901367	-33,196045	-33,274067	-0,12777746	-0,012082517	-0,017039584	-0,015631385
41885	97,401367	-35,146046	-35,181232	-0,13303757	-0,012791038	-0,017757185	-0,016364954
41885	97,901367	-37,096043	-37,130096	-0,13867617	-0,013385326	-0,018342	-0,017137371
41885	98,401367	-39,046043	-39,091675	-0,14362335	-0,014017016	-0,019212091	-0,017882824
41885	98,901367	-40,996044	-41,112785	-0,14815629	-0,014627814	-0,019871673	-0,018647425
41885	99,401367	-42,946045	-43,01424	-0,15326142	-0,015120223	-0,020585123	-0,019369867
41885	99,901367	-44,896046	-44,925728	-0,15819669	-0,015725106	-0,021292996	-0,020150486
41885	100,40137	-46,846043	-46,884178	-0,16303062	-0,016387433	-0,022091638	-0,020967782
41885	100,90137	-48,796043	-48,855953	-0,16800463	-0,017050922	-0,022850437	-0,02163671
41885	101,40137	-50,746044	-50,878494	-0,17255545	-0,017560422	-0,023573689	-0,022474431
41885	101,90137	-52,696045	-52,793568	-0,17730296	-0,018143252	-0,024344593	-0,023208026
41885	102,40137	-54,646046	-54,646618	-0,18154383	-0,018783957	-0,025182039	-0,023871373
41885	102,90137	-56,596043	-56,626648	-0,18621981	-0,019344375	-0,025842452	-0,024670646
41885	103,40137	-58,546043	-58,653961	-0,19027293	-0,020075247	-0,02661767	-0,02547301
41885	103,90137	-60,496044	-60,607727	-0,19545257	-0,020578563	-0,027343763	-0,026161585
41885	104,40137	-62,446045	-62,500679	-0,2001971	-0,021256939	-0,028088149	-0,026932061
41885	104,90137	-64,396042	-64,395889	-0,20402968	-0,02185972	-0,028802164	-0,027683601
41885	105,40137	-66,346046	-66,375748	-0,20988286	-0,022438735	-0,029612867	-0,028499246
41885	105,90137	-68,296043	-68,424889	-0,21337569	-0,023078293	-0,030358667	-0,029289771
41885	106,40137	-70,246048	-70,320061	-0,21817088	-0,023643509	-0,031012865	-0,029999729
41885	106,90137	-72,196045	-72,221481	-0,22241175	-0,024278	-0,031859413	-0,030712467
41885	107,40137	-74,146042	-74,150154	-0,22735298	-0,024840727	-0,032619014	-0,031490859
41885	107,90137	-76,096046	-76,11969	-0,23057759	-0,025415525	-0,033324879	-0,032217667
41885	108,40137	-78,046043	-78,144318	-0,23594201	-0,026093498	-0,034156956	-0,0329904
41885	108,90137	-79,996048	-80,114716	-0,23991764	-0,026716173	-0,034894574	-0,033769134
41885	109,40137	-81,946045	-81,956818	-0,24355352	-0,027229622	-0,035542272	-0,034438372
41885	109,90137	-83,896042	-83,893555	-0,24832487	-0,02786392	-0,036479946	-0,035267904
41885	110,40137	-85,846046	-85,934319	-0,25320649	-0,028467879	-0,03715596	-0,036012173
41885	110,90137	-87,796043	-87,864952	-0,25729537	-0,029182643	-0,037893668	-0,036750883
41885	111,40137	-89,746048	-89,763962	-0,26117563	-0,029777959	-0,038737137	-0,03751386
41885	111,90137	-91,696045	-91,707817	-0,26544034	-0,030399263	-0,039571252	-0,038288519
41885	112,40137	-93,646042	-93,624092	-0,27037263	-0,031045049	-0,040193725	-0,038948119
41885	112,90137	-95,596046	-95,654549	-0,27405918	-0,031720772	-0,041092388	-0,039749946
41885	113,40137	-97,546043	-97,653442	-0,27823448	-0,032322079	-0,041878112	-0,040571481
41885	113,90137	-99,496048	-99,529198	-0,28215647	-0,032926008	-0,042577047	-0,041240674
41885	114,40137	-101,44604	-101,45081	-0,28626025	-0,033531323	-0,043326117	-0,041960169
41885	114,90137	-103,39604	-103,44279	-0,28997958	-0,034108013	-0,044198751	-0,042752743
41885	115,40137	-105,34605	-105,42912	-0,29430687	-0,034728974	-0,044861205	-0,043370821
41885	115,90137	-107,29604	-107,41818	-0,29912591	-0,035434023	-0,045638565	-0,044197343
41885	116,40137	-109,24605	-109,28302	-0,3034234	-0,036108196	-0,046447057	-0,044985965
41885	116,90137	-111,19604	-111,19378	-0,30791759	-0,036715567	-0,047245033	-0,045651469
41885	117,40137	-113,14605	-113,20703	-0,31082034	-0,037310943	-0,047922097	-0,046454512
41885	117,90137	-115,09605	-115,21329	-0,31574667	-0,037945047	-0,048753414	-0,047207765
41885	118,40137	-117,04604	-117,11391	-0,31923354	-0,038572297	-0,049513936	-0,047868505
41885	118,90137	-118,99605	-119,00679	-0,32300353	-0,039228335	-0,050198343	-0,04864331
41885	119,40137	-120,94604	-120,97234	-0,32762885	-0,039876819	-0,05092673	-0,049391367
41885	119,90137	-122,89605	-122,95417	-0,33145547	-0,040540069	-0,051822603	-0,050118141
41885	120,40137	-124,84605	-125,00504	-0,33594072	-0,041249678	-0,052682448	-0,050879788
41885	120,90137	-126,79604	-126,85799	-0,33987164	-0,041869089	-0,053388003	-0,051574394
41885	121,40137	-128,74605	-128,74397	-0,34331977	-0,042539224	-0,054130819	-0,052340645
41885	121,90137	-130,69604	-130,74194	-0,34742355	-0,043193907	-0,055004783	-0,053129781
41885	122,40137	-131,37158	-131,53978	-0,34953952	-0,043471023	-0,055343818	-0,053459529
41885	122,90137	-129,42159	-129,5778	-0,34627318	-0,042961419	-0,054823663	-0,052888919
41885	123,40137	-127,47158	-127,5415	-0,34321547	-0,042448848	-0,054164894	-0,052365083
41885	123,90137	-125,52158	-125,45554	-0,33971965	-0,041814327	-0,053354464	-0,051618811
41885	124,40137	-123,57158	-123,53188	-0,33574998	-0,041306421	-0,052843828	-0,051046573
41885	124,90137	-121,62158	-121,65886	-0,33303201	-0,040651292	-0,0522012	-0,05046048
41885	125,40137	-119,67159	-119,67146	-0,32978952	-0,040130571	-0,051489498	-0,049757194
41885	125,90137	-117,72158	-117,64101	-0,32536983	-0,039481044	-0,050846148	-0,049180277
41885	126,40137	-115,77158	-115,70483	-0,32206774	-0,038917899	-0,050159238	-0,048560545
41885	126,90137	-113,82158	-113,73952	-0,31781197	-0,038365453	-0,04954702	-0,047831472
41885	127,40137	-111,87158	-111,86068	-0,31433105	-0,037786797	-0,048846636	-0,047242973
41885	127,90137	-109,92159	-109,89112	-0,31112432	-0,037239283	-0,048158657	-0,046577211
41885	128,40137	-107,97158	-107,84245	-0,30832589	-0,036578968	-0,047464386	-0,045839299
41885	128,90137	-106,02158	-105,91123	-0,303334	-0,036020741	-0,046763778	-0,045179136
41885	129,40137	-104,07158	-104,03336	-0,29956996	-0,035428762	-0,046091516	-0,044571053
41885	129,90137	-102,12158	-102,1133	-0,29579103	-0,034897894	-0,045408703	-0,043852486
41885	130,40137	-100,17158	-100,09391	-0,29181242	-0,034276351	-0,044747077	-0,043190222
41885	130,90137	-98,221581	-98,142418	-0,28774738	-0,033696026	-0,044038884	-0,042605519
41885	131,40137	-96,271584	-96,16951	-0,28504133	-0,033075854	-0,043343838	-0,041782193
41885	131,90137	-94,321579	-94,276688	-0,27985573	-0,032496974	-0,042718451	-0,041221794
41885	132,40137	-92,371582	-92,398529	-0,27744174	-0,031937942	-0,041974772	-0,040579796
41885	132,90137	-90,421577	-90,301445	-0,2732873	-0,031348616	-0,041262854	-0,039771322
41885	133,40137	-88,471581	-88,345161	-0,26918054	-0,0307872	-0,04055335	-0,039099976
41885	133,90137	-86,521584	-86,441971	-0,26488006	-0,030117974	-0,039835036	-0,038446914
41885	134,40137	-84,571579	-84,51255	-0,26042759	-0,029516459	-0,039094474	-0,03767851
41885	134,90137	-82,621582	-82,600189	-0,25705695	-0,028967395	-0,03847383	-0,037059098
41885	135,40137	-80,671577	-80,597488	-0,25324225	-0,028260961	-0,037771977	-0,036317006
41885	135,90137	-78,721581	-78,589836	-0,24952292	-0,027661711	-0,036914781	-0,035542566
41885	136,40137	-76,771584	-76,720558	-0,24465024	-0,027140677	-0,036216367	-0,034891538
41885	136,90137	-74,821579	-74,821381	-0,24075508	-0,02655147	-0,035595249	-0,034182169
41885	137,40137	-72,871582	-72,791496	-0,23624003	-0,025921002	-0,034773093	-0,033353478
41885	137,90137	-70,921577	-70,79908	-0,2319783	-0,025311515	-0,03406202	-0,032664772
41885	138,40137	-68,971581	-68,862495	-0,22830665	-0,02473782	-0,03334146	-0,03193688
41885	138,90137	-67,021584	-67,000923	-0,22372007	-0,024218634	-0,032624695	-0,031211603
41885	139,40137	-65,071579	-65,114403	-0,21878183	-0,023633435	-0,031923112	-0,030521873
41885	139,90137	-63,121582	-63,053501	-0,21470189	-0,023018524	-0,031120574	-0,029689755
41885	140,40137	-61,171581	-61,085304	-0,21073222	-0,022390887	-0,030299116	-0,028948683
41885	140,90137	-59,221581	-59,212341	-0,20620227	-0,021829903	-0,02947583	-0,028240312
41885	141,40137	-57,27158	-57,250977	-0,20090342	-0,021199822	-0,028844373	-0,02733621
41885	141,90137	-55,321579	-55,320415	-0,19654334	-0,020655647	-0,028133584	-0,02666527
41885	142,40137	-53,371578	-53,307667	-0,19201934	-0,020039231	-0,02733063	-0,02586564
41885	142,90137	-51,421581	-51,292339	-0,18762648	-0,019334495	-0,026581781	-0,025031742
41885	143,40137	-49,471581	-49,41172	-0,18132627	-0,018814236	-0,025881106	-0,024379525
41885	143,90137	-47,52158	-47,5215	-0,17726421	-0,01830481	-0,025049938	-0,023495667
41885	144,40137	-45,571579	-45,569904	-0,17247796	-0,017543912	-0,024315903	-0,022753321
41885	144,90137	-43,621578	-43,565689	-0,16783178	-0,0170075	-0,023603925	-0,021998059
41885	145,40137	-41,671581	-41,536747	-0,16201735	-0,016328022	-0,022702288	-0,021066867
41885	145,90137	-39,721581	-39,648975	-0,1578331	-0,015730202	-0,021887807	-0,020281948
41885	146,40137	-37,77158	-37,77549	-0,15175939	-0,015195638	-0,021267757	-0,01953027
41885	146,90137	-35,821579	-35,772892	-0,14629662	-0,014487475	-0,020547302	-0,018645819
41885	147,40137	-33,871578	-33,785641	-0,14052987	-0,013926253	-0,019614462	-0,017845128
41885	147,90137	-31,921579	-31,832653	-0,13647079	-0,013322979	-0,018910768	-0,017012861
41885	148,40137	-29,971579	-29,93553	-0,13047755	-0,012715101	-0,018181864	-0,016235184
41885	148,90137	-28,02158	-28,028179	-0,12597144	-0,011995628	-0,017384576	-0,015407763
41885	149,40137	-26,071579	-25,998825	-0,11962056	-0,01140666	-0,016637186	-0,01451429
41885	149,90137	-24,12158	-24,045795	-0,11492372	-0,010798693	-0,015804484	-0,013695285
41885	150,40137	-22,171579	-22,061598	-0,10797083	-0,010159194	-0,015063236	-0,012776256
41885	150,90137	-20,221579	-20,219536	-0,10168552	-0,0096125305	-0,014384945	-0,012026552
41885	151,40137	-18,27158	-18,314392	-0,096336007	-0,0089278072	-0,013548659	-0,01115698
41885	151,90137	-16,321579	-16,370932	-0,09060204	-0,0082031339	-0,012780894	-0,010248702
41885	152,40137	-14,371579	-14,394258	-0,083237886	-0,0076049417	-0,011984363	-0,0094740205
41885	152,90137	-12,421579	-12,412051	-0,076761842	-0,0068740398	-0,011334821	-0,008473739
41885	153,40137	-10,471579	-10,519281	-0,070059299	-0,0062208772	-0,010537815	-0,0076270141
41885	153,90137	-8,5215788	-8,5580597	-0,061637163	-0,0055447221	-0,0097904392	-0,0068148747
41885	154,40137	-6,571579	-6,5737219	-0,053521991	-0,0048122257	-0,0090492954	-0,0058683902
41885	154,90137	-4,6215787	-4,624568	-0,043287873	-0,0040853471	-0,0083685061	-0,005033318
41885	155,40137	-3,927	-3,8145092	-0,039276481	-0,0036966652	-0,0079707168	-0,004545033
41885	155,90137	-3,927	-3,9250329	-0,039082766	-0,0037307739	-0,0079212943	-0,0045378506
41885	156,40137	-3,927	-3,9430504	-0,039124489	-0,0036821365	-0,0079602906	-0,0044663921
41885	156,90137	-3,927	-3,9650612	-0,038933754	-0,0037069917	-0,0079239262	-0,0045072995
41885	157,40137	-3,927	-3,9560013	-0,039437413	-0,0036525726	-0,0078138076	-0,0044228435
41885	157,90137	-3,927	-3,9962177	-0,038918853	-0,0035963953	-0,0078725852	-0,0044375248
41885	158,40137	-3,927	-3,8301721	-0,037932396	-0,0035775453	-0,0078543667	-0,0042602532
41885	158,90137	-3,927	-3,8141272	-0,03747642	-0,0035407096	-0,0078082159	-0,0043349415
41885	159,40137	-3,927	-3,8146191	-0,039118528	-0,0034563839	-0,0077048345	-0,0042717606
41885	159,90137	-3,927	-3,8678181	-0,038388371	-0,0035534501	-0,0077775777	-0,0042868182
41885	160,40137	-3,927	-3,9366875	-0,037783384	-0,0035581142	-0,0076765614	-0,0043568648
41885	160,90137	-3,927	-3,9136279	-0,037613511	-0,0035229921	-0,0077025294	-0,0042525269
41885	161,40137	-3,927	-3,9061103	-0,037804246	-0,0035119355	-0,0076678162	-0,0042733699
41885	161,90137	-3,927	-3,8883257	-0,038307905	-0,0035362691	-0,0075471527	-0,004239291
41885	162,40137	-3,927	-3,8963799	-0,038209558	-0,0034440011	-0,007737332	-0,004197903
41885	162,90137	-3,927	-4,0190535	-0,038355589	-0,0034938902	-0,0077522048	-0,0042744428
41885	163,40137	-3,927	-3,9709396	-0,038468838	-0,0035359263	-0,0076457746	-0,004221227
41885	163,90137	-3,927	-3,9168224	-0,038316846	-0,0035936087	-0,0075912061	-0,0042273365
41885	164,40137	-3,927	-3,8964601	-0,038215518	-0,0035053194	-0,0075537562	-0,0041989349
41885	164,90137	-3,927	-3,9394982	-0,037640333	-0,0034618974	-0,0076001892	-0,0041904896
41885	165,40137	-3,927	-4,0056705	-0,038647652	-0,0035415143	-0,0075657587	-0,0042728148
41885	165,90137	-3,927	-3,9454048	-0,038293004	-0,0034935325	-0,0075572664	-0,0041321106
41885	166,40137	-3,927	-3,9134715	-0,037845969	-0,0034767389	-0,0075761843	-0,0041291937
41885	166,90137	-3,927	-3,9309263	-0,038197637	-0,0034573823	-0,0076153446	-0,0042047426
41885	167,40137	-3,927	-3,9448459	-0,038149953	-0,0034942329	-0,0075476137	-0,0041348152
41885	167,90137	-3,927	-3,9893837	-0,037318468	-0,0035240352	-0,0076868683	-0,0041327029
41885	168,40137	-3,927	-3,9548073	-0,037953258	-0,0034335852	-0,0075711873	-0,0041030049
41885	168,90137	-3,927	-3,8914046	-0,037285686	-0,0034117103	-0,0075400136	-0,0041048639
41885	169,40137	-3,927	-3,937753	-0,037369132	-0,0033977181	-0,0076491805	-0,0041704141
41885	169,90137	-3,927	-3,943706	-0,037515163	-0,0034454018	-0,0075760358	-0,0040602572
41885	170,40137	-3,927	-3,9974284	-0,037613511	-0,003426671	-0,0075445799	-0,0041662492
41885	170,90137	-3,927	-3,9547551	-0,037574768	-0,0034388751	-0,0076120133	-0,0041481555
41885	171,40137	-3,927	-3,8658102	-0,037845969	-0,0033499599	-0,0074371533	-0,0040686391
41885	171,90137	-3,927	-3,9325655	-0,037351251	-0,0033932924	-0,0075550056	-0,0041056834
41885	172,40137	-3,927	-3,9835627	-0,038227439	-0,0034010559	-0,0075640632	-0,0040967651
41885	172,90137	-3,927	-3,9483178	-0,037372112	-0,0034622252	-0,0075150421	-0,0040380917
41885	173,40137	-3,927	-3,9337072	-0,037392974	-0,0033767521	-0,0074248235	-0,0041136853
41885	173,90137	-3,927	-3,8768201	-0,037553906	-0,0033801198	-0,0074114529	-0,0040293299
41885	174,40137	-3,927	-3,937386	-0,037404895	-0,0033722669	-0,0074912459	-0,0040105842
41885	174,90137	-3,927	-3,9782393	-0,036844611	-0,0034144223	-0,0074792877	-0,0040761866
41885	175,40137	-3,927	-3,9455798	-0,037518144	-0,0033510178	-0,0075221662	-0,0041060597
41885	175,90137	-3,927	-3,9241762	-0,037518144	-0,0034491122	-0,0075568496	-0,0041011833
41885	176,40137	-3,927	-3,8915725	-0,03798306	-0,0033450127	-0,0074228453	-0,0040149949
41885	176,90137	-3,927	-3,9731133	-0,036349893	-0,0033587068	-0,0074822181	-0,00409697
41885	177,40137	-3,927	-3,9854515	-0,037580729	-0,0033655912	-0,0075014783	-0,0040242225
41885	177,90137	-3,927	-3,9595234	-0,037756562	-0,0034194142	-0,0074424478	-0,0040392689
41885	178,40137	-3,927	-3,903687	-0,037643313	-0,0034009069	-0,0073547871	-0,0039934143
41885	178,90137	-3,927	-3,8759391	-0,037318468	-0,0033145547	-0,0074134013	-0,0040495992
41885	179,40137	-3,927	-3,9371121	-0,037491322	-0,0033703744	-0,0075423489	-0,0040104166
41885	179,90137	-3,927	-3,9724669	-0,036790967	-0,0033527166	-0,0074054888	-0,0039809234
41885	180,40137	-3,927	-3,9742179	-0,037059188	-0,0033556968	-0,0074288691	-0,0040487461
41885	180,90137	-3,927	-3,9300323	-0,037613511	-0,0034255832	-0,0074746031	-0,0039406717
41885	181,40137	-3,927	-3,9428473	-0,037831068	-0,0033881515	-0,0074511487	-0,0040155239
41885	181,90137	-3,927	-3,9894078	-0,037449598	-0,0033501536	-0,0074012354	-0,0040092357
41885	182,40137	-3,927	-3,9754286	-0,037375093	-0,0033592582	-0,0074761794	-0,0039900318
41885	182,90137	-3,927	-3,9177854	-0,037297606	-0,003382355	-0,0073783309	-0,0039505064
41885	183,40137	-3,927	-3,8856995	-0,037238002	-0,0033416599	-0,0073557836	-0,0039429441
41885	183,90137	-3,927	-3,9334464	-0,036996603	-0,0033953041	-0,0073466073	-0,0040013194
41885	184,40137	-3,927	-3,9508641	-0,037384033	-0,0034027547	-0,0074033621	-0,0039506443
41885	184,90137	-3,927	-3,9598253	-0,037249923	-0,003370285	-0,0074418383	-0,0039672703
41885	185,40137	-5,153367	-4,9674177	-0,040993094	-0,0036629736	-0,0077688922	-0,0043123923
41885	185,90137	-7,1033673	-6,0894022	-0,046220422	-0,0040048659	-0,0080578718	-0,0047864541
41885	186,40137	-9,0533676	-9,2279043	-0,057399273	-0,0049636811	-0,0091307992	-0,0059868246
41885	186,90137	-11,003367	-11,192211	-0,064080954	-0,0055411458	-0,009797221	-0,0066372529
41885	187,40137	-12,953367	-13,112616	-0,070828199	-0,0062235743	-0,010549595	-0,0074408166
41885	187,90137	-14,903367	-14,979883	-0,076767802	-0,0067012608	-0,011200609	-0,0081075057
41885	188,40137	-16,853367	-16,925192	-0,083050132	-0,0072988868	-0,011908704	-0,0088913664
41885	188,90137	-18,803368	-18,940351	-0,089260936	-0,007985428	-0,012644762	-0,0097231828
41885	189,40137	-20,753368	-20,890224	-0,094243884	-0,0085313767	-0,013381757	-0,010383449
41885	189,90137	-22,703367	-22,795996	-0,10108054	-0,0091901869	-0,01407208	-0,011260964
41885	190,40137	-24,653368	-24,645319	-0,1054734	-0,009707287	-0,014763772	-0,011843931
41885	190,90137	-26,603367	-26,681763	-0,11064112	-0,01034832	-0,015563128	-0,01270853
41885	191,40137	-28,553368	-28,678034	-0,11641979	-0,010914758	-0,016308941	-0,01345646
41885	191,90137	-30,503368	-30,612509	-0,12114048	-0,011545151	-0,017047141	-0,014240835
41885	192,40137	-32,453369	-32,471882	-0,12631416	-0,012138575	-0,017710321	-0,014995638
41885	192,90137	-34,403366	-34,394356	-0,13146996	-0,012703761	-0,018579712	-0,015722807
41885	193,40137	-36,353367	-36,399643	-0,13732314	-0,013302803	-0,019258287	-0,016549043
41885	193,90137	-38,303368	-38,428566	-0,14269054	-0,013914987	-0,019995162	-0,017247364
41885	194,40137	-40,253368	-40,365665	-0,14653504	-0,014490128	-0,020763524	-0,018126078
41885	194,90137	-42,203369	-42,19632	-0,15192032	-0,015047088	-0,021487875	-0,01872338
41885	195,40137	-44,15337	-44,137009	-0,15697181	-0,01567024	-0,022204718	-0,019508813
41885	195,90137	-46,103367	-46,147755	-0,16200244	-0,016383812	-0,022972988	-0,020354401
41885	196,40137	-48,053368	-48,155647	-0,16665459	-0,016963571	-0,023818435	-0,021145809
41885	196,90137	-50,003368	-50,063297	-0,17167628	-0,017530218	-0,02451624	-0,021853644
41885	197,40137	-51,953369	-51,943512	-0,1763165	-0,018107831	-0,025266932	-0,022561405
41885	197,90137	-53,90337	-53,938705	-0,17996132	-0,018778279	-0,026082946	-0,023434479
41885	198,40137	-55,853367	-55,936241	-0,18413961	-0,019480139	-0,026930684	-0,0241489
41885	198,90137	-57,803368	-57,920933	-0,18976331	-0,020048812	-0,027613437	-0,024937246
41885	199,40137	-59,753368	-59,766113	-0,19389689	-0,020607084	-0,028374942	-0,02565024
41885	199,90137	-61,703369	-61,694672	-0,19830167	-0,02125138	-0,029165404	-0,026414949
41885	200,40137	-63,65337	-63,697456	-0,20332932	-0,021832436	-0,029912615	-0,027216505
41885	200,90137	-65,603371	-65,694489	-0,2078414	-0,022448301	-0,030764265	-0,028018437
41885	201,40137	-67,553368	-67,673058	-0,21310449	-0,023139521	-0,031555142	-0,02883688
41885	201,90137	-69,503372	-69,502075	-0,21650493	-0,023753941	-0,032211229	-0,029431455
41885	202,40137	-71,453369	-71,450996	-0,22138357	-0,024327666	-0,033078242	-0,030266579
41885	202,90137	-73,403366	-73,465096	-0,2258718	-0,024968714	-0,033871382	-0,031034943
41885	203,40137	-75,353371	-75,457573	-0,23081601	-0,025626972	-0,034671571	-0,031782005
41885	203,90137	-77,303368	-77,377266	-0,2345562	-0,026251927	-0,035383772	-0,03255453
41885	204,40137	-79,253372	-79,210014	-0,2397418	-0,026809961	-0,036275279	-0,033250876
41885	204,90137	-81,203369	-81,158844	-0,24393797	-0,027491823	-0,036966659	-0,033998676
41885	205,40137	-83,153366	-83,220634	-0,24814904	-0,028113544	-0,037813637	-0,034864686
41885	205,90137	-85,103371	-85,182343	-0,25269389	-0,028693527	-0,038569894	-0,03559605
41885	206,40137	-87,053368	-87,063889	-0,25691688	-0,029317737	-0,039369963	-0,036384735
41885	206,90137	-89,003372	-88,945328	-0,26115179	-0,029993728	-0,039999783	-0,037010521
41885	207,40137	-90,953369	-90,948242	-0,26548505	-0,030590758	-0,040876612	-0,037842751
41885	207,90137	-92,903366	-93,01104	-0,26863515	-0,031240195	-0,041680988	-0,038620524
41885	208,40137	-94,853371	-94,921921	-0,27469695	-0,031881511	-0,04242361	-0,039288856
41885	208,90137	-96,803368	-96,860222	-0,27835071	-0,032473817	-0,043191712	-0,040171936
41885	209,40137	-98,753372	-98,695183	-0,28235316	-0,033094585	-0,043927465	-0,040768117
41885	209,90137	-100,70337	-100,71574	-0,28645396	-0,033794403	-0,044726908	-0,041567959
41885	210,40137	-102,65337	-102,73562	-0,29093623	-0,034317821	-0,045485485	-0,042307399
41885	210,90137	-104,60337	-104,67666	-0,29518604	-0,034999117	-0,046351336	-0,043078911
41885	211,40137	-106,55337	-106,58649	-0,29926002	-0,035645604	-0,047034714	-0,043818932
41885	211,90137	-108,50337	-108,47845	-0,30321479	-0,036215082	-0,047746159	-0,044497073
41885	212,40137	-110,45337	-110,53159	-0,30760765	-0,03691487	-0,048581589	-0,045334749
41885	212,90137	-112,40337	-112,47038	-0,31147599	-0,037485495	-0,049517706	-0,045993909
41885	213,40137	-114,35337	-114,42297	-0,31512082	-0,03827402	-0,050167777	-0,046800405
41885	213,90137	-116,30337	-116,30332	-0,31876266	-0,038836643	-0,05093671	-0,047448903
41885	214,40137	-118,25337	-118,25628	-0,32400787	-0,039514482	-0,051676985	-0,048212551
41885	214,90137	-120,20337	-120,27631	-0,32778978	-0,04012537	-0,052440058	-0,049004249
41885	215,40137	-122,15337	-122,25719	-0,33065081	-0,040854096	-0,053299516	-0,049748182
41885	215,90137	-124,10337	-124,21468	-0,33527613	-0,041543484	-0,054088343	-0,050496776
41885	216,40137	-126,05337	-126,03664	-0,3396064	-0,042037815	-0,054637767	-0,05113456
41885	216,90137	-128,00337	-128,04056	-0,34348667	-0,04269506	-0,055476174	-0,051991083
41885	217,40137	-129,95337	-130,00441	-0,34742057	-0,043414623	-0,056303058	-0,052623197
41885	217,90137	-131,90337	-132,00755	-0,35125911	-0,044112407	-0,057060838	-0,053431541
41885	218,40137	-132	-132,09999	-0,35183132	-0,04421258	-0,057182897	-0,053549372
41885	218,90137	-132	-132,01808	-0,3526926	-0,04421676	-0,057336356	-0,05363632
41885	219,40137	-132	-132,03278	-0,35264492	-0,044201396	-0,057334177	-0,05365444
41885	219,90137	-132	-132,06499	-0,35274923	-0,044338986	-0,057396822	-0,053707443
41885	220,40137	-132	-132,10568	-0,35167336	-0,044336036	-0,057586726	-0,053855814
41885	220,90137	-132	-131,98425	-0,35361648	-0,044373885	-0,057651885	-0,053807594
41885	221,40137	-132	-131,9754	-0,35291314	-0,044369705	-0,057462618	-0,053817686
41885	221,90137	-132	-131,99428	-0,35305023	-0,044409849	-0,057589486	-0,053877778
41885	222,40137	-132	-132,0524	-0,35288036	-0,044504896	-0,057680678	-0,053985879
41885	222,90137	-132	-132,05975	-0,35322011	-0,044560552	-0,057612188	-0,053988032
41885	223,40137	-132	-131,9688	-0,35344958	-0,04438442	-0,057743017	-0,05398912
41885	223,90137	-132	-131,97546	-0,35382509	-0,044477545	-0,057736423	-0,054034714
41885	224,40137	-132	-132,0011	-0,35319924	-0,044611633	-0,057760514	-0,054050848
41885	224,90137	-132	-132,08199	-0,35461187	-0,044603735	-0,057856094	-0,054192163
41885	225,40137	-132	-132,01083	-0,35380125	-0,044650726	-0,057900097	-0,054091491
41885	225,90137	-132	-131,98578	-0,35460889	-0,04466217	-0,057808213	-0,054161023
41885	226,40137	-132	-131,94722	-0,35392344	-0,044631958	-0,057777353	-0,05411721
41885	226,90137	-132	-132,06474	-0,35381615	-0,044676341	-0,057916731	-0,054244321
41885	227,40137	-132	-132,05618	-0,354895	-0,04467123	-0,057949401	-0,054235145
41885	227,90137	-132	-132,01715	-0,35522878	-0,044701405	-0,057993088	-0,054253884
41885	228,40137	-132	-131,93365	-0,35502315	-0,044667751	-0,058018975	-0,054214507
41885	228,90137	-132	-132,0087	-0,3537178	-0,044758432	-0,058015361	-0,054348499
41885	229,40137	-132	-132,04422	-0,35470128	-0,044756256	-0,058032852	-0,054271795
41885	229,90137	-132	-132,0737	-0,35495758	-0,044879831	-0,058095414	-0,054437317
41885	230,40137	-132	-131,96521	-0,3554523	-0,044838063	-0,058166336	-0,054341488
41885	230,90137	-132	-131,96916	-0,35508871	-0,04488828	-0,058064092	-0,054384731
41885	231,40137	-132	-131,99625	-0,35485625	-0,044854932	-0,058122408	-0,054382078
41885	231,90137	-132	-132,06653	-0,35513341	-0,044864155	-0,058238216	-0,054478314
41885	232,40137	-132	-132,01555	-0,3549993	-0,044863611	-0,058111798	-0,054469101
41885	232,90137	-132	-131,97444	-0,35532713	-0,044927709	-0,058177013	-0,054488514
41885	233,40137	-132	-131,94962	-0,3556937	-0,044950649	-0,058237407	-0,054465733
41885	233,90137	-132	-132,02725	-0,35516322	-0,044945009	-0,058242396	-0,05453565
41885	234,40137	-132	-132,05392	-0,35589337	-0,045086272	-0,058253031	-0,054509263
41885	234,90137	-132	-131,99345	-0,35522282	-0,044963211	-0,058261424	-0,054565795
41885	235,40137	-132	-131,95332	-0,35580397	-0,044987395	-0,05836717	-0,054536548
41885	235,90137	-132	-131,97745	-0,35629272	-0,045005627	-0,058278803	-0,054562647
41885	236,40137	-132	-132,03125	-0,35497248	-0,045032687	-0,058369685	-0,054551139
41885	236,90137	-132	-132,03702	-0,35606921	-0,045032866	-0,05839929	-0,054629602
41885	237,40137	-132	-131,99774	-0,35586655	-0,045041382	-0,058327541	-0,054613061
41885	237,90137	-132	-131,95422	-0,35625696	-0,04506395	-0,058287393	-0,054603282
41885	238,40137	-132	-132,00462	-0,35530031	-0,045072258	-0,058390573	-0,054646499
41885	238,90137	-132	-132,05713	-0,35640001	-0,045069918	-0,058453821	-0,054700859
41885	239,40137	-132	-132,06429	-0,35623908	-0,045124248	-0,058456209	-0,05473084
41885	239,90137	-132	-131,94817	-0,35608411	-0,045059919	-0,058427561	-0,054679964
41885	240,40137	-132	-131,97803	-0,35658181	-0,045144409	-0,058500528	-0,054730441
41885	240,90137	-132	-131,98186	-0,3559947	-0,045094267	-0,058454446	-0,054708906
41885	241,40137	-132	-132,07426	-0,35625696	-0,045164451	-0,058528617	-0,054769076
41885	241,90137	-132	-131,98154	-0,35732985	-0,045163006	-0,058566861	-0,054732669
41885	242,40137	-132	-131,9588	-0,35609305	-0,04516533	-0,058527485	-0,054768384
41885	242,90137	-132	-131,94783	-0,35681129	-0,045145258	-0,058565039	-0,054739401
41885	243,40137	-132	-132,02969	-0,35667121	-0,04515741	-0,058581475	-0,054801609
41885	243,90137	-132	-132,04239	-0,3569752	-0,045186885	-0,058555268	-0,054784872
41885	244,40137	-132	-131,97746	-0,35683215	-0,045219362	-0,058577884	-0,054835517
41885	244,90137	-132	-131,929	-0,35683811	-0,045246661	-0,058629207	-0,054784045
41885	245,40137	-132	-131,96724	-0,35673082	-0,045212425	-0,058522638	-0,05484629
41885	245,90137	-132	-132,02281	-0,35674572	-0,045261964	-0,058555216	-0,054843359
41885	246,40137	-132	-132,03329	-0,35689473	-0,045306578	-0,058664426	-0,05489134
41885	246,90137	-132	-131,94386	-0,35637915	-0,045237355	-0,058579877	-0,054857232
41885	247,40137	-132	-131,92908	-0,35700798	-0,045319073	-0,058583897	-0,054914817
41885	247,90137	-132	-131,96255	-0,35648942	-0,045343526	-0,058619451	-0,054910738
41885	248,40137	-129,66113	-129,70076	-0,35255253	-0,044618204	-0,057987578	-0,054239899
41885	248,90137	-127,16113	-127,12858	-0,34847558	-0,043927014	-0,056938544	-0,053329371
41885	249,40137	-124,66113	-124,56205	-0,34391582	-0,043117076	-0,056196865	-0,052600414
41885	249,90137	-122,16113	-122,06252	-0,33920407	-0,042312905	-0,055414852	-0,051686268
41885	250,40137	-119,66113	-119,6062	-0,3347367	-0,041563407	-0,054452155	-0,050911628
41885	250,90137	-117,16113	-117,1208	-0,32954812	-0,040882081	-0,053582978	-0,050050378
41885	251,40137	-114,66113	-114,57288	-0,3259033	-0,040109888	-0,052738313	-0,049201697
41885	251,90137	-112,16113	-112,00714	-0,32051206	-0,039276272	-0,051853035	-0,048336029
41885	252,40137	-109,66113	-109,55405	-0,31653643	-0,038597062	-0,051022179	-0,047563206
41885	252,90137	-107,16113	-107,079	-0,31093955	-0,037834316	-0,050110813	-0,046677865
41885	253,40137	-104,66113	-104,59666	-0,30671656	-0,037127316	-0,049168419	-0,045810249
41885	253,90137	-102,16113	-102,00977	-0,30216575	-0,036287457	-0,048329443	-0,044830568
41885	254,40137	-99,661133	-99,526207	-0,29690862	-0,035472184	-0,047503907	-0,044083059
41885	254,90137	-97,161133	-97,055611	-0,29142499	-0,034761652	-0,046477832	-0,04317081
41885	255,40137	-94,661133	-94,625908	-0,28600097	-0,03402707	-0,045694724	-0,042371713
41885	255,90137	-92,161133	-92,04451	-0,28217733	-0,033258468	-0,044745203	-0,041353703
41885	256,40137	-89,661133	-89,508118	-0,27631819	-0,032448113	-0,043894656	-0,040558539
41885	256,90137	-87,161133	-87,010834	-0,2718389	-0,03168869	-0,042930484	-0,039556265
41885	257,40137	-84,661133	-84,599678	-0,2656728	-0,030967861	-0,042021569	-0,038794398
41885	257,90137	-82,161133	-82,12899	-0,26124418	-0,030172661	-0,041104998	-0,037777953
41885	258,40137	-79,661133	-79,600739	-0,25604367	-0,029350311	-0,040129237	-0,036952667
41885	258,90137	-77,161133	-77,015282	-0,25084317	-0,028676063	-0,039155185	-0,035918266
41885	259,40137	-74,661133	-74,570343	-0,24460852	-0,027865589	-0,038207799	-0,035061404
41885	259,90137	-72,161133	-72,099594	-0,23964345	-0,027080595	-0,037246626	-0,034068227
41885	260,40137	-69,661133	-69,63929	-0,23382902	-0,026296318	-0,036414728	-0,033202488
41885	260,90137	-67,161133	-67,042252	-0,22826493	-0,025545985	-0,035400935	-0,032140665
41885	261,40137	-64,661133	-64,569565	-0,22314191	-0,02472873	-0,03434331	-0,031300779
41885	261,90137	-62,161133	-62,079155	-0,21701157	-0,024010584	-0,033390481	-0,030168157
41885	262,40137	-59,661133	-59,706108	-0,21179318	-0,02332668	-0,032514799	-0,029362589
41885	262,90137	-57,161133	-57,129841	-0,205338	-0,022481263	-0,031526722	-0,028264888
41885	263,40137	-54,661133	-54,570602	-0,20013154	-0,021683365	-0,030462584	-0,027286507
41885	263,90137	-52,161133	-52,014011	-0,19304752	-0,02086781	-0,029555697	-0,026192505
41885	264,40137	-49,661133	-49,622925	-0,18719435	-0,020061821	-0,028529871	-0,025301084
41885	264,90137	-47,161133	-47,158722	-0,18073618	-0,019269824	-0,027415836	-0,024266735
41885	265,40137	-44,661133	-44,647179	-0,17467737	-0,018624336	-0,026513277	-0,023210295
41885	265,90137	-42,161133	-42,073727	-0,16800463	-0,017756581	-0,025477562	-0,022140861
41885	266,40137	-39,661133	-39,579674	-0,1617372	-0,017018184	-0,024432223	-0,021151554
41885	266,90137	-37,161133	-37,14645	-0,15481412	-0,016204074	-0,023567144	-0,020071127
41885	267,40137	-34,661133	-34,704136	-0,14749467	-0,015432552	-0,022538181	-0,019095544
41885	267,90137	-32,161133	-32,12265	-0,14126599	-0,014576882	-0,021420561	-0,017892476
41885	268,40137	-29,661133	-29,572901	-0,13354421	-0,013681009	-0,020384489	-0,016892247
41885	268,90137	-27,161133	-27,075222	-0,12660027	-0,012979165	-0,019513654	-0,015791468
41885	269,40137	-24,661133	-24,650684	-0,11918545	-0,012077391	-0,018516429	-0,014695127
41885	269,90137	-22,161133	-22,163219	-0,11202097	-0,011226043	-0,017454775	-0,013587914
41885	270,40137	-19,661133	-19,603918	-0,10381937	-0,010379329	-0,016411429	-0,012507055
41885	270,90137	-17,161133	-17,059818	-0,096651912	-0,0095767379	-0,015583354	-0,011341307
41885	271,40137	-14,661133	-14,638933	-0,08853972	-0,0087574422	-0,014406421	-0,010301717
41885	271,90137	-12,161133	-12,145041	-0,079402328	-0,0077688843	-0,013485137	-0,0091509596
41885	272,40137	-9,6611328	-9,6586094	-0,070270896	-0,0069210231	-0,012506505	-0,0081126615
41885	272,90137	-7,1611328	-7,0911927	-0,060170889	-0,0059811324	-0,011474522	-0,0068985932
41885	273,40137	-4,6611328	-4,6607833	-0,048714876	-0,0049994588	-0,010588636	-0,0058460645
41885	273,90137	-2,1611328	-2,2827704	-0,03451705	-0,0041370839	-0,0096218558	-0,0047959872
41885	274,40137	-1	-1,3027247	-0,026679039	-0,0036218762	-0,0090847528	-0,0043704249
41885	274,90137	-1	-0,80667806	-0,021797419	-0,0034215897	-0,0087477341	-0,0041605942
41885	275,40137	-1	-0,78027695	-0,020101666	-0,0033945739	-0,0086790062	-0,0041055307
41885	275,90137	-1	-0,80380774	-0,020095706	-0,0033901483	-0,0086663198	-0,0040074959
41885	276,40137	-1	-0,86018628	-0,021237135	-0,0033890456	-0,0086228317	-0,0039531812
41885	276,90137	-1	-0,89274532	-0,021696091	-0,0033531189	-0,0086179236	-0,0039259829
41885	277,40137	-1	-0,88180602	-0,019916892	-0,0033191741	-0,008632618	-0,0038768426
41885	277,90137	-1	-0,8944124	-0,020676851	-0,0033417642	-0,0085148253	-0,0038750395
41885	278,40137	-1	-0,92546457	-0,02104044	-0,0033000261	-0,0086063379	-0,0038305223
41885	278,90137	-1	-0,97293222	-0,020572543	-0,0032844841	-0,0085717132	-0,0038691387
41885	279,40137	-1	-0,99487233	-0,020483136	-0,0033164769	-0,0085552195	-0,0038773455
41885	279,90137	-1	-0,95277095	-0,021165609	-0,0032723546	-0,0085691409	-0,0038058273
41885	280,40137	-1	-0,94766355	-0,021532178	-0,0032159537	-0,0084891543	-0,0038232282
41885	280,90137	-1	-0,9740591	-0,021272898	-0,0032443553	-0,0086074378	-0,0037901513
41885	281,40137	-1	-1,0238085	-0,020140409	-0,0032050014	-0,0085095596	-0,0037796199
41885	281,90137	-1	-0,99502134	-0,020951033	-0,0032106936	-0,0084449966	-0,0037603825
41885	282,40137	-1	-0,96674079	-0,020888448	-0,0031947494	-0,0084565235	-0,0037301145
41885	282,90137	-1	-0,95737725	-0,020894408	-0,0032194704	-0,0083274124	-0,0036895424
41885	283,40137	-1	-1,0205097	-0,020959973	-0,003196165	-0,0083836615	-0,0037253127
41885	283,90137	-1	-1,0397471	-0,021147728	-0,0031907707	-0,0084250523	-0,0037429705
41885	284,40137	-1	-1,0163635	-0,020432472	-0,0031561106	-0,008352845	-0,0037135817
41885	284,90137	-1	-0,96198732	-0,020903349	-0,0031400919	-0,0083503909	-0,0036994033
41885	285,40137	-1	-0,98193622	-0,020700693	-0,0031756908	-0,0082792835	-0,0036782771
41885	285,90137	-1	-1,0383632	-0,020900369	-0,0031604618	-0,0083865169	-0,0037106983
41885	286,40137	-1	-1,0118558	-0,020477176	-0,0031422377	-0,0083407825	-0,0035685077
41885	286,90137	-1	-1,0070075	-0,019946694	-0,0031210184	-0,0084009878	-0,0037297569
41885	287,40137	-1	-0,94762444	-0,020357966	-0,0030993223	-0,008381594	-0,0035923384
41885	287,90137	-1	-1,0229442	-0,020346045	-0,0031412542	-0,0082540894	-0,0036858581
41885	288,40137	-1	-1,0553505	-0,020706654	-0,0031224191	-0,0083501525	-0,0036656335
41885	288,90137	-1	-1,0531806	-0,020501018	-0,0030799359	-0,00837499	-0,003634043
41885	289,40137	-1	-0,97382629	-0,019863248	-0,0030881613	-0,0083172387	-0,0035881735
41885	289,90137	-1	-0,98755026	-0,020095706	-0,0030984581	-0,0082040867	-0,0036133938
41885	290,40137	-1	-1,0106395	-0,021073222	-0,0031161159	-0,0082241055	-0,0035932809
41885	290,90137	-1	-1,0414664	-0,019475818	-0,0031585842	-0,0083687883	-0,0036113113
41885	291,40137	-1	-1,0173433	-0,020027161	-0,003120333	-0,0082395282	-0,0036083907
41885	291,90137	-1	-0,98971462	-0,020319223	-0,003092736	-0,0082569299	-0,0035367385
41885	292,40137	-1	-0,98481214	-0,020134449	-0,0031963885	-0,0083035706	-0,0035602525
41885	292,90137	-1	-0,99180824	-0,020378828	-0,0031098276	-0,0081707118	-0,0035219789
41885	293,40137	-1	-1,0551382	-0,02066493	-0,0030996501	-0,0081788618	-0,0036116391
41885	293,90137	-1	-0,98886716	-0,02027452	-0,0030643195	-0,0081571331	-0,0035009496
41885	294,40137	-1	-0,97446328	-0,019851327	-0,0030288547	-0,0082275709	-0,003544502
41885	294,90137	-1	-0,98967183	-0,02014935	-0,0030222982	-0,0082370741	-0,0035310239
41885	295,40137	-1	-1,026094	-0,019910932	-0,0030500293	-0,0081365192	-0,0034754053
41885	295,90137	-1	-1,0179207	-0,019162893	-0,0030328035	-0,0081247846	-0,0034766346
41885	296,40137	-1	-0,96079147	-0,020629168	-0,0030502379	-0,0080514466	-0,0034635887
41885	296,90137	-1	-0,95971489	-0,01938343	-0,0030014068	-0,0081796804	-0,0035102069
41885	297,40137	-1	-0,99060124	-0,019836426	-0,0030999035	-0,008152701	-0,0034237318
41885	297,90137	-1	-1,055982	-0,019228458	-0,0030402839	-0,0081708608	-0,0035161041
41885	298,40137	-1	-1,0068901	-0,019422174	-0,0029761642	-0,0081796655	-0,0034552664
41885	298,90137	-1	-0,9586159	-0,019285083	-0,0030423552	-0,0081882766	-0,00345622
41885	299,40137	-1	-0,9515267	-0,019368529	-0,0030152351	-0,0081762597	-0,0034778155
41885	299,90137	-1	-0,97727215	-0,019448996	-0,0029808134	-0,0081548123	-0,0034132861
41885	300,40137	-1	-1,0267887	-0,019145012	-0,0029772073	-0,0081493398	-0,003498435
41885	300,90137	-1	-0,96732563	-0,019529462	-0,0030275136	-0,0080764927	-0,0034067705
41885	301,40137	-1	-0,9886902	-0,019353628	-0,0030348748	-0,0080931941	-0,0034879483
41885	301,90137	-1	-0,95244312	-0,019189715	-0,0030129105	-0,0081235347	-0,0034703128
41885	302,40137	-1	-0,99862182	-0,019311905	-0,0030365735	-0,0080685355	-0,003449697
41885	302,90137	-1	-1,0282192	-0,01885891	-0,003079474	-0,0081674252	-0,0035182349
41885	303,40137	-1	-0,98738635	-0,019407272	-0,0030572861	-0,0081072049	-0,0034537539
41885	303,90137	-1	-0,97855181	-0,019857287	-0,0029853433	-0,0080042547	-0,0034143291
41885	304,40137	-1	-0,97609127	-0,01925528	-0,0030284822	-0,0080060838	-0,0034450479
41885	304,90137	-1	-0,98787433	-0,01912415	-0,0030232966	-0,008106268	-0,0033933148
41885	305,40137	-1	-1,0278989	-0,019097328	-0,0029895157	-0,0080476394	-0,0035302714
41885	305,90137	-1	-0,96944159	-0,019341707	-0,0030101091	-0,0080801211	-0,0034765936
41885	306,40137	-1	-0,95427781	-0,018560886	-0,0029420704	-0,0080972249	-0,0034234226
41885	306,90137	-1	-1,025524	-0,019851327	-0,0030326694	-0,0081121428	-0,0033881366
41885	307,40137	-1	-1,0262039	-0,019222498	-0,0030418336	-0,0080450512	-0,0034333989
41885	307,90137	-1	-1,0502878	-0,018936396	-0,0029734075	-0,0081194751	-0,0034972206
41885	308,40137	-1	-0,95853394	-0,019040704	-0,0029198378	-0,0080113346	-0,0034060776
41885	308,90137	-1	-0,96527672	-0,018623471	-0,0029833913	-0,0080052065	-0,0033775941
41885	309,40137	-1	-0,99653935	-0,019207597	-0,0030638278	-0,008157609	-0,0033895671
41885	309,90137	-1	-1,0045525	-0,019136071	-0,0029476583	-0,0080431029	-0,0033453107
41885	310,40137	-1	-1,025144	-0,019642711	-0,0029986054	-0,0080154389	-0,0034109913
41885	310,90137	-1	-0,95036811	-0,018826127	-0,0029859245	-0,0080123907	-0,003359925
41885	311,40137	-1	-0,95947456	-0,018817186	-0,0029779822	-0,008059225	-0,0033610724
41885	311,90137	-1	-1,0360088	-0,019586086	-0,0029541552	-0,0080002537	-0,0034465902
41885	312,40137	-1	-1,0125283	-0,019207597	-0,0030427426	-0,0079820054	-0,0033804849
41885	312,90137	-1	-0,99504179	-0,018978119	-0,0030321181	-0,0080852974	-0,0034284815
41885	313,40137	-1	-0,9425264	-0,019866228	-0,0029645264	-0,0079928916	-0,0033767372
41885	313,90137	-1	-0,97495317	-0,019606948	-0,0029432923	-0,0080288248	-0,0033668727
41885	314,40137	-1	-1,0332409	-0,018998981	-0,0029964596	-0,0080206599	-0,0034244396
41885	314,90137	-1	-1,0132194	-0,018587708	-0,0030186623	-0,0080732051	-0,0033526942
41885	315,40137	-1	-0,98479539	-0,018662214	-0,0029477477	-0,0079905866	-0,0033946857
41885	315,90137	-1	-0,97692198	-0,019258261	-0,0029770434	-0,008005742	-0,0034031607
41885	316,40137	-1	-0,97734666	-0,01898706	-0,0029903948	-0,0080660516	-0,0033181794
41885	316,90137	-1	-1,0643936	-0,019776821	-0,0030112416	-0,0079952423	-0,0034327023
41885	317,40137	-1	-1,0142158	-0,018811226	-0,0030284077	-0,0079473071	-0,003403917
41885	317,90137	-1	-0,98928249	-0,01834631	-0,0029980987	-0,0080144126	-0,0034032837
41885	318,40137	-1	-0,97186494	-0,018927455	-0,0030401796	-0,0078733293	-0,0033464618
41885	318,90137	-1	-0,9971	-0,019195676	-0,0029348135	-0,0080132531	-0,0033541471
41885	319,40137	-1	-1,014933	-0,019368529	-0,0030223876	-0,0079854708	-0,0033851638
41885	319,90137	-1	-0,99214542	-0,018498302	-0,0029795021	-0,0079981722	-0,0033293888
41885	320,40137	-1	-0,96915662	-0,018706918	-0,0029349625	-0,0079354383	-0,0033585317
41885	320,90137	-1	-0,9650048	-0,019004941	-0,0030038357	-0,0079988111	-0,0033254437
41885	321,40137	-1	-1,0595657	-0,018382072	-0,0029760003	-0,0080951126	-0,0033934154
41885	321,90137	-1	-1,0077748	-0,019326806	-0,002960667	-0,0079674739	-0,0033512339
41885	322,40137	-1	-1,0039117	-0,018629432	-0,0029496104	-0,0079843998	-0,0033967979
41885	322,90137	-1	-0,96040219	-0,018271804	-0,0030468106	-0,0079940222	-0,0033250339
41885	323,40137	-1	-1,0027065	-0,018438697	-0,0029277354	-0,0078891981	-0,0033406653
41885	323,90137	-1	-1,0199454	-0,018984079	-0,0030164272	-0,0079500135	-0,0034172125
41885	324,40137	-1	-1,0249	-0,018402934	-0,0029456615	-0,0079780491	-0,0033476017
41885	324,90137	-1	-0,97290051	-0,018900633	-0,0029548705	-0,0080835121	-0,00331036
41885	325,40137	-1	-0,93274003	-0,019010901	-0,0029077381	-0,0079163117	-0,0033243336
41885	325,90137	-1	-0,9958111	-0,018012524	-0,0030215085	-0,0079934867	-0,0033506192
41885	326,40137	-1	-1,0094419	-0,018644333	-0,0029580146	-0,008002039	-0,0032666847
41885	326,90137	-1	-1,0359213	-0,01860261	-0,0029410422	-0,0078906408	-0,0033747964
41885	327,40137	-1	-0,95491296	-0,01860857	-0,0029274076	-0,0079375943	-0,0032713525
41885	327,90137	-1	-0,98552179	-0,019007921	-0,0029989481	-0,0079839835	-0,0033970438
41885	328,40137	-1	-0,98981333	-0,018879771	-0,00290142	-0,0079141101	-0,0032583959
41885	328,90137	-1	-1,0638125	-0,018823147	-0,0029466748	-0,0079524079	-0,0033571832
41885	329,40137	-1	-1,0043327	-0,018185377	-0,0029107779	-0,0079345312	-0,0032734312
41885	329,90137	-1	-0,95618141	-0,018137693	-0,0028813928	-0,0078988513	-0,0032873154
41885	330,40137	-1	-0,96397662	-0,019088387	-0,0029101819	-0,0079320027	-0,0032958984
41885	330,90137	-1	-0,99601781	-0,018113852	-0,0028993785	-0,007956394	-0,0032342225
41885	331,40137	-1	-1,0535959	-0,018820167	-0,0029376745	-0,007894597	-0,0033681095
41885	331,90137	-1	-0,95945036	-0,018304586	-0,002942875	-0,0079153599	-0,0032561868
41885	332,40137	-1	-0,98729318	-0,019085407	-0,0029948354	-0,0078608058	-0,0033357479
41885	332,90137	-1	-0,97620302	-0,018435717	-0,0029070526	-0,0079704635	-0,0032795407
41885	333,40137	-1	-1,021646	-0,01847446	-0,0029553324	-0,0079110917	-0,0032622777
41885	333,90137	-1	-1,0045003	-0,018563867	-0,0029961616	-0,0080246609	-0,003282737
41885	334,40137	-1	-0,97508359	-0,017517805	-0,0029403418	-0,0079432167	-0,0032524057
41885	334,90137	-1	-0,9585526	-0,018456578	-0,0029083639	-0,0078787878	-0,0032936186
41885	335,40137	-1	-0,98839587	-0,018593669	-0,0029323101	-0,0079313032	-0,0032707751
41885	335,90137	-1	-1,0583718	-0,01822412	-0,002915144	-0,0079578068	-0,003340777
41885	336,40137	-1	-0,99915081	-0,018289685	-0,002955243	-0,0078915786	-0,003270749
41885	336,90137	-1	-0,96260381	-0,018158555	-0,0029138923	-0,007813273	-0,0032501556
41885	337,40137	-1	-0,95907038	-0,01848042	-0,002951771	-0,0079474701	-0,0032759421
41885	337,90137	-1	-0,98950416	-0,017940998	-0,0029924959	-0,0078962334	-0,0032144114
41885	338,40137	-1	-1,0483414	-0,01834631	-0,0029000789	-0,0079319431	-0,0033370294
41885	338,90137	-1	-0,97740442	-0,018054247	-0,0029463768	-0,0078933481	-0,0032852441
41885	339,40137	-1	-0,98695421	-0,017845631	-0,0029068291	-0,0077977008	-0,0033506118
41885	339,90137	-1	-0,96542013	-0,018939376	-0,0029947013	-0,0078144623	-0,0032547489
41885	340,40137	-1	-1,0052975	-0,018325448	-0,0029273182	-0,0079018995	-0,0032554418
41885	340,90137	-1	-1,0451227	-0,018593669	-0,0029141307	-0,0079522301	-0,0033065341
41885	341,40137	-1	-0,97704303	-0,018492341	-0,0029584467	-0,0077837054	-0,0032705739
41885	341,90137	-1	-0,98269993	-0,01770854	-0,0029965788	-0,0078728236	-0,0033401661
41885	342,40137	-1	-0,97944963	-0,019064546	-0,0029114634	-0,0079257712	-0,0033239797
41885	342,90137	-1	-1,0178759	-0,017887354	-0,0029747337	-0,0078092124	-0,0032710284
41885	343,40137	-1	-1,0257493	-0,017598271	-0,0029589981	-0,0078772409	-0,0032853223
41885	343,90137	-1	-0,96708536	-0,018492341	-0,0029459298	-0,0078780586	-0,0032470226
41885	344,40137	-1	-0,95423126	-0,018402934	-0,0029153228	-0,007761545	-0,0032371916
41885	344,90137	-1	-0,97305512	-0,018155575	-0,0028660595	-0,0078375451	-0,0032586977
41885	345,40137	-1	-1,0479186	-0,018167496	-0,0029290915	-0,0079236589	-0,0033250675
41885	345,90137	-1	-0,98844242	-0,017645955	-0,0029587746	-0,0077686245	-0,003247425
41885	346,40137	-1	-0,99584275	-0,017938018	-0,0029494166	-0,007874147	-0,0033297539
41885	346,90137	-1	-0,9522922	-0,018146634	-0,0029598176	-0,0078264652	-0,0032201484
41885	347,40137	-1	-1,0049306	-0,018280745	-0,0028878003	-0,0078047356	-0,0032898262
41885	347,90137	-1	-1,022527	-0,018024445	-0,0029266626	-0,0077175507	-0,0033088364
41885	348,40137	-1	-0,99684858	-0,018212199	-0,0029340684	-0,0077931643	-0,0032531954
41885	348,90137	-1	-0,9753648	-0,018247962	-0,0029576421	-0,0078684809	-0,0032817945
41885	349,40137	-1	-0,9675473	-0,017750263	-0,0028972328	-0,0077364543	-0,0032711811
41885	349,90137	-1	-1,0024011	-0,018796325	-0,0028865188	-0,0077043734	-0,0032766089
41885	350,40137	-1	-1,0403954	-0,018325448	-0,0029802471	-0,0078677069	-0,0032418296
41885	350,90137	-1	-0,96398032	-0,018233061	-0,0028566867	-0,0077085975	-0,0031984895
41885	351,40137	-1	-0,99382365	-0,018432736	-0,0029334277	-0,0077524874	-0,0033161007
41885	351,90137	0	0,61349571	4,4324608	-0,0026890934	-0,0068337764	-0,002839718

Datenerfassung						Zeit:	351,95703	s	03.09.2014 09:26:49
Ch 1 Kraft	Ch 1 W2TK Mittel	1944 A	1944 B	1281068
kN	mm	mm	mm	mm
0,66785699	0,00021446664	0,00071321893	0,36936784	0,15041505
-133,12196	4,2977568e-05	-0,00025625271	-0,04543674	-0,058807898
