MTS793|MPT|DEU|1|2|,|.|:|49|1|1|A

Bediener Information			Würfeldruckfestigkeit (150mm)			Zeit:	11,222656	s	03.04.2024 08:07:30
Datum	3.4.2024
Prüfer: 	Mac
Probe	20240220_7188_M07_Z02
Protokoll Seite	-
Breite [mm]:	-
Höhe [mm]:	301
Länge Einfüllseite [mm]:	99
Masse [g]:	5480
Bediener Information Ende

Datenerfassung						Zeit:	154,13184	s	03.04.2024 08:09:53
Ch 1 Weg	Ch 1 Prüfkraft
mm	kN
4,908555	4,4989972
-0,90636027	-400,8555

Datenerfassung						Zeit:	154,13672	s	03.04.2024 08:09:53
Datum	Tageszeit	Laufzeit	Ch 1 Weg	Ch 1 Prüfkraft
d	d	s	mm	kN
45385	0,27868611	52,480469	-0,0007877255	-15,283785
45385	0,27868843	52,680664	-0,0016202081	-15,570036
45385	0,27869076	52,880859	-0,0030405011	-16,27635
45385	0,27869308	53,081055	-0,0038744756	-16,794762
45385	0,27869537	53,28125	-0,0057393559	-17,625799
45385	0,2786977	53,481445	-0,0068359058	-18,153004
45385	0,27870002	53,681641	-0,008247247	-18,807463
45385	0,27870235	53,881836	-0,0087485276	-19,435547
45385	0,27870464	54,082031	-0,010095717	-20,125767
45385	0,27870697	54,282227	-0,012021765	-20,671745
45385	0,27870929	54,482422	-0,013568871	-21,52141
45385	0,27871162	54,682617	-0,014575906	-22,398195
45385	0,27871391	54,882813	-0,016783925	-22,968313
45385	0,27871624	55,083008	-0,017974464	-23,901722
45385	0,27871856	55,283203	-0,018824849	-24,713537
45385	0,27872089	55,483398	-0,019870674	-25,363974
45385	0,27872318	55,683594	-0,021848939	-26,276817
45385	0,2787255	55,883789	-0,023151372	-27,30619
45385	0,27872783	56,083984	-0,024492593	-28,065405
45385	0,27873015	56,28418	-0,025638377	-28,860977
45385	0,27873245	56,484375	-0,0268871	-30,030718
45385	0,27873477	56,68457	-0,028055262	-30,616781
45385	0,2787371	56,884766	-0,029463619	-31,669102
45385	0,27873942	57,084961	-0,030898832	-32,131039
45385	0,27874172	57,285156	-0,031182293	-32,986813
45385	0,27874404	57,485352	-0,034095984	-34,04092
45385	0,27874637	57,685547	-0,034480892	-34,835598
45385	0,27874869	57,885742	-0,036347266	-35,552048
45385	0,27875099	58,085938	-0,037431881	-36,240925
45385	0,27875331	58,286133	-0,038586617	-37,545971
45385	0,27875564	58,486328	-0,038579155	-38,209518
45385	0,27875796	58,686523	-0,039550386	-39,060524
45385	0,27876025	58,886719	-0,042134363	-39,80439
45385	0,27876258	59,086914	-0,042681891	-40,642879
45385	0,2787649	59,287109	-0,044607941	-41,908585
45385	0,27876723	59,487305	-0,044794429	-42,59359
45385	0,27876952	59,6875	-0,046135653	-43,419411
45385	0,27877185	59,887695	-0,048858378	-44,2202
45385	0,27877417	60,087891	-0,049325343	-45,256428
45385	0,2787765	60,288086	-0,049552113	-45,95723
45385	0,27877879	60,488281	-0,051026113	-46,735218
45385	0,27878112	60,688477	-0,051752672	-47,519615
45385	0,27878344	60,888672	-0,053274412	-48,331581
45385	0,27878577	61,088867	-0,055201955	-48,94059
45385	0,27878806	61,289063	-0,05532429	-50,017052
45385	0,27879038	61,489258	-0,057696417	-50,500591
45385	0,27879271	61,689453	-0,058940668	-51,210186
45385	0,27879503	61,889648	-0,059230097	-51,671078
45385	0,27879733	62,089844	-0,061453033	-52,349529
45385	0,27879965	62,290039	-0,063380577	-53,001305
45385	0,27880198	62,490234	-0,063274652	-53,566208
45385	0,2788043	62,69043	-0,064299583	-54,233631
45385	0,2788066	62,890625	-0,066155516	-55,411419
45385	0,27880892	63,09082	-0,067765281	-55,926254
45385	0,27881125	63,291016	-0,069064729	-56,759377
45385	0,27881354	63,491211	-0,070847556	-57,586243
45385	0,27881587	63,691406	-0,071559191	-58,310143
45385	0,27881819	63,891602	-0,072449863	-59,384666
45385	0,27882051	64,091797	-0,07505323	-60,494503
45385	0,27882281	64,291992	-0,075666405	-61,086678
45385	0,27882513	64,492188	-0,076998673	-61,904301
45385	0,27882746	64,692383	-0,077271692	-62,838604
45385	0,27882978	64,892578	-0,078694969	-63,938011
45385	0,27883208	65,092773	-0,079625919	-64,83223
45385	0,2788344	65,292969	-0,080576263	-65,417397
45385	0,27883673	65,493164	-0,081901073	-66,52739
45385	0,27883905	65,693359	-0,084364206	-67,237427
45385	0,27884135	65,893555	-0,085307091	-68,010353
45385	0,27884367	66,09375	-0,086506583	-69,089195
45385	0,278846	66,293945	-0,087192856	-69,955696
45385	0,27884832	66,494141	-0,088896617	-70,750229
45385	0,27885062	66,694336	-0,090898752	-71,566963
45385	0,27885294	66,894531	-0,091314994	-72,46505
45385	0,27885526	67,094727	-0,093129151	-73,491447
45385	0,27885759	67,294922	-0,093702041	-74,17794
45385	0,27885988	67,495117	-0,09590558	-75,342468
45385	0,27886221	67,695313	-0,095883206	-76,012421
45385	0,27886453	67,895508	-0,098092712	-76,78788
45385	0,27886686	68,095703	-0,099110194	-77,58271
45385	0,27886915	68,295898	-0,10018437	-78,410767
45385	0,27887148	68,496094	-0,10250875	-79,251343
45385	0,2788738	68,696289	-0,10322337	-80,041992
45385	0,27887613	68,896484	-0,10510168	-81,126801
45385	0,27887842	69,09668	-0,10625343	-81,832222
45385	0,27888075	69,296875	-0,10710829	-82,618111
45385	0,27888307	69,49707	-0,10779606	-83,45108
45385	0,27888539	69,697266	-0,10913429	-84,181389
45385	0,27888769	69,897461	-0,11108571	-84,766853
45385	0,27889001	70,097656	-0,11322211	-85,491646
45385	0,27889234	70,297852	-0,1132236	-86,240433
45385	0,27889466	70,498047	-0,11510042	-87,108574
45385	0,27889696	70,698242	-0,11578073	-87,514931
45385	0,27889928	70,898438	-0,11785746	-88,540726
45385	0,27890161	71,098633	-0,11791863	-89,207108
45385	0,27890393	71,298828	-0,11913006	-90,09536
45385	0,27890623	71,499023	-0,12167227	-90,613777
45385	0,27890855	71,699219	-0,12295978	-91,1371
45385	0,27891088	71,899414	-0,12413838	-91,914795
45385	0,2789132	72,099609	-0,12521553	-92,816315
45385	0,27891549	72,299805	-0,12523195	-93,266624
45385	0,27891782	72,5	-0,12709981	-94,218216
45385	0,27892014	72,700195	-0,12933618	-94,766724
45385	0,27892247	72,900391	-0,13025519	-95,735451
45385	0,27892476	73,100586	-0,13086089	-96,44117
45385	0,27892709	73,300781	-0,13238712	-97,055992
45385	0,27892941	73,500977	-0,1337164	-97,708069
45385	0,27893174	73,701172	-0,13424006	-98,433754
45385	0,27893403	73,901367	-0,13668977	-98,991806
45385	0,27893636	74,101563	-0,13822643	-99,765617
45385	0,27893868	74,301758	-0,13924392	-100,69679
45385	0,27894101	74,501953	-0,13934685	-101,42323
45385	0,2789433	74,702148	-0,14057767	-102,19764
45385	0,27894562	74,902344	-0,14260368	-103,00409
45385	0,27894795	75,102539	-0,14298262	-104,03748
45385	0,27895027	75,302734	-0,14447603	-104,67197
45385	0,27895257	75,50293	-0,14631404	-105,5127
45385	0,27895489	75,703125	-0,14708237	-106,20933
45385	0,27895722	75,90332	-0,14823413	-106,99611
45385	0,27895954	76,103516	-0,1496231	-108,23454
45385	0,27896184	76,303711	-0,15084198	-109,11163
45385	0,27896416	76,503906	-0,15242638	-109,86697
45385	0,27896649	76,704102	-0,1538959	-110,69369
45385	0,27896881	76,904297	-0,15455383	-111,59863
45385	0,27897111	77,104492	-0,15639484	-112,35561
45385	0,27897343	77,304688	-0,15716915	-113,15983
45385	0,27897575	77,504883	-0,15812546	-113,73695
45385	0,27897808	77,705078	-0,15943982	-114,57722
45385	0,27898037	77,905273	-0,16079895	-115,32497
45385	0,2789827	78,105469	-0,16192384	-115,94456
45385	0,27898502	78,305664	-0,16376783	-116,32156
45385	0,27898735	78,505859	-0,16401698	-117,26942
45385	0,27898964	78,706055	-0,16575207	-117,73373
45385	0,27899197	78,90625	-0,16776167	-118,65597
45385	0,27899429	79,106445	-0,16836737	-119,24099
45385	0,27899662	79,306641	-0,16914168	-120,08216
45385	0,27899891	79,506836	-0,17096031	-120,83795
45385	0,27900124	79,707031	-0,17236568	-121,32269
45385	0,27900356	79,907227	-0,17365916	-121,89161
45385	0,27900589	80,107422	-0,17441258	-122,3826
45385	0,27900818	80,307617	-0,1763237	-123,0767
45385	0,2790105	80,507813	-0,17701297	-123,63728
45385	0,27901283	80,708008	-0,17879727	-124,39038
45385	0,27901515	80,908203	-0,17962082	-124,85605
45385	0,27901745	81,108398	-0,18098143	-125,64208
45385	0,27901977	81,308594	-0,1819258	-126,50694
45385	0,2790221	81,508789	-0,18300892	-127,072
45385	0,27902442	81,708984	-0,18366536	-127,94655
45385	0,27902672	81,90918	-0,18528856	-128,66315
45385	0,27902904	82,109375	-0,18711615	-129,44144
45385	0,27903137	82,30957	-0,18808737	-130,45694
45385	0,27903369	82,509766	-0,18917049	-131,19127
45385	0,27903599	82,709961	-0,18991196	-131,88194
45385	0,27903831	82,910156	-0,19115771	-133,12009
45385	0,27904063	83,110352	-0,19287638	-133,9158
45385	0,27904296	83,310547	-0,19430861	-134,45895
45385	0,27904525	83,510742	-0,19540069	-135,62973
45385	0,27904758	83,710938	-0,19686425	-136,61723
45385	0,2790499	83,911133	-0,19854264	-137,58372
45385	0,27905223	84,111328	-0,19817264	-138,34473
45385	0,27905452	84,311523	-0,20060594	-138,72635
45385	0,27905685	84,511719	-0,20152496	-139,61952
45385	0,27905917	84,711914	-0,20352261	-140,55188
45385	0,2790615	84,912109	-0,20347935	-141,68318
45385	0,27906379	85,112305	-0,20565157	-142,73431
45385	0,27906612	85,3125	-0,20740156	-143,64581
45385	0,27906844	85,512695	-0,20783421	-144,35063
45385	0,27907076	85,712891	-0,20908891	-145,28539
45385	0,27907306	85,913086	-0,2108404	-145,92941
45385	0,27907538	86,113281	-0,21170123	-146,68893
45385	0,27907771	86,313477	-0,21324535	-147,23238
45385	0,27908003	86,513672	-0,21445529	-148,04628
45385	0,27908233	86,713867	-0,21545784	-148,62056
45385	0,27908465	86,914063	-0,21622767	-149,04108
45385	0,27908698	87,114258	-0,21909362	-149,67184
45385	0,2790893	87,314453	-0,21960832	-150,46265
45385	0,2790916	87,514648	-0,22052287	-151,11815
45385	0,27909392	87,714844	-0,22230271	-151,65071
45385	0,27909625	87,915039	-0,22392888	-152,43153
45385	0,27909857	88,115234	-0,22408105	-153,72884
45385	0,27910087	88,31543	-0,22582509	-154,81006
45385	0,27910319	88,515625	-0,22647257	-155,53232
45385	0,27910551	88,71582	-0,22791375	-156,40479
45385	0,27910784	88,916016	-0,22896555	-157,40808
45385	0,27911013	89,116211	-0,23063797	-157,97804
45385	0,27911246	89,316406	-0,23154804	-159,04616
45385	0,27911478	89,516602	-0,23213138	-159,80508
45385	0,27911711	89,716797	-0,23362626	-160,68991
45385	0,2791194	89,916992	-0,23424689	-161,59724
45385	0,27912173	90,117188	-0,23612371	-162,54317
45385	0,27912405	90,317383	-0,23747239	-163,32236
45385	0,27912635	90,517578	-0,23874199	-164,2276
45385	0,27912867	90,717773	-0,24020407	-165,10468
45385	0,279131	90,917969	-0,24133791	-166,06789
45385	0,27913332	91,118164	-0,24245088	-167,022
45385	0,27913561	91,318359	-0,24370557	-168,02904
45385	0,27913794	91,518555	-0,24573158	-168,98465
45385	0,27914026	91,71875	-0,24526162	-169,61034
45385	0,27914259	91,918945	-0,24778144	-170,39041
45385	0,27914488	92,119141	-0,2489153	-171,32234
45385	0,27914721	92,319336	-0,25061458	-172,44722
45385	0,27914953	92,519531	-0,25147539	-173,11092
45385	0,27915186	92,719727	-0,25300014	-173,93288
45385	0,27915415	92,919922	-0,25477251	-174,83112
45385	0,27915648	93,120117	-0,25543493	-175,47514
45385	0,2791588	93,320313	-0,25688654	-176,24628
45385	0,27916113	93,520508	-0,25825164	-176,91698
45385	0,27916342	93,720703	-0,25985393	-177,81656
45385	0,27916574	93,920898	-0,26011354	-178,50499
45385	0,27916807	94,121094	-0,26172629	-179,09836
45385	0,27917039	94,321289	-0,26434904	-179,66862
45385	0,27917269	94,521484	-0,26313463	-180,15202
45385	0,27917501	94,72168	-0,26591554	-181,0367
45385	0,27917734	94,921875	-0,26692107	-181,6861
45385	0,27917966	95,12207	-0,26845178	-182,59477
45385	0,27918196	95,322266	-0,26812655	-183,23715
45385	0,27918428	95,522461	-0,27119687	-183,77673
45385	0,27918661	95,722656	-0,2711581	-184,64771
45385	0,27918893	95,922852	-0,27384502	-185,32376
45385	0,27919123	96,123047	-0,27436271	-186,21396
45385	0,27919355	96,323242	-0,27592623	-186,70377
45385	0,27919587	96,523438	-0,276611	-187,42259
45385	0,2791982	96,723633	-0,27838936	-188,10268
45385	0,27920049	96,923828	-0,27972162	-188,79291
45385	0,27920282	97,124023	-0,28065407	-189,6524
45385	0,27920514	97,324219	-0,28255475	-190,52338
45385	0,27920747	97,524414	-0,28322312	-191,09007
45385	0,27920976	97,724609	-0,28441814	-191,98235
45385	0,27921209	97,924805	-0,28531328	-192,79222
45385	0,27921441	98,125	-0,28722143	-193,69464
45385	0,27921674	98,325195	-0,28869841	-194,41467
45385	0,27921903	98,525391	-0,28957418	-195,3214
45385	0,27922136	98,725586	-0,29076022	-196,10684
45385	0,27922368	98,925781	-0,29193285	-197,06589
45385	0,27922601	99,125977	-0,29371271	-197,67415
45385	0,2792283	99,326172	-0,29456159	-198,9324
45385	0,27923062	99,526367	-0,29585209	-199,70488
45385	0,27923295	99,726563	-0,29746783	-200,43443
45385	0,27923527	99,926758	-0,29841965	-201,2321
45385	0,27923757	100,12695	-0,30019057	-202,16208
45385	0,27923989	100,32715	-0,30093351	-203,2664
45385	0,27924222	100,52734	-0,30282676	-203,7887
45385	0,27924454	100,72754	-0,30269843	-204,36015
45385	0,27924684	100,92773	-0,3046588	-205,16615
45385	0,27924916	101,12793	-0,30632824	-205,68665
45385	0,27925149	101,32813	-0,30843183	-206,54689
45385	0,27925381	101,52832	-0,30934638	-207,0735
45385	0,27925611	101,72852	-0,31029969	-207,77147
45385	0,27925843	101,92871	-0,31171849	-208,3775
45385	0,27926075	102,12891	-0,31354609	-209,09976
45385	0,27926308	102,3291	-0,31504545	-210,01007
45385	0,27926537	102,5293	-0,31536472	-210,54353
45385	0,2792677	102,72949	-0,31615394	-211,30498
45385	0,27927002	102,92969	-0,31851414	-212,16225
45385	0,27927235	103,12988	-0,32065502	-212,71075
45385	0,27927464	103,33008	-0,32121447	-213,42526
45385	0,27927697	103,53027	-0,32198578	-213,98601
45385	0,27927929	103,73047	-0,32375368	-214,69485
45385	0,27928162	103,93066	-0,32480249	-215,49117
45385	0,27928391	104,13086	-0,32577673	-216,10316
45385	0,27928624	104,33105	-0,32735366	-216,81245
45385	0,27928856	104,53125	-0,32782957	-217,37437
45385	0,27929088	104,73145	-0,33028823	-218,08516
45385	0,27929318	104,93164	-0,33117145	-218,5912
45385	0,2792955	105,13184	-0,33205017	-219,0296
45385	0,27929783	105,33203	-0,33417764	-219,96092
45385	0,27930015	105,53223	-0,33435667	-220,82771
45385	0,27930245	105,73242	-0,33713159	-221,73624
45385	0,27930477	105,93262	-0,33740312	-222,37372
45385	0,2793071	106,13281	-0,33914864	-223,08926
45385	0,27930942	106,33301	-0,34029144	-224,04146
45385	0,27931172	106,5332	-0,34182364	-224,80156
45385	0,27931404	106,7334	-0,34355575	-225,70889
45385	0,27931637	106,93359	-0,34482834	-226,40955
45385	0,27931869	107,13379	-0,34646943	-227,5614
45385	0,27932099	107,33398	-0,3473407	-228,27084
45385	0,27932331	107,53418	-0,34931299	-229,0399
45385	0,27932563	107,73438	-0,34956065	-229,99104
45385	0,27932796	107,93457	-0,3507885	-230,80762
45385	0,27933025	108,13477	-0,35214612	-231,70229
45385	0,27933258	108,33496	-0,35357985	-232,51485
45385	0,2793349	108,53516	-0,35472116	-233,57849
45385	0,27933723	108,73535	-0,35713208	-234,3076
45385	0,27933952	108,93555	-0,3573499	-235,07175
45385	0,27934185	109,13574	-0,35922372	-235,666
45385	0,27934417	109,33594	-0,35982794	-236,61267
45385	0,2793465	109,53613	-0,36217323	-237,77318
45385	0,27934879	109,73633	-0,36378744	-238,44119
45385	0,27935112	109,93652	-0,3653644	-239,59067
45385	0,27935344	110,13672	-0,36608052	-240,46254
45385	0,27935576	110,33691	-0,36703682	-241,25156
45385	0,27935806	110,53711	-0,37002808	-242,03967
45385	0,27936038	110,7373	-0,36908671	-242,57895
45385	0,27936271	110,9375	-0,37227789	-243,4146
45385	0,27936503	111,1377	-0,37349528	-243,96312
45385	0,27936733	111,33789	-0,37483948	-244,84497
45385	0,27936965	111,53809	-0,37584803	-245,26965
45385	0,27937198	111,73828	-0,37759206	-245,73546
45385	0,2793743	111,93848	-0,37877065	-246,68497
45385	0,2793766	112,13867	-0,37990749	-247,31378
45385	0,27937892	112,33887	-0,38114876	-248,03545
45385	0,27938125	112,53906	-0,38289279	-248,60005
45385	0,27938357	112,73926	-0,38457415	-249,68457
45385	0,27938586	112,93945	-0,38596761	-250,40668
45385	0,27938819	113,13965	-0,38718498	-251,51726
45385	0,27939051	113,33984	-0,38862467	-252,41505
45385	0,27939284	113,54004	-0,39040899	-253,29884
45385	0,27939513	113,74023	-0,39097443	-254,09068
45385	0,27939746	113,94043	-0,39185166	-255,06508
45385	0,27939978	114,14063	-0,39394629	-256,0563
45385	0,27940211	114,34082	-0,39536211	-256,8985
45385	0,2794044	114,54102	-0,39631695	-257,69781
45385	0,27940673	114,74121	-0,39848319	-258,6199
45385	0,27940905	114,94141	-0,39981246	-259,49966
45385	0,27941138	115,1416	-0,40193844	-260,48926
45385	0,27941367	115,3418	-0,40217265	-261,45679
45385	0,27941599	115,54199	-0,40348554	-262,20154
45385	0,27941832	115,74219	-0,40502965	-263,14896
45385	0,27942064	115,94238	-0,40662599	-264,16492
45385	0,27942294	116,14258	-0,40898171	-265,18759
45385	0,27942526	116,34277	-0,40933231	-265,69601
45385	0,27942759	116,54297	-0,41140756	-266,88675
45385	0,27942991	116,74316	-0,41299045	-267,44034
45385	0,27943221	116,94336	-0,41451818	-268,20148
45385	0,27943453	117,14355	-0,41645467	-268,92032
45385	0,27943686	117,34375	-0,41745573	-269,89276
45385	0,27943915	117,54395	-0,41913262	-270,59253
45385	0,27944148	117,74414	-0,4202829	-271,09052
45385	0,2794438	117,94434	-0,42231336	-271,72607
45385	0,27944613	118,14453	-0,42316675	-272,61179
45385	0,27944842	118,34473	-0,42529866	-273,48886
45385	0,27945074	118,54492	-0,42652354	-273,90924
45385	0,27945307	118,74512	-0,42725754	-274,66397
45385	0,27945539	118,94531	-0,42956105	-275,52051
45385	0,27945769	119,14551	-0,43071577	-276,25156
45385	0,27946001	119,3457	-0,4318153	-276,66357
45385	0,27946234	119,5459	-0,43327737	-277,3584
45385	0,27946466	119,74609	-0,43457234	-278,12418
45385	0,27946696	119,94629	-0,43758151	-278,56137
45385	0,27946928	120,14648	-0,4383603	-279,26187
45385	0,27947161	120,34668	-0,43926737	-280,1087
45385	0,27947393	120,54688	-0,44106513	-281,146
45385	0,27947623	120,74707	-0,44278976	-281,86465
45385	0,27947855	120,94727	-0,44334027	-282,48038
45385	0,27948087	121,14746	-0,44532451	-283,30606
45385	0,2794832	121,34766	-0,4473356	-284,21234
45385	0,27948549	121,54785	-0,44850227	-285,0769
45385	0,27948782	121,74805	-0,44961521	-286,2225
45385	0,27949014	121,94824	-0,45163974	-287,09393
45385	0,27949247	122,14844	-0,4528079	-287,86566
45385	0,27949476	122,34863	-0,45453402	-288,78998
45385	0,27949709	122,54883	-0,4561632	-289,47348
45385	0,27949941	122,74902	-0,45714188	-290,43716
45385	0,27950174	122,94922	-0,45986611	-291,1557
45385	0,27950403	123,14941	-0,46122223	-291,70749
45385	0,27950636	123,34961	-0,46152958	-292,48547
45385	0,27950868	123,5498	-0,46307072	-293,10938
45385	0,279511	123,75	-0,46569347	-293,80957
45385	0,2795133	123,9502	-0,46606049	-294,41412
45385	0,27951562	124,15039	-0,46796715	-295,29062
45385	0,27951795	124,35059	-0,46982753	-296,03656
45385	0,27952027	124,55078	-0,47084054	-296,53412
45385	0,27952257	124,75098	-0,47297695	-297,0242
45385	0,27952489	124,95117	-0,47426745	-297,72278
45385	0,27952722	125,15137	-0,47580859	-298,6091
45385	0,27952954	125,35156	-0,47813147	-299,08682
45385	0,27953184	125,55176	-0,47947121	-299,75769
45385	0,27953416	125,75195	-0,48119736	-300,32376
45385	0,27953649	125,95215	-0,48246995	-301,11041
45385	0,27953881	126,15234	-0,48398423	-301,7659
45385	0,27954111	126,35254	-0,48531649	-302,35645
45385	0,27954343	126,55273	-0,48777515	-303,13489
45385	0,27954575	126,75293	-0,48919246	-303,84299
45385	0,27954808	126,95313	-0,48982206	-304,6077
45385	0,27955037	127,15332	-0,49225384	-305,08469
45385	0,2795527	127,35352	-0,49483633	-305,7168
45385	0,27955502	127,55371	-0,49540326	-306,5748
45385	0,27955735	127,75391	-0,49686831	-307,33267
45385	0,27955964	127,9541	-0,49912408	-308,27966
45385	0,27956197	128,1543	-0,50068015	-309,18802
45385	0,27956429	128,35449	-0,50294036	-309,80405
45385	0,27956662	128,55469	-0,50479478	-310,69156
45385	0,27956891	128,75488	-0,50614649	-311,54688
45385	0,27957124	128,95508	-0,50715649	-312,37524
45385	0,27957356	129,15527	-0,50947642	-313,29971
45385	0,27957588	129,35547	-0,51109958	-314,3273
45385	0,27957818	129,55566	-0,51381338	-314,85614
45385	0,2795805	129,75586	-0,51537836	-315,93124
45385	0,27958283	129,95605	-0,51680166	-316,72711
45385	0,27958515	130,15625	-0,51814884	-317,47427
45385	0,27958745	130,35645	-0,52078205	-318,48828
45385	0,27958977	130,55664	-0,52121019	-319,31158
45385	0,2795921	130,75684	-0,52396131	-320,10419
45385	0,27959442	130,95703	-0,52525181	-320,87933
45385	0,27959672	131,15723	-0,52725691	-321,70978
45385	0,27959904	131,35742	-0,52934557	-322,53336
45385	0,27960137	131,55762	-0,53066593	-323,40091
45385	0,27960369	131,75781	-0,5331589	-324,14224
45385	0,27960598	131,95801	-0,53498495	-325,0831
45385	0,27960831	132,1582	-0,53542358	-325,90637
45385	0,27961063	132,3584	-0,53768086	-326,65457
45385	0,27961296	132,55859	-0,54052889	-327,60379
45385	0,27961525	132,75879	-0,54177314	-328,59113
45385	0,27961758	132,95898	-0,54351121	-329,41919
45385	0,2796199	133,15918	-0,54548204	-330,08868
45385	0,27962223	133,35938	-0,54661882	-331,01526
45385	0,27962452	133,55957	-0,54859412	-331,5499
45385	0,27962685	133,75977	-0,55141085	-332,32684
45385	0,27962917	133,95996	-0,55202252	-333,00278
45385	0,2796315	134,16016	-0,55582541	-333,50433
45385	0,27963379	134,36035	-0,55754256	-334,41541
45385	0,27963611	134,56055	-0,55824226	-334,9718
45385	0,27963844	134,76074	-0,55974758	-335,86514
45385	0,27964076	134,96094	-0,56362355	-336,37027
45385	0,27964306	135,16113	-0,56478578	-336,95306
45385	0,27964538	135,36133	-0,56602854	-337,77902
45385	0,27964771	135,56152	-0,56896758	-338,487
45385	0,27965003	135,76172	-0,57065493	-339,2529
45385	0,27965233	135,96191	-0,5718708	-340,00528
45385	0,27965465	136,16211	-0,57394457	-340,83035
45385	0,27965698	136,3623	-0,57557821	-341,52802
45385	0,2796593	136,5625	-0,57873505	-342,53683
45385	0,2796616	136,7627	-0,5805313	-343,35461
45385	0,27966392	136,96289	-0,58332568	-344,2749
45385	0,27966624	137,16309	-0,58456397	-345,15436
45385	0,27966857	137,36328	-0,58758205	-346,06497
45385	0,27967086	137,56348	-0,58910978	-347,15262
45385	0,27967319	137,76367	-0,59138346	-347,6427
45385	0,27967551	137,96387	-0,59336019	-348,73987
45385	0,27967784	138,16406	-0,59531909	-349,37823
45385	0,27968013	138,36426	-0,59821635	-350,24103
45385	0,27968246	138,56445	-0,60047209	-351,22583
45385	0,27968478	138,76465	-0,60194612	-351,89594
45385	0,27968711	138,96484	-0,60318291	-352,79346
45385	0,2796894	139,16504	-0,60662472	-353,73819
45385	0,27969173	139,36523	-0,60914904	-354,78827
45385	0,27969405	139,56543	-0,61076325	-355,52527
45385	0,27969638	139,76563	-0,61368591	-356,25394
45385	0,27969867	139,96582	-0,61584169	-357,42056
45385	0,27970099	140,16602	-0,61680251	-358,23328
45385	0,27970332	140,36621	-0,62044573	-358,83765
45385	0,27970564	140,56641	-0,62253588	-359,83722
45385	0,27970794	140,7666	-0,62478268	-360,81699
45385	0,27971026	140,9668	-0,62648344	-361,63922
45385	0,27971259	141,16699	-0,63012075	-362,47653
45385	0,27971491	141,36719	-0,63230938	-363,35867
45385	0,27971721	141,56738	-0,63506043	-364,01685
45385	0,27971953	141,76758	-0,63643003	-365,09943
45385	0,27972186	141,96777	-0,6392467	-365,92136
45385	0,27972418	142,16797	-0,6419068	-366,69266
45385	0,27972648	142,36816	-0,64452058	-367,34442
45385	0,2797288	142,56836	-0,64795643	-368,17487
45385	0,27973112	142,76855	-0,65059263	-369,20187
45385	0,27973345	142,96875	-0,65215468	-369,75067
45385	0,27973574	143,16895	-0,65464318	-370,28101
45385	0,27973807	143,36914	-0,65705854	-371,09879
45385	0,27974039	143,56934	-0,6605854	-371,55594
45385	0,27974272	143,76953	-0,66332603	-372,612
45385	0,27974501	143,96973	-0,66684097	-373,36243
45385	0,27974734	144,16992	-0,66932052	-374,09912
45385	0,27974966	144,37012	-0,67248338	-374,79681
45385	0,27975196	144,57031	-0,67481822	-375,42801
45385	0,27975428	144,77051	-0,67750663	-376,21136
45385	0,27975661	144,9707	-0,68077385	-376,89368
45385	0,27975893	145,1709	-0,68363088	-377,73947
45385	0,27976122	145,37109	-0,68690413	-378,16119
45385	0,27976355	145,57129	-0,68947613	-379,04898
45385	0,27976587	145,77148	-0,69256586	-379,90909
45385	0,2797682	145,97168	-0,69646722	-380,54953
45385	0,27977049	146,17188	-0,69846487	-381,43259
45385	0,27977282	146,37207	-0,70284659	-381,99182
45385	0,27977514	146,57227	-0,70653307	-382,60486
45385	0,27977747	146,77246	-0,70993614	-383,535
45385	0,27977976	146,97266	-0,71252757	-384,02286
45385	0,27978209	147,17285	-0,71516526	-384,7247
45385	0,27978441	147,37305	-0,71935749	-385,58865
45385	0,27978674	147,57324	-0,72294402	-386,1409
45385	0,27978903	147,77344	-0,72698563	-386,91711
45385	0,27979136	147,97363	-0,73053634	-387,62939
45385	0,27979368	148,17383	-0,73476291	-388,41617
45385	0,279796	148,37402	-0,73891938	-389,02829
45385	0,2797983	148,57422	-0,74227911	-389,99106
45385	0,27980062	148,77441	-0,7470547	-390,81628
45385	0,27980295	148,97461	-0,75073224	-391,56314
45385	0,27980527	149,1748	-0,75619113	-392,52948
45385	0,27980757	149,375	-0,76103532	-393,17798
45385	0,27980989	149,5752	-0,76547527	-393,8074
45385	0,27981222	149,77539	-0,77023441	-394,68939
45385	0,27981454	149,97559	-0,7754367	-395,7468
45385	0,27981684	150,17578	-0,78010041	-396,58246
45385	0,27981916	150,37598	-0,78714961	-397,27759
45385	0,27982149	150,57617	-0,79241157	-398,01297
45385	0,27982381	150,77637	-0,79945189	-398,69394
45385	0,2798261	150,97656	-0,80648321	-399,31726
45385	0,27982843	151,17676	-0,8147648	-399,48386
45385	0,27983075	151,37695	-0,82525736	-400,0921
45385	0,27983308	151,57715	-0,83652866	-399,97604
45385	0,27983537	151,77734	-0,85032731	-399,47565
45385	0,2798377	151,97754	-0,87105286	-396,9353
45385	0,27984002	152,17773	-0,83634967	-321,20538
45385	0,27984235	152,37793	-0,27153704	-8,9601784
45385	0,27984464	152,57813	0,32199624	2,5022416
45385	0,27984697	152,77832	0,91412115	2,4979203
45385	0,27984929	152,97852	1,5059611	2,5462
45385	0,27985162	153,17871	2,0988603	2,4721413
45385	0,27985391	153,37891	2,6905973	2,5515645
45385	0,27985623	153,5791	3,2826641	2,7294843
45385	0,27985856	153,7793	3,875505	2,6533394
45385	0,27986088	153,97949	4,4690189	2,9810159
