MTS793|MPT|DEU|1|2|,|.|:|49|1|1|A

Bediener Information						Zeit:	17,605469	s	17.07.2014 12:54:11
Datum : 	17.7.2014
Prüfer : 	Machura, Be
Probenbezeichnung :  	Maack 8.2 E-Modul Probe BK 04 B
Bemerkungen	Kraftgeregelt 3,9 kN/s
Masse :	5777,8
Durchmesser :	100,4
Länge :	300,5
Bediener Information Ende

Datenerfassung						Zeit:	510,00195	s	17.07.2014 13:02:24
Datum	Laufzeit	Ch 1 Kraft Sollwert	Ch 1 Kraft	Ch 1 Weg	1944 B	1281068	2157
d	s	kN	kN	mm	mm	mm	mm
41837	18,115234	-1,2795514	-1,2511294	-0,077061355	0,35930079	0,045754593	0,07151784
41837	18,615234	-1,5722513	-1,5254617	-0,080244243	0,35917494	0,045648322	0,071423262
41837	19,115234	-1,8649514	-1,7607994	-0,082248449	0,35920936	0,045591466	0,07129012
41837	19,615234	-2,1576514	-1,8777717	-0,083294511	0,35907924	0,045506779	0,071242109
41837	20,115234	-2,4503515	-2,428582	-0,088833272	0,35905674	0,045374442	0,07108593
41837	20,615234	-2,7430513	-2,817668	-0,092275441	0,35905424	0,045210879	0,070849121
41837	21,115234	-3,0357513	-3,0534585	-0,095304847	0,35897294	0,044954997	0,070771977
41837	21,615234	-3,3284514	-3,3672247	-0,096952915	0,35895804	0,04495972	0,070573404
41837	22,115234	-3,6211514	-3,6246405	-0,099317729	0,35885704	0,044845916	0,070472643
41837	22,615234	-3,9138515	-3,8578658	-0,10091364	0,358908	0,044677876	0,070402071
41837	23,115234	-3,927	-3,9776061	-0,10250509	0,35887936	0,044740561	0,070377126
41837	23,615234	-3,927	-3,9526429	-0,10179728	0,35885698	0,044668522	0,070349619
41837	24,115234	-3,927	-4,0583944	-0,10260493	0,35891694	0,044649441	0,070334166
41837	24,615234	-3,927	-3,9291866	-0,10251105	0,35894161	0,044651233	0,070380121
41837	25,115234	-3,927	-3,8849413	-0,10217726	0,3589431	0,044673543	0,070404008
41837	25,615234	-3,927	-3,9047375	-0,10157526	0,35885999	0,044705253	0,070380673
41837	26,115234	-3,927	-3,9279871	-0,10162443	0,35884699	0,044741906	0,070344493
41837	26,615234	-3,927	-3,861377	-0,10189265	0,35883895	0,04471191	0,070337996
41837	27,115234	-3,927	-3,9376152	-0,1021713	0,35897776	0,044665258	0,070291117
41837	27,615234	-3,927	-3,9215033	-0,10169148	0,35887983	0,044669714	0,070332021
41837	28,115234	-5,7170391	-5,5492911	-0,008277595	-0,00017407537	-0,0005741663	-0,00074030459
41837	28,615234	-7,6670394	-7,4584131	-0,018964708	-0,00051142275	-0,0013006696	-0,0015301183
41837	29,115234	-9,6170397	-9,5842743	-0,028637052	-0,00089502335	-0,0020687054	-0,0025215447
41837	29,615234	-11,567039	-11,619693	-0,037875772	-0,0012913346	-0,002788808	-0,0034033135
41837	30,115234	-13,517039	-13,647888	-0,046047568	-0,001767531	-0,0035372449	-0,0042517856
41837	30,615234	-15,467039	-15,650291	-0,054009259	-0,0022010803	-0,0042555402	-0,0050231069
41837	31,115234	-17,41704	-17,528234	-0,06056428	-0,002731517	-0,0050588264	-0,005788289
41837	31,615234	-19,367039	-19,453058	-0,066320598	-0,0032175779	-0,0056681968	-0,0065416768
41837	32,115234	-21,317039	-21,366323	-0,072069466	-0,0037555844	-0,0064863227	-0,0071225241
41837	32,615234	-23,26704	-23,396297	-0,079186261	-0,0043322742	-0,0073410133	-0,0077471137
41837	33,115234	-25,217039	-25,404163	-0,084376335	-0,0049327761	-0,0080587156	-0,0084270984
41837	33,615234	-27,16704	-27,395647	-0,090061128	-0,0054584593	-0,0087899407	-0,0090199262
41837	34,115234	-29,117041	-29,184402	-0,09547621	-0,0060076714	-0,0095107462	-0,0095235035
41837	34,615234	-31,067039	-31,206642	-0,10048002	-0,0065984726	-0,010066749	-0,010148458
41837	35,115234	-33,01704	-33,153252	-0,10485202	-0,0072047561	-0,010899496	-0,010729887
41837	35,615234	-34,967041	-34,997787	-0,1105234	-0,0077562779	-0,011643607	-0,011318073
41837	36,115234	-36,917042	-37,045502	-0,11555105	-0,0083432943	-0,012499304	-0,012005046
41837	36,615234	-38,867039	-38,975918	-0,12075156	-0,0089499205	-0,013263252	-0,012590125
41837	37,115234	-40,817039	-40,907269	-0,12561381	-0,0095835775	-0,013800622	-0,013068214
41837	37,615234	-42,76704	-42,888054	-0,13003051	-0,010283098	-0,014614161	-0,013683408
41837	38,115234	-44,717041	-44,747952	-0,13398379	-0,010763183	-0,015256568	-0,014234684
41837	38,615234	-46,667042	-46,808979	-0,13982952	-0,011505499	-0,015938967	-0,014755033
41837	39,115234	-48,617039	-48,808781	-0,14419258	-0,012050703	-0,016714249	-0,015355006
41837	39,615234	-50,567039	-50,691238	-0,14927983	-0,012606934	-0,017342994	-0,015910923
41837	40,115234	-52,51704	-52,543797	-0,15331954	-0,013240576	-0,017964831	-0,016387843
41837	40,615234	-54,467041	-54,628876	-0,15819818	-0,013839826	-0,018778527	-0,017047822
41837	41,115234	-56,417042	-56,511864	-0,16295165	-0,014498919	-0,019345598	-0,017648965
41837	41,615234	-58,367039	-58,539822	-0,16701072	-0,015108943	-0,020184625	-0,018183462
41837	42,115234	-60,317039	-60,332085	-0,17167181	-0,015722841	-0,02077521	-0,018637933
41837	42,615234	-62,26704	-62,347969	-0,175789	-0,016291171	-0,021428393	-0,019237101
41837	43,115234	-64,217041	-64,342339	-0,18071681	-0,016975507	-0,022171324	-0,019845538
41837	43,615234	-66,167038	-66,415543	-0,18516928	-0,017571345	-0,02288994	-0,020405434
41837	44,115234	-68,117043	-68,329002	-0,18948913	-0,018182203	-0,023502929	-0,020942755
41837	44,615234	-70,067039	-70,2341	-0,19412935	-0,018877923	-0,024266699	-0,021509305
41837	45,115234	-72,017044	-72,280983	-0,19769371	-0,019515917	-0,024904927	-0,022025868
41837	45,615234	-73,967041	-74,214516	-0,20220578	-0,020062193	-0,025546167	-0,022599056
41837	46,115234	-75,917038	-75,927353	-0,20635277	-0,020674229	-0,026159326	-0,023038372
41837	46,615234	-77,867043	-78,03466	-0,21044314	-0,021277025	-0,026928792	-0,023597375
41837	47,115234	-79,817039	-79,977104	-0,21508187	-0,021854997	-0,027539494	-0,024130963
41837	47,615234	-81,767044	-81,857956	-0,21805912	-0,022417247	-0,028228907	-0,024642013
41837	48,115234	-83,717041	-83,844276	-0,22265166	-0,023120135	-0,028779825	-0,025173806
41837	48,615234	-85,667038	-85,888039	-0,22643954	-0,023748428	-0,029561229	-0,025818557
41837	49,115234	-87,617043	-87,725639	-0,23103803	-0,024298057	-0,030121673	-0,026357472
41837	49,615234	-89,567039	-89,733437	-0,23534	-0,02491945	-0,030774498	-0,026820213
41837	50,115234	-91,517044	-91,629601	-0,23894608	-0,025541931	-0,03144566	-0,027391344
41837	50,615234	-93,467041	-93,648666	-0,24270266	-0,026183486	-0,032114562	-0,027932934
41837	51,115234	-95,417038	-95,479301	-0,24667978	-0,026717395	-0,032706767	-0,028448448
41837	51,615234	-97,367043	-97,548996	-0,25191158	-0,027345747	-0,033524696	-0,028963491
41837	52,115234	-99,317039	-99,445511	-0,2545923	-0,027981132	-0,034147251	-0,029471882
41837	52,615234	-101,26704	-101,39811	-0,25945008	-0,028645664	-0,034716275	-0,029989198
41837	53,115234	-103,21704	-103,31083	-0,26324242	-0,029211789	-0,035411704	-0,03049767
41837	53,615234	-105,16704	-105,37978	-0,26692897	-0,029879674	-0,036078356	-0,031044349
41837	54,115234	-107,11704	-107,20415	-0,2702564	-0,030385152	-0,036617178	-0,031565048
41837	54,615234	-109,06704	-109,19009	-0,27448833	-0,031079501	-0,037378445	-0,032114498
41837	55,115234	-111,01704	-111,07745	-0,27810484	-0,031673118	-0,038024276	-0,032746889
41837	55,615234	-112,96704	-113,05871	-0,2820611	-0,032319382	-0,038706116	-0,033282414
41837	56,115234	-114,91705	-115,02937	-0,28621852	-0,032904938	-0,039307237	-0,03375414
41837	56,615234	-116,86704	-116,92512	-0,28946847	-0,033583999	-0,040005744	-0,034268208
41837	57,115234	-118,81704	-118,9782	-0,29261112	-0,034158036	-0,040688142	-0,034814663
41837	57,615234	-120,76704	-120,91839	-0,2970323	-0,034832448	-0,04124929	-0,035306901
41837	58,115234	-122,71704	-122,81373	-0,30016601	-0,035397887	-0,041880999	-0,03583619
41837	58,615234	-124,66705	-124,63387	-0,30447245	-0,035979614	-0,042506989	-0,036274388
41837	59,115234	-126,61704	-126,57365	-0,30810237	-0,03653191	-0,043118071	-0,036835559
41837	59,615234	-128,56705	-128,48392	-0,31138211	-0,037204891	-0,043746639	-0,037370458
41837	60,115234	-130,51704	-130,38722	-0,31515509	-0,037792802	-0,044367287	-0,037875801
41837	60,615234	-132,46704	-132,41522	-0,318636	-0,038491651	-0,045056883	-0,038450144
41837	61,115234	-134,41704	-134,34842	-0,32217056	-0,039034933	-0,045706119	-0,038996458
41837	61,615234	-136,36703	-136,25137	-0,32607466	-0,039647296	-0,046359569	-0,03952352
41837	62,115234	-138,31705	-138,15965	-0,32899678	-0,040299237	-0,046915311	-0,039994963
41837	62,615234	-140,26704	-140,14017	-0,33340752	-0,040893584	-0,047608133	-0,040534392
41837	63,115234	-142,21704	-142,27547	-0,33717752	-0,041577056	-0,048253961	-0,041067816
41837	63,615234	-144,16704	-144,12816	-0,34020245	-0,042162746	-0,048930775	-0,041599825
41837	64,115234	-146,11705	-146,11082	-0,34414232	-0,042816311	-0,049493946	-0,042085111
41837	64,615234	-148,06705	-148,06685	-0,34768134	-0,043450281	-0,050149791	-0,042651497
41837	65,115234	-150,01704	-150,03998	-0,35173446	-0,044003427	-0,050803743	-0,043150701
41837	65,615234	-151,96704	-151,91922	-0,35454333	-0,04461959	-0,051422387	-0,043599576
41837	66,115234	-153,91704	-154,02252	-0,35871118	-0,045290828	-0,05217576	-0,044318847
41837	66,615234	-155,86705	-155,77888	-0,36194474	-0,045877293	-0,052677333	-0,044808708
41837	67,115234	-157,81705	-157,95786	-0,36486983	-0,046604067	-0,053372726	-0,045344271
41837	67,615234	-159,76704	-159,72516	-0,3685981	-0,047091141	-0,054037083	-0,045842864
41837	68,115234	-161,71704	-161,7032	-0,37226826	-0,047706172	-0,054655906	-0,04632435
41837	68,615234	-163,66704	-163,62253	-0,37536025	-0,048344046	-0,055158563	-0,046838433
41837	69,115234	-165,61705	-165,62041	-0,37879497	-0,04894802	-0,055958983	-0,047380768
41837	69,615234	-167,56705	-167,5945	-0,38232654	-0,049658298	-0,056534037	-0,047934771
41837	70,115234	-169,51704	-169,56047	-0,38658381	-0,050283387	-0,057199892	-0,04845874
41837	70,615234	-171,46704	-171,47467	-0,38889349	-0,050872654	-0,057956681	-0,048962243
41837	71,115234	-173,41704	-173,40466	-0,39284378	-0,051482797	-0,05835548	-0,049422078
41837	71,615234	-175,36705	-175,42104	-0,39637387	-0,052091762	-0,059064731	-0,04999505
41837	72,115234	-177,31705	-177,29004	-0,39967895	-0,052695036	-0,059749637	-0,05046159
41837	72,615234	-179,26704	-179,39482	-0,40365458	-0,053324506	-0,060357854	-0,051020145
41837	73,115234	-181,21704	-181,15921	-0,40674508	-0,053986058	-0,060969774	-0,051536404
41837	73,615234	-183,16704	-183,13782	-0,41068792	-0,054551646	-0,061608281	-0,052005284
41837	74,115234	-185,11705	-185,24893	-0,41415989	-0,055276915	-0,062221903	-0,052647099
41837	74,615234	-187,06705	-187,15408	-0,41686147	-0,055867538	-0,0629417	-0,053144604
41837	75,115234	-189,01704	-189,03578	-0,42054057	-0,056428865	-0,063496731	-0,053639367
41837	75,615234	-190,96704	-190,96063	-0,42342395	-0,057036459	-0,064144798	-0,054167278
41837	76,115234	-192,91704	-192,98022	-0,42708963	-0,057731822	-0,064821817	-0,054739267
41837	76,615234	-194,86705	-194,9359	-0,43061227	-0,058265239	-0,065419801	-0,055229306
41837	77,115234	-196,81705	-196,87393	-0,43359995	-0,058928967	-0,066088296	-0,055759452
41837	77,615234	-198,76704	-198,8734	-0,43734759	-0,059511691	-0,066848263	-0,056198344
41837	78,115234	-200,71704	-200,66052	-0,44043362	-0,06015572	-0,067288995	-0,056733236
41837	78,615234	-202,66704	-202,57889	-0,44402927	-0,060753629	-0,067922831	-0,057242177
41837	79,115234	-204,61705	-204,44041	-0,44740438	-0,061375529	-0,0685357	-0,057736807
41837	79,615234	-206,56705	-206,72943	-0,45069158	-0,062118351	-0,069243364	-0,058367074
41837	80,115234	-208,51704	-208,62341	-0,45339018	-0,062693283	-0,069958903	-0,058906712
41837	80,615234	-210,46704	-210,48888	-0,45689493	-0,063275993	-0,07045202	-0,05943916
41837	81,115234	-212,41704	-212,49606	-0,46025664	-0,063942254	-0,071103215	-0,059960149
41837	81,615234	-214,36705	-214,31142	-0,46337396	-0,064502716	-0,07182312	-0,060420252
41837	82,115234	-216,31705	-216,37654	-0,46701431	-0,065112382	-0,072370909	-0,060970068
41837	82,615234	-218,26704	-218,24693	-0,47073662	-0,065746471	-0,072974585	-0,06150493
41837	83,115234	-220,21704	-220,12878	-0,47384948	-0,06632565	-0,073616758	-0,061914578
41837	83,615234	-222,16704	-222,14583	-0,47688633	-0,067045689	-0,074282274	-0,062621698
41837	84,115234	-224,11705	-223,99794	-0,47986954	-0,067617774	-0,074897788	-0,063113712
41837	84,615234	-226,06705	-226,12946	-0,48343539	-0,068230674	-0,075542092	-0,063594468
41837	85,115234	-228,01704	-228,14114	-0,48704296	-0,068920657	-0,076283909	-0,064109601
41837	85,615234	-229,96704	-229,85168	-0,49022436	-0,069350138	-0,076846465	-0,064607114
41837	86,115234	-231,91704	-231,94131	-0,49392432	-0,07009159	-0,077333592	-0,065099008
41837	86,615234	-233,86705	-233,8204	-0,49694926	-0,070738524	-0,078103445	-0,065676153
41837	87,115234	-235,81705	-235,79912	-0,50046891	-0,071281105	-0,078778453	-0,066182151
41837	87,615234	-237,76704	-237,65628	-0,50305277	-0,071966901	-0,079280131	-0,066766471
41837	88,115234	-239,71704	-239,60796	-0,50620288	-0,072574839	-0,079999715	-0,067314759
41837	88,615234	-241,66704	-241,61731	-0,50976723	-0,073181361	-0,080586731	-0,067798048
41837	89,115234	-243,61705	-243,57439	-0,51350445	-0,073851973	-0,081262015	-0,068340272
41837	89,615234	-245,56705	-245,61017	-0,51643252	-0,07442978	-0,081944488	-0,06890659
41837	90,115234	-247,51704	-247,60985	-0,52032471	-0,075070545	-0,082473874	-0,069401905
41837	90,615234	-249,46704	-249,463	-0,52328408	-0,075679064	-0,083179638	-0,069921911
41837	91,115234	-251,41704	-251,4967	-0,52693784	-0,076325297	-0,083826058	-0,070480794
41837	91,615234	-253,36705	-253,44191	-0,52986294	-0,076937899	-0,084324531	-0,07100679
41837	92,115234	-255,31705	-255,26787	-0,53302497	-0,077503204	-0,085015975	-0,071580976
41837	92,615234	-257,26706	-257,27026	-0,53679198	-0,078283682	-0,085504614	-0,072067142
41837	93,115234	-259,21704	-259,26669	-0,53959638	-0,078816399	-0,086279154	-0,072629265
41837	93,615234	-261,16705	-261,15613	-0,54240078	-0,079411924	-0,08692579	-0,073134124
41837	94,115234	-263,11703	-263,1626	-0,5455479	-0,080068529	-0,087514438	-0,073564313
41837	94,615234	-265,06705	-265,03174	-0,54917783	-0,080664188	-0,08814171	-0,074109957
41837	95,115234	-267,01706	-267,02689	-0,5527541	-0,081346124	-0,088823952	-0,074691415
41837	95,615234	-268,96704	-269,09784	-0,55564344	-0,081920251	-0,089407191	-0,075284794
41837	96,115234	-270,91705	-270,93295	-0,55878758	-0,08251819	-0,090022966	-0,075768411
41837	96,615234	-272,86703	-273,00177	-0,56227744	-0,083203971	-0,090740718	-0,076315865
41837	97,115234	-274,81705	-274,73495	-0,56506097	-0,083752736	-0,091245249	-0,076830685
41837	97,615234	-276,76706	-276,84192	-0,56903958	-0,084420979	-0,09199024	-0,077374861
41837	98,115234	-278,71704	-278,63586	-0,57229102	-0,085031584	-0,092517979	-0,077819459
41837	98,615234	-280,66705	-280,78726	-0,57599247	-0,085718676	-0,093154266	-0,078406662
41837	99,115234	-282,61703	-282,59415	-0,57885647	-0,08634007	-0,093893647	-0,078974463
41837	99,615234	-281,30453	-281,2894	-0,5774036	-0,086072698	-0,093595713	-0,078759536
41837	100,11523	-279,35455	-279,44614	-0,57500005	-0,085645527	-0,093234897	-0,078478068
41837	100,61523	-277,40454	-277,37997	-0,5725503	-0,085214764	-0,092827596	-0,077951863
41837	101,11523	-275,45453	-275,44681	-0,5693987	-0,084670514	-0,092256427	-0,077573784
41837	101,61523	-273,50455	-273,38101	-0,56665689	-0,084143296	-0,091779068	-0,077091679
41837	102,11523	-271,55453	-271,62088	-0,56516528	-0,083798736	-0,09129063	-0,076627627
41837	102,61523	-269,60455	-269,63715	-0,56171417	-0,083192557	-0,090851389	-0,076274142
41837	103,11523	-267,65454	-267,68185	-0,55865049	-0,082859963	-0,090453014	-0,075879671
41837	103,61523	-265,70453	-265,64966	-0,5553171	-0,082290739	-0,089857765	-0,075449139
41837	104,11523	-263,75455	-263,78641	-0,55253655	-0,081837147	-0,089430839	-0,075026914
41837	104,61523	-261,80453	-261,67786	-0,5508855	-0,081302792	-0,088911816	-0,074586585
41837	105,11523	-259,85455	-259,77063	-0,54763854	-0,080811426	-0,088375427	-0,074117288
41837	105,61523	-257,90454	-257,73651	-0,54487288	-0,080326572	-0,087893836	-0,073644385
41837	106,11523	-255,95454	-255,80225	-0,54182857	-0,079742908	-0,08742553	-0,073174931
41837	106,61523	-254,00455	-253,90228	-0,53946376	-0,079282805	-0,086839922	-0,072808072
41837	107,11523	-252,05453	-252,00769	-0,53665489	-0,078820989	-0,086468853	-0,072393671
41837	107,61523	-250,10454	-249,94833	-0,53391755	-0,078278512	-0,085853003	-0,071918122
41837	108,11523	-248,15454	-248,08931	-0,5307883	-0,077749878	-0,085433058	-0,071477875
41837	108,61523	-246,20454	-246,15012	-0,52819997	-0,077305317	-0,084960975	-0,071082734
41837	109,11523	-244,25455	-244,18799	-0,5250752	-0,076740891	-0,084312357	-0,070577398
41837	109,61523	-242,30453	-242,22208	-0,52241832	-0,076217324	-0,083847553	-0,07010781
41837	110,11523	-240,35454	-240,32707	-0,51968843	-0,075734884	-0,08342845	-0,069703229
41837	110,61523	-238,40454	-238,31299	-0,51664859	-0,075188547	-0,082912408	-0,06924215
41837	111,11523	-236,45454	-236,51845	-0,51364452	-0,074730858	-0,082399629	-0,068875074
41837	111,61523	-234,50455	-234,39703	-0,51075071	-0,074208647	-0,081850007	-0,068369225
41837	112,11523	-232,55453	-232,33031	-0,50744265	-0,073774055	-0,081287429	-0,067884356
41837	112,61523	-230,60454	-230,39195	-0,50438344	-0,073191941	-0,080763325	-0,06742166
41837	113,11523	-228,65454	-228,51576	-0,5015403	-0,072646946	-0,080341287	-0,067048982
41837	113,61523	-226,70454	-226,78616	-0,49960464	-0,072230294	-0,07980369	-0,066568874
41837	114,11523	-224,75455	-224,78009	-0,49652904	-0,071730241	-0,079242714	-0,066132426
41837	114,61523	-222,80453	-222,70984	-0,4930675	-0,071113005	-0,078793138	-0,06561593
41837	115,11523	-220,85454	-220,7231	-0,49063712	-0,070630521	-0,078147389	-0,065182582
41837	115,61523	-218,90454	-218,97612	-0,48748702	-0,070202157	-0,077771977	-0,064820632
41837	116,11523	-216,95454	-216,86746	-0,4844144	-0,069627911	-0,077199459	-0,064337328
41837	116,61523	-215,00453	-214,9213	-0,48127621	-0,069105133	-0,076709501	-0,063894033
41837	117,11523	-213,05453	-212,96239	-0,47887266	-0,068548441	-0,076215357	-0,063441865
41837	117,61523	-211,10454	-211,13777	-0,47581941	-0,068040624	-0,075646594	-0,063006856
41837	118,11523	-209,15454	-209,07393	-0,47250837	-0,067473531	-0,075075075	-0,062545508
41837	118,61523	-207,20454	-207,1869	-0,47005564	-0,067009076	-0,074563824	-0,062034674
41837	119,11523	-205,25453	-205,19864	-0,46748221	-0,066492602	-0,073951237	-0,061606996
41837	119,61523	-203,30453	-203,25883	-0,46358854	-0,065947682	-0,073595785	-0,061166167
41837	120,11523	-201,35454	-201,33412	-0,46123266	-0,065432981	-0,072974488	-0,060657725
41837	120,61523	-199,40454	-199,42816	-0,45844465	-0,064878196	-0,072540611	-0,060248367
41837	121,11523	-197,45454	-197,35442	-0,45517534	-0,064306319	-0,071920268	-0,059792459
41837	121,61523	-195,50453	-195,3154	-0,45156181	-0,063803598	-0,071322627	-0,059333511
41837	122,11523	-193,55453	-193,50227	-0,44972301	-0,063333765	-0,070856333	-0,058872886
41837	122,61523	-191,60454	-191,60159	-0,44593066	-0,062862024	-0,070399523	-0,058427073
41837	123,11523	-189,65454	-189,62515	-0,4432857	-0,06228663	-0,069791146	-0,057957046
41837	123,61523	-187,70454	-187,62032	-0,4401505	-0,061653048	-0,069269247	-0,057499588
41837	124,11523	-185,75453	-185,61877	-0,4373908	-0,061003014	-0,06872274	-0,056949988
41837	124,61523	-183,80453	-183,68941	-0,43399483	-0,060554445	-0,068146773	-0,056575075
41837	125,11523	-181,85454	-181,74031	-0,43060482	-0,059999928	-0,067652024	-0,056169637
41837	125,61523	-179,90454	-179,92455	-0,42780191	-0,059475601	-0,067165166	-0,055755772
41837	126,11523	-177,95454	-177,70506	-0,4240036	-0,058959574	-0,066502631	-0,05519706
41837	126,61523	-176,00453	-176,0592	-0,42130053	-0,058469683	-0,066044591	-0,054783307
41837	127,11523	-174,05453	-174,00742	-0,41884929	-0,057897583	-0,065442003	-0,05430802
41837	127,61523	-172,10454	-171,87178	-0,41533858	-0,057263777	-0,06495966	-0,053781256
41837	128,11523	-170,15454	-170,00398	-0,41224808	-0,056827664	-0,064398408	-0,053318694
41837	128,61523	-168,20454	-168,15067	-0,40913373	-0,056309462	-0,063811958	-0,052841276
41837	129,11523	-166,25453	-166,13983	-0,40628016	-0,05569534	-0,063266203	-0,052505895
41837	129,61523	-164,30453	-164,31897	-0,40336102	-0,055166319	-0,062800556	-0,052066691
41837	130,11523	-162,35454	-162,41489	-0,40052235	-0,054607227	-0,062109336	-0,051557861
41837	130,61523	-160,40454	-160,39053	-0,39668232	-0,054090694	-0,061610091	-0,051075608
41837	131,11523	-158,45454	-158,41467	-0,39358884	-0,053492397	-0,061005354	-0,050581835
41837	131,61523	-156,50453	-156,6109	-0,38985312	-0,052971631	-0,060535263	-0,050118923
41837	132,11523	-154,55453	-154,69156	-0,38672984	-0,052437872	-0,060100872	-0,04961466
41837	132,61523	-152,60454	-152,50714	-0,38402379	-0,051884964	-0,059394211	-0,049098946
41837	133,11523	-150,65454	-150,789	-0,38132221	-0,051410705	-0,058886249	-0,048781864
41837	133,61523	-148,70454	-148,64635	-0,37723482	-0,050737113	-0,058352996	-0,048268273
41837	134,11523	-146,75453	-146,71761	-0,37465543	-0,050183982	-0,057739701	-0,04777842
41837	134,61523	-144,80453	-144,76332	-0,37160516	-0,049729362	-0,05715809	-0,047291204
41837	135,11523	-142,85454	-142,74838	-0,36810189	-0,049059659	-0,056453548	-0,046806142
41837	135,61523	-140,90454	-140,85245	-0,36542416	-0,048511878	-0,055975117	-0,046314783
41837	136,11523	-138,95454	-138,84537	-0,36124885	-0,047992676	-0,055394679	-0,045740791
41837	136,61523	-137,00453	-137,0247	-0,35827607	-0,047360986	-0,054842286	-0,045321219
41837	137,11523	-135,05453	-135,03745	-0,35458356	-0,046867967	-0,054238874	-0,044850633
41837	137,61523	-133,10454	-133,06532	-0,35128146	-0,046309322	-0,053691112	-0,044370875
41837	138,11523	-131,15454	-131,20583	-0,34814179	-0,045816809	-0,053067628	-0,043970011
41837	138,61523	-129,20454	-129,2374	-0,34457594	-0,045193404	-0,052572507	-0,043419294
41837	139,11523	-127,25454	-127,26894	-0,34151524	-0,04472743	-0,051947091	-0,042941958
41837	139,61523	-125,30453	-125,37492	-0,33770502	-0,04411605	-0,051432688	-0,042404085
41837	140,11523	-123,35454	-123,40582	-0,33413023	-0,043580428	-0,050846469	-0,041918345
41837	140,61523	-121,40453	-121,37968	-0,33133328	-0,042916819	-0,05016645	-0,041472785
41837	141,11523	-119,45454	-119,35388	-0,32764375	-0,042458192	-0,049581937	-0,040932678
41837	141,61523	-117,50454	-117,64397	-0,32442659	-0,041915372	-0,049093992	-0,040462121
41837	142,11523	-115,55453	-115,5191	-0,32097697	-0,041348457	-0,048402928	-0,03992673
41837	142,61523	-113,60454	-113,55591	-0,31726658	-0,040803924	-0,047954831	-0,039372489
41837	143,11523	-111,65453	-111,66675	-0,31386763	-0,040189609	-0,047414012	-0,038894713
41837	143,61523	-109,70454	-109,81577	-0,30992031	-0,039650068	-0,046716325	-0,038376503
41837	144,11523	-107,75454	-107,58575	-0,30640215	-0,039037198	-0,046023373	-0,037815712
41837	144,61523	-105,80453	-105,65474	-0,30286908	-0,038511947	-0,045419838	-0,037316918
41837	145,11523	-103,85454	-103,98168	-0,29974878	-0,038005263	-0,044948317	-0,036864012
41837	145,61523	-101,90453	-102,00238	-0,29692352	-0,037403062	-0,04435467	-0,03631027
41837	146,11523	-99,954536	-99,904274	-0,29151589	-0,036789149	-0,043715056	-0,035775974
41837	146,61523	-98,004539	-98,029922	-0,28786063	-0,036263794	-0,04304317	-0,035303719
41837	147,11523	-96,054535	-95,947571	-0,28493851	-0,03566654	-0,042527374	-0,03468933
41837	147,61523	-94,104538	-94,14402	-0,28108358	-0,035092652	-0,041915718	-0,034170926
41837	148,11523	-92,154533	-92,040497	-0,27609617	-0,034565032	-0,041209701	-0,033584736
41837	148,61523	-90,204536	-90,080093	-0,27279407	-0,033983722	-0,040706407	-0,033028699
41837	149,11523	-88,254539	-88,143173	-0,26898533	-0,033435687	-0,040001236	-0,032535277
41837	149,61523	-86,304535	-86,329231	-0,26509315	-0,032829314	-0,039476849	-0,032003991
41837	150,11523	-84,354538	-84,268967	-0,26062429	-0,032212958	-0,038733713	-0,031444505
41837	150,61523	-82,404533	-82,341774	-0,25686622	-0,031702921	-0,038215529	-0,030869976
41837	151,11523	-80,454536	-80,467735	-0,25343001	-0,031136736	-0,037609644	-0,030352786
41837	151,61523	-78,504539	-78,557266	-0,24917871	-0,030507162	-0,036909815	-0,029744305
41837	152,11523	-76,554535	-76,494537	-0,24466813	-0,029961884	-0,036283087	-0,029224664
41837	152,61523	-74,604538	-74,545738	-0,24055541	-0,029434144	-0,0356909	-0,028684109
41837	153,11523	-72,654533	-72,705139	-0,23700297	-0,028851748	-0,035004769	-0,028153375
41837	153,61523	-70,704536	-70,537415	-0,23269653	-0,028219357	-0,034361888	-0,027559996
41837	154,11523	-68,754539	-68,801636	-0,2289176	-0,027684346	-0,033866312	-0,027006596
41837	154,61523	-66,804535	-66,732521	-0,22389889	-0,027048483	-0,033059388	-0,026368983
41837	155,11523	-64,854538	-64,710197	-0,21979958	-0,026421621	-0,032458384	-0,025758602
41837	155,61523	-62,904537	-62,798759	-0,21529496	-0,025916696	-0,031762011	-0,025154039
41837	156,11523	-60,954536	-60,912865	-0,21062344	-0,025328144	-0,031052377	-0,024704263
41837	156,61523	-59,004536	-59,109821	-0,20718277	-0,024692371	-0,030480759	-0,024150357
41837	157,11523	-57,054535	-57,046917	-0,20281971	-0,024118602	-0,029796397	-0,023538113
41837	157,61523	-55,104534	-55,095829	-0,19755214	-0,023560092	-0,029175052	-0,022929549
41837	158,11523	-53,154537	-53,184353	-0,19316673	-0,022954121	-0,028486658	-0,022386067
41837	158,61523	-51,204536	-51,112411	-0,18863976	-0,022355795	-0,027676821	-0,02171275
41837	159,11523	-49,254536	-49,235817	-0,18426478	-0,021722734	-0,027077623	-0,021112971
41837	159,61523	-47,304535	-47,280121	-0,17965436	-0,021133021	-0,026385609	-0,020527117
41837	160,11523	-45,354534	-45,264793	-0,17444938	-0,02050668	-0,025685335	-0,019909173
41837	160,61523	-43,404533	-43,367126	-0,16985536	-0,019876599	-0,024920648	-0,019370183
41837	161,11523	-41,454536	-41,353386	-0,16441643	-0,019241825	-0,024202501	-0,018648446
41837	161,61523	-39,504536	-39,527615	-0,15979558	-0,018735036	-0,023494517	-0,018070303
41837	162,11523	-37,554535	-37,540409	-0,15456527	-0,018026635	-0,02275851	-0,017502546
41837	162,61523	-35,604534	-35,605366	-0,15022606	-0,0174485	-0,02199075	-0,016861521
41837	163,11523	-33,654533	-33,53727	-0,14408827	-0,016792104	-0,021195255	-0,016166173
41837	163,61523	-31,704535	-31,684238	-0,13896525	-0,016165465	-0,02054598	-0,015553474
41837	164,11523	-29,754536	-29,67378	-0,13392717	-0,01547955	-0,019652782	-0,014843114
41837	164,61523	-27,804535	-27,705788	-0,12813807	-0,014822036	-0,018912552	-0,01418785
41837	165,11523	-25,854534	-25,799702	-0,12255162	-0,014254466	-0,018128432	-0,01351928
41837	165,61523	-23,904535	-23,827465	-0,11804849	-0,013566986	-0,017205639	-0,012859106
41837	166,11523	-21,954535	-21,781155	-0,11162162	-0,012950599	-0,01652956	-0,012188517
41837	166,61523	-20,004534	-19,90222	-0,10475814	-0,012239248	-0,015668813	-0,011543617
41837	167,11523	-18,054535	-17,93005	-0,09881109	-0,011571929	-0,014718337	-0,010869928
41837	167,61523	-16,104534	-16,101091	-0,092507899	-0,010913372	-0,013963313	-0,010204159
41837	168,11523	-14,154534	-14,054372	-0,08534044	-0,010160327	-0,013057465	-0,0094462037
41837	168,61523	-12,204535	-12,121297	-0,077369809	-0,0094057024	-0,012074784	-0,0087411776
41837	169,11523	-10,254535	-10,149178	-0,070311129	-0,008682102	-0,011185778	-0,0079021677
41837	169,61523	-8,304534	-8,1565418	-0,061026216	-0,007883653	-0,0099869063	-0,007147342
41837	170,11523	-6,3545341	-6,2400603	-0,051213801	-0,0071799457	-0,0090863379	-0,0062863007
41837	170,61523	-4,4045343	-4,5557952	-0,041584671	-0,0064663142	-0,008183891	-0,0055358112
41837	171,11523	-5,3818827	-4,8760195	-0,041784346	-0,0063526481	-0,008098945	-0,0055347383
41837	171,61523	-7,331883	-7,26266	-0,051964819	-0,007034272	-0,0088928351	-0,006161809
41837	172,11523	-9,2818832	-9,1870785	-0,060288608	-0,0075915903	-0,0096277399	-0,0067021102
41837	172,61523	-11,231883	-11,186116	-0,067147613	-0,0081960112	-0,010244379	-0,0072245076
41837	173,11523	-13,181883	-13,069166	-0,074607134	-0,0088045299	-0,011042174	-0,0077786297
41837	173,61523	-15,131883	-15,014729	-0,081065297	-0,0094127357	-0,011889833	-0,0082286522
41837	174,11523	-17,081882	-17,107143	-0,087530911	-0,010063469	-0,012543711	-0,0088229701
41837	174,61523	-19,031883	-18,992994	-0,093178451	-0,010523126	-0,013312687	-0,0093333796
41837	175,11523	-20,981884	-21,069992	-0,098958611	-0,011303946	-0,014012183	-0,0099686161
41837	175,61523	-22,931883	-22,986992	-0,10356307	-0,011935502	-0,014740553	-0,01049532
41837	176,11523	-24,881884	-24,94832	-0,1101017	-0,012588337	-0,015512143	-0,011089347
41837	176,61523	-26,831882	-26,850197	-0,11484921	-0,01316309	-0,016187811	-0,011606269
41837	177,11523	-28,781883	-28,764566	-0,12045652	-0,013820365	-0,016861761	-0,012138888
41837	177,61523	-30,731884	-30,759819	-0,12527406	-0,014536306	-0,017679047	-0,01269526
41837	178,11523	-32,681885	-32,674011	-0,13030916	-0,015004158	-0,018195864	-0,013269447
41837	178,61523	-34,631882	-34,751213	-0,13508946	-0,015751049	-0,019151408	-0,013843343
41837	179,11523	-36,581882	-36,66753	-0,14042258	-0,016311973	-0,019840723	-0,014344588
41837	179,61523	-38,531883	-38,663471	-0,14491826	-0,016970143	-0,020472463	-0,014900975
41837	180,11523	-40,481884	-40,472427	-0,14978647	-0,017534927	-0,021178991	-0,015437752
41837	180,61523	-42,431885	-42,515957	-0,15468597	-0,018162981	-0,021935141	-0,01601167
41837	181,11523	-44,381886	-44,406727	-0,15888065	-0,018781513	-0,022608588	-0,016471103
41837	181,61523	-46,331882	-46,376453	-0,16341954	-0,019387782	-0,023245193	-0,017034985
41837	182,11523	-48,281883	-48,228321	-0,16827285	-0,019977733	-0,02393659	-0,017604522
41837	182,61523	-50,231884	-50,240433	-0,17252564	-0,02068007	-0,024650447	-0,018191218
41837	183,11523	-52,181885	-52,31419	-0,17760098	-0,021273136	-0,025350232	-0,018764272
41837	183,61523	-54,131886	-54,207397	-0,18189847	-0,022007659	-0,025917526	-0,019250736
41837	184,11523	-56,081882	-56,172867	-0,18677115	-0,022560745	-0,026643537	-0,019766174
41837	184,61523	-58,031883	-58,083603	-0,19102395	-0,023095995	-0,027370062	-0,020308219
41837	185,11523	-59,981884	-60,10181	-0,19567907	-0,023791075	-0,027998805	-0,020851485
41837	185,61523	-61,931885	-61,883724	-0,19987375	-0,024307385	-0,028626598	-0,021323375
41837	186,11523	-63,881886	-63,949806	-0,20333678	-0,024974674	-0,029279055	-0,021803208
41837	186,61523	-65,831886	-65,904503	-0,20762235	-0,025538251	-0,029850151	-0,022381179
41837	187,11523	-67,781883	-67,664925	-0,21225512	-0,026162729	-0,030484859	-0,022906907
41837	187,61523	-69,731888	-69,674355	-0,2160877	-0,026783466	-0,031129241	-0,023501404
41837	188,11523	-71,681885	-71,569801	-0,2203688	-0,027366742	-0,031885628	-0,024058305
41837	188,61523	-73,631882	-73,564201	-0,22430569	-0,027921706	-0,032508977	-0,024502277
41837	189,11523	-75,581886	-75,641335	-0,22924542	-0,028671935	-0,033128671	-0,025083765
41837	189,61523	-77,531883	-77,776497	-0,23277998	-0,029280826	-0,033859376	-0,025643282
41837	190,11523	-79,481888	-79,447121	-0,23768842	-0,029839858	-0,034460422	-0,02613043
41837	190,61523	-81,431885	-81,332481	-0,23988634	-0,030311316	-0,034990102	-0,026600108
41837	191,11523	-83,381882	-83,34687	-0,24468005	-0,031059727	-0,035641681	-0,027124129
41837	191,61523	-85,331886	-85,335403	-0,24899393	-0,031611472	-0,036311969	-0,027636804
41837	192,11523	-87,281883	-87,255981	-0,25314093	-0,032109588	-0,036933634	-0,028209731
41837	192,61523	-89,231888	-89,327454	-0,25757253	-0,032743096	-0,037520416	-0,028782114
41837	193,11523	-91,181885	-91,376038	-0,26094019	-0,033415988	-0,038128473	-0,029340684
41837	193,61523	-93,131882	-93,167732	-0,26395172	-0,033919588	-0,038671825	-0,029802144
41837	194,11523	-95,081886	-95,006088	-0,26822239	-0,034483716	-0,039446414	-0,030281477
41837	194,61523	-97,031883	-97,270554	-0,2725333	-0,035168424	-0,040033296	-0,030834921
41837	195,11523	-98,981888	-99,004921	-0,27583241	-0,035634175	-0,04069902	-0,031319305
41837	195,61523	-100,93188	-100,87197	-0,27980953	-0,036245197	-0,041279279	-0,031775229
41837	196,11523	-102,88188	-102,80732	-0,28371662	-0,036806658	-0,041866947	-0,03226199
41837	196,61523	-104,83189	-104,88748	-0,28759241	-0,037442327	-0,042524453	-0,03282015
41837	197,11523	-106,78188	-106,7455	-0,29126108	-0,038002506	-0,043053661	-0,033361427
41837	197,61523	-108,73189	-108,745	-0,29522032	-0,038619444	-0,04366944	-0,033851393
41837	198,11523	-110,68188	-110,69962	-0,29803962	-0,039207086	-0,044369273	-0,034457654
41837	198,61523	-112,63188	-112,83834	-0,30258894	-0,039820611	-0,045149945	-0,034921996
41837	199,11523	-114,58189	-114,63528	-0,30582845	-0,040362284	-0,045560271	-0,035374336
41837	199,61523	-116,53188	-116,49361	-0,30939132	-0,040932879	-0,046163719	-0,035837732
41837	200,11523	-118,48189	-118,48563	-0,31293333	-0,041579694	-0,046724454	-0,036320232
41837	200,61523	-120,43188	-120,3444	-0,31707287	-0,042115703	-0,047319353	-0,036803812
41837	201,11523	-122,38189	-122,43675	-0,31991899	-0,0427109	-0,047959015	-0,037384003
41837	201,61523	-124,33189	-124,45911	-0,32386333	-0,043349937	-0,048582021	-0,037887722
41837	202,11523	-126,28188	-126,43012	-0,3273204	-0,043965623	-0,049104556	-0,038464524
41837	202,61523	-128,23189	-128,36821	-0,33161044	-0,04457812	-0,049867984	-0,03888645
41837	203,11523	-130,18188	-130,32077	-0,33410192	-0,045132414	-0,05044324	-0,039422087
41837	203,61523	-132,13188	-132,27063	-0,33771545	-0,045683339	-0,051008612	-0,039896972
41837	204,11523	-134,08188	-134,12091	-0,34150034	-0,04625234	-0,051497407	-0,040368982
41837	204,61523	-136,03189	-136,17369	-0,34475029	-0,04679729	-0,052062728	-0,040794164
41837	205,11523	-137,98189	-137,93718	-0,34833699	-0,047342017	-0,052794956	-0,041273914
41837	205,61523	-139,93188	-140,0152	-0,35113394	-0,04801932	-0,053336605	-0,041737184
41837	206,11523	-141,88188	-141,87547	-0,35475492	-0,048599139	-0,053942066	-0,042282365
41837	206,61523	-143,83188	-143,91925	-0,35851747	-0,049211845	-0,05457966	-0,042798124
41837	207,11523	-145,78189	-145,83473	-0,36179423	-0,049765274	-0,055113576	-0,043315023
41837	207,61523	-147,73189	-147,8331	-0,36449134	-0,050373316	-0,055858582	-0,043808885
41837	208,11523	-149,68188	-149,80902	-0,36786497	-0,050922528	-0,056308616	-0,044323914
41837	208,61523	-151,63188	-151,70572	-0,37160069	-0,051533401	-0,056903422	-0,044763096
41837	209,11523	-153,58189	-153,57047	-0,37510395	-0,052048638	-0,057509597	-0,045198046
41837	209,61523	-155,53189	-155,50406	-0,37787408	-0,05262737	-0,058094531	-0,045731418
41837	210,11523	-157,48189	-157,54472	-0,38176477	-0,053228825	-0,058573589	-0,046251617
41837	210,61523	-159,43188	-159,52438	-0,38481802	-0,053770468	-0,059240185	-0,046752371
41837	211,11523	-161,38188	-161,53546	-0,38867742	-0,054464176	-0,059816055	-0,047264874
41837	211,61523	-163,33189	-163,32672	-0,39106309	-0,054912269	-0,060412392	-0,0477072
41837	212,11523	-165,28189	-165,51131	-0,39439797	-0,055600196	-0,061116096	-0,04822661
41837	212,61523	-167,23189	-167,25302	-0,39736181	-0,056005701	-0,061582699	-0,048585236
41837	213,11523	-169,18188	-169,03743	-0,40090382	-0,056628376	-0,062116977	-0,049024254
41837	213,61523	-171,13188	-171,18362	-0,40415823	-0,057228029	-0,062802725	-0,049585767
41837	214,11523	-173,08189	-173,19974	-0,40792674	-0,057813957	-0,063341178	-0,050121486
41837	214,61523	-175,03189	-175,16228	-0,41110963	-0,058341697	-0,063924879	-0,050594717
41837	215,11523	-176,98189	-177,10129	-0,41432977	-0,058962315	-0,064535163	-0,051046953
41837	215,61523	-178,93188	-179,01566	-0,4174009	-0,059499815	-0,064939804	-0,051516689
41837	216,11523	-180,88188	-181,10475	-0,42136759	-0,06013824	-0,065666065	-0,052005082
41837	216,61523	-182,83189	-182,80055	-0,42414218	-0,060577467	-0,066158213	-0,052466348
41837	217,11523	-184,78189	-184,92848	-0,4272908	-0,06125997	-0,066815346	-0,052984551
41837	217,61523	-186,73189	-186,69075	-0,42991638	-0,061843306	-0,067388572	-0,053354956
41837	218,11523	-188,68188	-188,73845	-0,43411255	-0,062364474	-0,067896351	-0,053868361
41837	218,61523	-190,63188	-190,70967	-0,43602288	-0,062909037	-0,068487354	-0,054384604
41837	219,11523	-192,58189	-192,73129	-0,44	-0,063516244	-0,069079064	-0,054901168
41837	219,61523	-194,53189	-194,5909	-0,44337213	-0,064095557	-0,06964682	-0,055377096
41837	220,11523	-196,48189	-196,57605	-0,44694245	-0,064622849	-0,070248932	-0,055875644
41837	220,61523	-198,43188	-198,50439	-0,44916272	-0,065192029	-0,070760787	-0,056336738
41837	221,11523	-200,38188	-200,34294	-0,45277774	-0,065787673	-0,071327269	-0,056750767
41837	221,61523	-202,33189	-202,38197	-0,45608431	-0,066409692	-0,071910135	-0,057236128
41837	222,11523	-204,28189	-204,47299	-0,45923144	-0,066966832	-0,072488241	-0,057746276
41837	222,61523	-206,23189	-206,30141	-0,46235472	-0,067424715	-0,07304576	-0,058229454
41837	223,11523	-208,18188	-208,0946	-0,46488196	-0,067955256	-0,073592596	-0,058654949
41837	223,61523	-210,13188	-210,1386	-0,46907961	-0,068526551	-0,074166015	-0,05910448
41837	224,11523	-212,08189	-212,16484	-0,47182441	-0,069119826	-0,074813962	-0,059625797
41837	224,61523	-214,03189	-214,25708	-0,47468841	-0,069830135	-0,075376332	-0,060174622
41837	225,11523	-215,98189	-216,02568	-0,47764182	-0,070274189	-0,075835988	-0,060596734
41837	225,61523	-217,93188	-217,99393	-0,48104674	-0,070808604	-0,076526403	-0,061112173
41837	226,11523	-219,88188	-219,95317	-0,48429668	-0,071393013	-0,077085756	-0,061594263
41837	226,61523	-221,83189	-221,96565	-0,48750639	-0,071996152	-0,077521563	-0,062065303
41837	227,11523	-223,78189	-223,91556	-0,48990101	-0,072460279	-0,078141838	-0,062488019
41837	227,61523	-225,73189	-225,72298	-0,4931733	-0,073088884	-0,078686461	-0,06296359
41837	228,11523	-227,68188	-227,81097	-0,4961729	-0,073662058	-0,079347327	-0,063471042
41837	228,61523	-229,63188	-229,85339	-0,49918741	-0,074237213	-0,080012172	-0,06387426
41837	229,11523	-231,58189	-231,81886	-0,50282627	-0,07484135	-0,080451421	-0,064420864
41837	229,61523	-233,53189	-233,65988	-0,50548613	-0,07534191	-0,080962293	-0,064937979
41837	230,11523	-235,48189	-235,55304	-0,50884932	-0,07587634	-0,081587046	-0,065388262
41837	230,61523	-237,43188	-237,62039	-0,51205605	-0,076434061	-0,082019143	-0,065854609
41837	231,11523	-239,38188	-239,43149	-0,51452965	-0,077068597	-0,08271303	-0,066302925
41837	231,61523	-241,33189	-241,47739	-0,51805675	-0,077608481	-0,083225712	-0,066801861
41837	232,11523	-243,28189	-243,53809	-0,52130371	-0,07821402	-0,083809771	-0,067306191
41837	232,61523	-245,23189	-245,36893	-0,52372068	-0,078687683	-0,084343456	-0,067688793
41837	233,11523	-247,18188	-247,27602	-0,52776933	-0,079202786	-0,084885404	-0,068175234
41837	233,61523	-249,13188	-249,42307	-0,53038895	-0,079845518	-0,085676707	-0,06874755
41837	234,11523	-251,08189	-251,44525	-0,53376406	-0,080435231	-0,086121745	-0,069274195
41837	234,61523	-253,03189	-253,15518	-0,53648353	-0,080919638	-0,086536653	-0,069646955
41837	235,11523	-254,98189	-255,1299	-0,53980052	-0,081455514	-0,087134652	-0,070193127
41837	235,61523	-256,93188	-257,20355	-0,5429998	-0,082124963	-0,087870322	-0,070723668
41837	236,11523	-258,8819	-258,974	-0,5452171	-0,082602873	-0,088270858	-0,071057372
41837	236,61523	-260,83188	-260,99509	-0,5480051	-0,083161712	-0,088920131	-0,071598388
41837	237,11523	-262,78189	-262,81406	-0,55096298	-0,08366318	-0,08943902	-0,072021283
41837	237,61523	-264,7319	-264,80957	-0,55491924	-0,084283575	-0,089942254	-0,072526038
41837	238,11523	-266,68188	-266,76611	-0,55773407	-0,084918052	-0,090522125	-0,073034659
41837	238,61523	-268,6319	-268,74457	-0,56083053	-0,085437402	-0,091173857	-0,073516726
41837	239,11523	-270,58188	-270,69266	-0,5637005	-0,085916549	-0,09174148	-0,074047342
41837	239,61523	-272,53189	-272,66696	-0,56656003	-0,086595714	-0,092314169	-0,074487805
41837	240,11523	-274,4819	-274,60455	-0,57016015	-0,087125272	-0,092928588	-0,074995451
41837	240,61523	-276,43188	-276,65112	-0,57274848	-0,087797418	-0,093508087	-0,075492516
41837	241,11523	-278,3819	-278,49945	-0,57639927	-0,088259742	-0,094058976	-0,075939812
41837	241,61523	-277,68604	-277,85773	-0,57529807	-0,08816269	-0,093888648	-0,075822845
41837	242,11523	-275,73602	-275,7728	-0,57343096	-0,087667406	-0,093344949	-0,075353146
41837	242,61523	-273,78604	-273,64911	-0,57023317	-0,087207407	-0,092925712	-0,074941464
41837	243,11523	-271,83603	-271,83765	-0,5673632	-0,086648867	-0,092453144	-0,074565291
41837	243,61523	-269,88605	-269,8605	-0,56491792	-0,086218581	-0,092016958	-0,074169457
41837	244,11523	-267,93604	-267,94171	-0,56189746	-0,08577317	-0,091573253	-0,073773712
41837	244,61523	-265,98602	-266,10593	-0,56005716	-0,085319281	-0,091010995	-0,073333383
41837	245,11523	-264,03604	-264,06531	-0,55651665	-0,084782153	-0,09052816	-0,072895482
41837	245,61523	-262,08603	-262,06464	-0,55394173	-0,08424519	-0,090065621	-0,072412468
41837	246,11523	-260,13605	-260,19208	-0,55099279	-0,083800465	-0,08952269	-0,071992427
41837	246,61523	-258,18604	-258,17828	-0,54793805	-0,083252057	-0,08900667	-0,071569026
41837	247,11523	-256,23602	-256,32269	-0,54515451	-0,082850173	-0,088542819	-0,071130447
41837	247,61523	-254,28604	-254,248	-0,54250807	-0,082181573	-0,087985955	-0,070709765
41837	248,11523	-252,33603	-252,14757	-0,53926408	-0,081746519	-0,087508157	-0,070265658
41837	248,61523	-250,38603	-250,21959	-0,53613484	-0,081168681	-0,086944915	-0,069771104
41837	249,11523	-248,43604	-248,44292	-0,53436309	-0,080796123	-0,086558491	-0,06940493
41837	249,61523	-246,48604	-246,34911	-0,53137839	-0,080132231	-0,085967503	-0,068880171
41837	250,11523	-244,53604	-244,35837	-0,52876472	-0,079728171	-0,085452557	-0,068403065
41837	250,61523	-242,58603	-242,55074	-0,52557588	-0,079196915	-0,085039429	-0,068034969
41837	251,11523	-240,63603	-240,63533	-0,52283257	-0,078673795	-0,084489726	-0,067545995
41837	251,61523	-238,68604	-238,54292	-0,51965266	-0,078132913	-0,083857462	-0,067132853
41837	252,11523	-236,73604	-236,73729	-0,51687658	-0,077708706	-0,083507977	-0,066763282
41837	252,61523	-234,78604	-234,52991	-0,51414371	-0,077093855	-0,082991295	-0,066260859
41837	253,11523	-232,83603	-232,81247	-0,51107705	-0,076659545	-0,082432434	-0,065860882
41837	253,61523	-230,88603	-230,76004	-0,50863028	-0,076052472	-0,081996389	-0,065388858
41837	254,11523	-228,93604	-228,8586	-0,50508678	-0,075653344	-0,081485018	-0,064923257
41837	254,61523	-226,98604	-226,89514	-0,50283074	-0,075049877	-0,080950975	-0,064498395
41837	255,11523	-225,03604	-225,05313	-0,49952716	-0,074491084	-0,080411099	-0,064043216
41837	255,61523	-223,08603	-222,98306	-0,49676299	-0,073983073	-0,079816081	-0,063570991
41837	256,11523	-221,13603	-221,01407	-0,49379468	-0,073482558	-0,079365224	-0,063142918
41837	256,61523	-219,18604	-218,96758	-0,49067289	-0,072931603	-0,078783341	-0,062650792
41837	257,11523	-217,23604	-217,10107	-0,48858225	-0,072436959	-0,078303643	-0,062197685
41837	257,61523	-215,28603	-215,04144	-0,4845798	-0,07186304	-0,07776919	-0,061735488
41837	258,11523	-213,33603	-213,11784	-0,48250705	-0,071399614	-0,077272527	-0,06127809
41837	258,61523	-211,38603	-211,12936	-0,47922581	-0,070825547	-0,076618716	-0,06075535
41837	259,11523	-209,43604	-209,35902	-0,47675818	-0,070363581	-0,076191552	-0,060399711
41837	259,61523	-207,48604	-207,27435	-0,47312975	-0,069877982	-0,075719908	-0,059904829
41837	260,11523	-205,53603	-205,55031	-0,47030449	-0,069339365	-0,075162843	-0,059527203
41837	260,61523	-203,58603	-203,57381	-0,46738237	-0,068901688	-0,074648902	-0,059130035
41837	261,11523	-201,63603	-201,76617	-0,46444088	-0,068339214	-0,074161701	-0,058695748
41837	261,61523	-199,68604	-199,61452	-0,46122968	-0,067733988	-0,073528729	-0,058169477
41837	262,11523	-197,73604	-197,60855	-0,45876056	-0,067222163	-0,073039152	-0,057670623
41837	262,61523	-195,78603	-195,5034	-0,4554525	-0,066674158	-0,072412908	-0,057170972
41837	263,11523	-193,83603	-193,77628	-0,45304447	-0,066204652	-0,071989201	-0,05677481
41837	263,61523	-191,88603	-191,73508	-0,44980496	-0,065590233	-0,071395494	-0,056301787
41837	264,11523	-189,93604	-189,82771	-0,44653267	-0,065062672	-0,070781864	-0,055832878
41837	264,61523	-187,98604	-187,87869	-0,44391006	-0,064540356	-0,070329472	-0,055376232
41837	265,11523	-186,03603	-185,98099	-0,44051707	-0,063991264	-0,069884807	-0,054984294
41837	265,61523	-184,08603	-184,015	-0,43664873	-0,063486934	-0,06926842	-0,054573424
41837	266,11523	-182,13603	-182,1096	-0,43440163	-0,062948987	-0,068794765	-0,054129362
41837	266,61523	-180,18604	-180,17278	-0,43160766	-0,062390968	-0,068222791	-0,053638376
41837	267,11523	-178,23604	-178,23164	-0,42787343	-0,061919212	-0,067626998	-0,053208187
41837	267,61523	-176,28603	-176,29845	-0,42513758	-0,061346456	-0,06710884	-0,052744366
41837	268,11523	-174,33603	-174,43684	-0,4222393	-0,060821503	-0,066577837	-0,052301534
41837	268,61523	-172,38603	-172,33678	-0,41867793	-0,060210168	-0,065998159	-0,05175478
41837	269,11523	-170,43604	-170,3318	-0,41679442	-0,059670061	-0,065515801	-0,05127725
41837	269,61523	-168,48604	-168,27068	-0,41275322	-0,059115365	-0,064858519	-0,050778605
41837	270,11523	-166,53603	-166,4046	-0,41000098	-0,058498338	-0,06436526	-0,050397635
41837	270,61523	-164,58603	-164,40813	-0,40663928	-0,058050364	-0,063843444	-0,049881235
41837	271,11523	-162,63603	-162,52528	-0,40319115	-0,057437658	-0,0631954	-0,049422219
41837	271,61523	-160,68604	-160,63632	-0,40071458	-0,056957603	-0,062672198	-0,049000926
41837	272,11523	-158,73604	-158,70451	-0,39676577	-0,056361064	-0,062165853	-0,048542708
41837	272,61523	-156,78603	-156,71132	-0,39397031	-0,055836499	-0,061511885	-0,048062973
41837	273,11523	-154,83603	-154,77541	-0,39126873	-0,055292293	-0,061067112	-0,047545843
41837	273,61523	-152,88603	-152,7457	-0,38739294	-0,054706976	-0,060540952	-0,04710909
41837	274,11523	-150,93604	-150,77141	-0,38442463	-0,054115728	-0,059806939	-0,046631232
41837	274,61523	-148,98604	-149,00104	-0,38174093	-0,053671017	-0,059343327	-0,046214834
41837	275,11523	-147,03603	-147,01936	-0,37815422	-0,053113788	-0,058789644	-0,045701221
41837	275,61523	-145,08603	-145,04233	-0,37409812	-0,052558988	-0,0582214	-0,045256764
41837	276,11523	-143,13603	-142,98801	-0,37134737	-0,051960826	-0,057661034	-0,044749863
41837	276,61523	-141,18604	-141,08255	-0,36864579	-0,051375389	-0,057050254	-0,04423549
41837	277,11523	-139,23604	-139,2066	-0,36480725	-0,050810605	-0,05648645	-0,043823503
41837	277,61523	-137,28603	-137,29874	-0,36196709	-0,050331756	-0,056002304	-0,043320596
41837	278,11523	-135,33603	-135,12772	-0,35845339	-0,049687445	-0,0552359	-0,042770877
41837	278,61523	-133,38603	-133,28496	-0,3549248	-0,049203813	-0,054774262	-0,042319663
41837	279,11523	-131,43604	-131,37427	-0,35118908	-0,048544437	-0,054249026	-0,041842371
41837	279,61523	-129,48604	-129,43477	-0,34849495	-0,048027888	-0,053610697	-0,041400962
41837	280,11523	-127,53603	-127,43428	-0,34409016	-0,047428623	-0,053039107	-0,04089506
41837	280,61523	-125,58603	-125,4971	-0,3414467	-0,046900168	-0,052409515	-0,040419891
41837	281,11523	-123,63603	-123,46822	-0,33791512	-0,046289682	-0,051820882	-0,039899118
41837	281,61523	-121,68603	-121,58815	-0,33455193	-0,04577969	-0,051279563	-0,039421447
41837	282,11523	-119,73603	-119,51931	-0,33089817	-0,045180529	-0,050542217	-0,038818918
41837	282,61523	-117,78603	-117,61015	-0,32729656	-0,044645414	-0,050020117	-0,038407363
41837	283,11523	-115,83603	-115,78716	-0,32432824	-0,044124782	-0,049492549	-0,037909694
41837	283,61523	-113,88603	-113,8666	-0,32101125	-0,043579504	-0,048891004	-0,037442639
41837	284,11523	-111,93603	-111,90055	-0,3177315	-0,043035045	-0,048311301	-0,037025526
41837	284,61523	-109,98603	-109,85419	-0,31379014	-0,04240492	-0,047700029	-0,036442995
41837	285,11523	-108,03603	-107,99458	-0,31017512	-0,041866571	-0,047052685	-0,035914324
41837	285,61523	-106,08603	-105,83179	-0,30650645	-0,041203812	-0,046505243	-0,035356097
41837	286,11523	-104,13603	-104,00613	-0,30296594	-0,040654123	-0,045823757	-0,034850024
41837	286,61523	-102,18603	-101,95335	-0,29924065	-0,040085956	-0,045182288	-0,03434699
41837	287,11523	-100,23603	-100,16243	-0,29560924	-0,039526552	-0,044714171	-0,033845626
41837	287,61523	-98,286034	-98,098076	-0,29137433	-0,038929954	-0,044022683	-0,033274911
41837	288,11523	-96,336029	-96,249985	-0,28808415	-0,038352713	-0,043495975	-0,03277906
41837	288,61523	-94,386032	-94,222267	-0,284262	-0,037793785	-0,042760376	-0,03222248
41837	289,11523	-92,436028	-92,353424	-0,28006583	-0,037225708	-0,042159099	-0,031729199
41837	289,61523	-90,486031	-90,380287	-0,27619749	-0,036632523	-0,041634507	-0,031153835
41837	290,11523	-88,536034	-88,571106	-0,27286559	-0,036122635	-0,041017137	-0,030732408
41837	290,61523	-86,586029	-86,456955	-0,26854873	-0,035474777	-0,040393557	-0,030181214
41837	291,11523	-84,636032	-84,512299	-0,2648741	-0,034949914	-0,039742514	-0,029609591
41837	291,61523	-82,686028	-82,587074	-0,26170909	-0,034339562	-0,039207999	-0,029081263
41837	292,11523	-80,736031	-80,737663	-0,25759786	-0,033792242	-0,038451701	-0,028548531
41837	292,61523	-78,786034	-78,692451	-0,25267452	-0,033185974	-0,037860285	-0,027928911
41837	293,11523	-76,836029	-76,688759	-0,24868101	-0,032554716	-0,03725275	-0,027447306
41837	293,61523	-74,886032	-74,807961	-0,24441332	-0,032021895	-0,036641579	-0,026887096
41837	294,11523	-72,936028	-72,830841	-0,24022758	-0,031434834	-0,035963535	-0,026358411
41837	294,61523	-70,986031	-70,751076	-0,23592561	-0,030790016	-0,03520957	-0,025718324
41837	295,11523	-69,036034	-68,999321	-0,23215413	-0,030210868	-0,034581579	-0,02520036
41837	295,61523	-67,086029	-66,916069	-0,22800416	-0,029697418	-0,0339549	-0,024593212
41837	296,11523	-65,136032	-64,993515	-0,22361726	-0,029031202	-0,03331019	-0,024042971
41837	296,61523	-63,186031	-63,039097	-0,21939129	-0,028429076	-0,032628007	-0,023484997
41837	297,11523	-61,236031	-61,12178	-0,21490008	-0,0278873	-0,031978291	-0,022881009
41837	297,61523	-59,28603	-59,028851	-0,21024495	-0,027205691	-0,03119549	-0,022306614
41837	298,11523	-57,336029	-57,3041	-0,20602345	-0,026701733	-0,030690487	-0,021885052
41837	298,61523	-55,386028	-55,336033	-0,20175576	-0,026037514	-0,029978435	-0,021305904
41837	299,11523	-53,436031	-53,460258	-0,19711852	-0,02538909	-0,029322114	-0,02072566
41837	299,61523	-51,486031	-51,408203	-0,19241869	-0,024762213	-0,028553605	-0,02012156
41837	300,11523	-49,53603	-49,34864	-0,18714517	-0,024090543	-0,027887482	-0,019519538
41837	300,61523	-47,586029	-47,536636	-0,18322766	-0,023506179	-0,027127022	-0,018949158
41837	301,11523	-45,636028	-45,584801	-0,17817169	-0,022906527	-0,026539475	-0,018361442
41837	301,61523	-43,686028	-43,703911	-0,17399341	-0,022403821	-0,025698941	-0,01778964
41837	302,11523	-41,736031	-41,652363	-0,16855597	-0,021630749	-0,024995143	-0,01707916
41837	302,61523	-39,78603	-39,69574	-0,16367286	-0,020939827	-0,024194313	-0,016520917
41837	303,11523	-37,836029	-37,614056	-0,15856624	-0,020241782	-0,023460811	-0,01589109
41837	303,61523	-35,886028	-35,812862	-0,15355051	-0,019695878	-0,022804618	-0,015274286
41837	304,11523	-33,936028	-33,71246	-0,14828593	-0,018964037	-0,021978596	-0,014709845
41837	304,61523	-31,986029	-31,884014	-0,14324933	-0,0183305	-0,021197649	-0,014133029
41837	305,11523	-30,03603	-29,995771	-0,13803691	-0,01767692	-0,020396257	-0,013571821
41837	305,61523	-28,086029	-27,955751	-0,13198406	-0,017009661	-0,019707534	-0,012926355
41837	306,11523	-26,136028	-26,02701	-0,12615323	-0,016276345	-0,018814938	-0,012315914
41837	306,61523	-24,186029	-24,035492	-0,12021363	-0,01560685	-0,017913034	-0,011612996
41837	307,11523	-22,236029	-22,176123	-0,11498481	-0,014878064	-0,017171875	-0,011007473
41837	307,61523	-20,286028	-20,207096	-0,10859966	-0,014075875	-0,016309755	-0,010395169
41837	308,11523	-18,336029	-18,22875	-0,10239184	-0,013385952	-0,015433384	-0,0097093806
41837	308,61523	-16,386028	-16,209036	-0,095108151	-0,012556806	-0,014499906	-0,009086892
41837	309,11523	-14,436028	-14,262556	-0,089028478	-0,011857182	-0,013699778	-0,0084652081
41837	309,61523	-12,486029	-12,429403	-0,082084537	-0,011078164	-0,012778819	-0,0078803599
41837	310,11523	-10,536029	-10,484262	-0,073325634	-0,010131493	-0,011714252	-0,0072290227
41837	310,61523	-8,5860281	-8,5548134	-0,064654648	-0,0092439651	-0,010802935	-0,0067674145
41837	311,11523	-6,6360283	-6,6007395	-0,055286288	-0,008352533	-0,0098667759	-0,0060945749
41837	311,61523	-4,6860285	-4,6328959	-0,044214725	-0,0073861182	-0,008754977	-0,0053602308
41837	312,11523	-3,927	-4,1546507	-0,040400028	-0,0071284324	-0,0083609726	-0,0051050261
41837	312,61523	-3,927	-3,9528461	-0,039389729	-0,0068809539	-0,0081704827	-0,0049882606
41837	313,11523	-3,927	-3,8299673	-0,037688017	-0,0068194866	-0,0079904953	-0,0049454868
41837	313,61523	-3,927	-3,8019381	-0,037410855	-0,0066974461	-0,0079776142	-0,0048745647
41837	314,11523	-3,927	-3,7091599	-0,036583841	-0,0066744238	-0,0079463813	-0,0047901273
41837	314,61523	-3,927	-3,8009155	-0,03734082	-0,0066667199	-0,0078340443	-0,0047769397
41837	315,11523	-3,927	-3,8783419	-0,037336349	-0,0067170858	-0,0079591786	-0,0048190504
41837	315,61523	-3,927	-3,8572643	-0,037784874	-0,006646812	-0,0078572985	-0,0047468841
41837	316,11523	-3,927	-3,8972423	-0,037415326	-0,0066171587	-0,0078548184	-0,0047808513
41837	316,61523	-3,927	-3,8655512	-0,037182868	-0,0065935254	-0,0078492612	-0,0047280416
41837	317,11523	-3,927	-3,8626249	-0,03759563	-0,0065103024	-0,0077188597	-0,0046993047
41837	317,61523	-3,927	-3,8511846	-0,037287176	-0,0065948814	-0,0077906419	-0,00465817
41837	318,11523	-3,927	-3,9173813	-0,037507713	-0,0066288412	-0,0079103699	-0,0047068745
41837	318,61523	-3,927	-3,975749	-0,03708154	-0,0066086352	-0,0077526416	-0,0046884194
41837	319,11523	-3,927	-3,9429719	-0,037023425	-0,0064958483	-0,007818616	-0,0047273114
41837	319,61523	-3,927	-3,8869083	-0,036944449	-0,0065207034	-0,0077858041	-0,0046818182
41837	320,11523	-3,927	-3,9152968	-0,036430359	-0,0065366477	-0,0077086235	-0,0046763569
41837	320,61523	-3,927	-3,9146636	-0,036326051	-0,0064990819	-0,0077353278	-0,004677549
41837	321,11523	-3,927	-3,8852355	-0,037203729	-0,0064462274	-0,0077302228	-0,0046336427
41837	321,61523	-3,927	-3,8909986	-0,036843121	-0,0064333826	-0,0076142182	-0,0045906603
41837	322,11523	-3,927	-3,8733537	-0,036098063	-0,0064417124	-0,0076742838	-0,0046003237
41837	322,61523	-3,927	-3,8623958	-0,037223101	-0,0063932091	-0,0076863421	-0,0045418367
41837	323,11523	-3,927	-3,9315429	-0,036242604	-0,0063641369	-0,0076347594	-0,0046480745
41837	323,61523	-3,927	-3,9665141	-0,03644377	-0,0064148903	-0,0077166809	-0,0046576038
41837	324,11523	-3,927	-3,9346628	-0,036548078	-0,0064622015	-0,0075987857	-0,0045915097
41837	324,61523	-3,927	-3,8930979	-0,03669709	-0,0063928515	-0,0075428807	-0,004613176
41837	325,11523	-3,927	-3,9382465	-0,036890805	-0,0064558685	-0,0076387716	-0,0045960099
41837	325,61523	-3,927	-3,9857514	-0,036886334	-0,0064068586	-0,007693314	-0,0045838952
41837	326,11523	-3,927	-3,8805902	-0,036209822	-0,0063782632	-0,0076270034	-0,0045353621
41837	326,61523	-3,927	-3,8887858	-0,036272407	-0,0063005537	-0,0075965323	-0,004470624
41837	327,11523	-3,927	-3,9128251	-0,037144125	-0,0063879192	-0,007503239	-0,0044802725
41837	327,61523	-3,927	-3,8811975	-0,036868453	-0,0062545538	-0,0075467494	-0,0045367852
41837	328,11523	-3,927	-3,891943	-0,035810471	-0,0064035803	-0,0075503225	-0,0045286864
41837	328,61523	-3,927	-3,8268621	-0,036096573	-0,0063013434	-0,0075362306	-0,0045511499
41837	329,11523	-3,927	-3,9096382	-0,03670007	-0,006377846	-0,0075936713	-0,0044915676
41837	329,61523	-3,927	-3,9175284	-0,036087632	-0,0063195229	-0,0076552969	-0,0045011491
41837	330,11523	-3,927	-3,9108341	-0,036422908	-0,0063748658	-0,0075011752	-0,0045150071
41837	330,61523	-3,927	-3,9490349	-0,036852062	-0,0063357204	-0,0075820019	-0,0045678765
41837	331,11523	-3,927	-3,9726124	-0,036224723	-0,0062592477	-0,0076745739	-0,0044965446
41837	331,61523	-3,927	-3,9200857	-0,03593266	-0,0062946081	-0,007541555	-0,0044864565
41837	332,11523	-3,927	-3,8825274	-0,036337972	-0,0062704086	-0,0074975276	-0,0044911802
41837	332,61523	-3,927	-3,8757157	-0,036618114	-0,0062944442	-0,0076563195	-0,0044397637
41837	333,11523	-3,927	-3,8542411	-0,036263466	-0,0062494576	-0,0074757426	-0,0044714063
41837	333,61523	-3,927	-3,9194133	-0,036494434	-0,0062299073	-0,0075607039	-0,0045288652
41837	334,11523	-3,927	-3,9055998	-0,036159158	-0,0062583387	-0,0074952426	-0,0045167059
41837	334,61523	-3,927	-3,9319899	-0,035886467	-0,0062801987	-0,0075292978	-0,0044575706
41837	335,11523	-3,927	-3,9672759	-0,036413968	-0,0063105375	-0,0076046288	-0,0044922158
41837	335,61523	-3,927	-3,8813279	-0,036229193	-0,0062354803	-0,0074535133	-0,0044646263
41837	336,11523	-3,927	-3,8006268	-0,036032498	-0,0062947273	-0,0074136951	-0,0044110641
41837	336,61523	-3,927	-3,9231236	-0,0359267	-0,0062561631	-0,0075577758	-0,0044701844
41837	337,11523	-3,927	-3,9286985	-0,036013126	-0,0062647611	-0,0074351062	-0,0044773668
41837	337,61523	-3,927	-3,9283893	-0,036253035	-0,0062843114	-0,0074866647	-0,0044746995
41837	338,11523	-3,927	-3,8774722	-0,036087632	-0,006191954	-0,0073892772	-0,004460521
41837	338,61523	-3,927	-3,9523802	-0,03605336	-0,0062954724	-0,0074446807	-0,004494302
41837	339,11523	-3,927	-3,9329064	-0,035899878	-0,0062473267	-0,0075024189	-0,0044909343
41837	339,61523	-3,927	-3,955977	-0,035728514	-0,0062304139	-0,007355806	-0,0044183359
41837	340,11523	-3,927	-3,9495378	-0,036746264	-0,0062087625	-0,0075023482	-0,0044524074
41837	340,61523	-3,927	-3,976835	-0,036177039	-0,0062514395	-0,0074346173	-0,0044293553
41837	341,11523	-3,927	-3,8921256	-0,035485625	-0,0062371641	-0,0073981117	-0,0044107065
41837	341,61523	-3,927	-3,8976781	-0,036251545	-0,0062359124	-0,0074126129	-0,004456155
41837	342,11523	-5,0886211	-4,9677062	-0,039935112	-0,0064778179	-0,0079221828	-0,0046780482
41837	342,61523	-7,0386214	-6,677134	-0,047819316	-0,0070459396	-0,0085282288	-0,0049987957
41837	343,11523	-8,9886217	-9,071558	-0,058579445	-0,0077530146	-0,0093369847	-0,0056791604
41837	343,61523	-10,938622	-11,07814	-0,065621734	-0,0084313154	-0,01015362	-0,0062463433
41837	344,11523	-12,888621	-13,014786	-0,073212385	-0,0091568977	-0,010796407	-0,0068208277
41837	344,61523	-14,838621	-14,845852	-0,079797208	-0,0097931921	-0,011728487	-0,0072886422
41837	345,11523	-16,788622	-16,937996	-0,086341798	-0,010524973	-0,012412236	-0,0078981668
41837	345,61523	-18,738621	-18,945436	-0,093029439	-0,011201546	-0,01331418	-0,008428432
41837	346,11523	-20,688622	-20,824532	-0,09881705	-0,01190123	-0,014087012	-0,0089849308
41837	346,61523	-22,638622	-22,823332	-0,10446012	-0,012544751	-0,014841175	-0,0095781684
41837	347,11523	-24,588621	-24,714939	-0,10989904	-0,013117999	-0,01559872	-0,010148212
41837	347,61523	-26,538622	-26,732533	-0,11569113	-0,013828278	-0,016297204	-0,010683194
41837	348,11523	-28,488623	-28,62594	-0,12040436	-0,014410526	-0,016956186	-0,01122348
41837	348,61523	-30,438622	-30,49423	-0,12509972	-0,015115276	-0,017808581	-0,011743493
41837	349,11523	-32,388622	-32,425457	-0,13096184	-0,015799776	-0,018486068	-0,012286268
41837	349,61523	-34,338623	-34,556801	-0,1360476	-0,016446501	-0,019241095	-0,012940094
41837	350,11523	-36,288624	-36,359898	-0,14138967	-0,017091528	-0,020021731	-0,013526887
41837	350,61523	-38,238621	-38,332233	-0,14594197	-0,017710686	-0,020611893	-0,014044441
41837	351,11523	-40,188622	-40,203781	-0,15018284	-0,01830864	-0,021425826	-0,014588691
41837	351,61523	-42,138622	-42,23386	-0,1548484	-0,019003123	-0,022191608	-0,015137911
41837	352,11523	-44,088623	-44,06123	-0,16018599	-0,019580528	-0,022706101	-0,015653871
41837	352,61523	-46,038624	-46,111858	-0,1647532	-0,020229176	-0,023612272	-0,016238898
41837	353,11523	-47,988621	-48,020741	-0,16907156	-0,020892486	-0,024180697	-0,016878664
41837	353,61523	-49,938622	-49,976631	-0,17318428	-0,021506861	-0,024916824	-0,017366752
41837	354,11523	-51,888622	-51,944477	-0,17785132	-0,022140846	-0,025691619	-0,017940499
41837	354,61523	-53,838623	-53,884457	-0,18216968	-0,022813156	-0,026278192	-0,018457539
41837	355,11523	-55,788624	-55,88588	-0,18716604	-0,023499385	-0,027012317	-0,019000553
41837	355,61523	-57,738621	-57,816891	-0,19186139	-0,024022013	-0,027563844	-0,019511715
41837	356,11523	-59,688622	-59,778389	-0,19623339	-0,024602756	-0,028278295	-0,020137362
41837	356,61523	-61,638622	-61,782143	-0,2007708	-0,025222763	-0,029040037	-0,020702906
41837	357,11523	-63,588623	-63,826374	-0,20467639	-0,025952175	-0,029707212	-0,021231905
41837	357,61523	-65,53862	-65,584175	-0,20878613	-0,026519731	-0,030404525	-0,021744497
41837	358,11523	-67,488625	-67,64753	-0,213027	-0,027210444	-0,03106017	-0,022274755
41837	358,61523	-69,438622	-69,590569	-0,21744967	-0,027760267	-0,031704437	-0,022812672
41837	359,11523	-71,388626	-71,553917	-0,22108555	-0,028384551	-0,032314256	-0,02332022
41837	359,61523	-73,338623	-73,493858	-0,22591501	-0,029030174	-0,033038374	-0,023870245
41837	360,11523	-75,28862	-75,317932	-0,22932142	-0,029634938	-0,033561729	-0,024295628
41837	360,61523	-77,238625	-77,289749	-0,23422092	-0,030249774	-0,03423832	-0,024905473
41837	361,11523	-79,188622	-79,26693	-0,23751408	-0,030801728	-0,034921966	-0,025437944
41837	361,61523	-81,138626	-81,209579	-0,24217963	-0,031500936	-0,035550855	-0,025994048
41837	362,11523	-83,088623	-83,184387	-0,2459228	-0,032086194	-0,036234181	-0,026549876
41837	362,61523	-85,03862	-85,041466	-0,24953634	-0,032655403	-0,036784895	-0,027062669
41837	363,11523	-86,988625	-87,158012	-0,25444925	-0,03325291	-0,037513047	-0,027635217
41837	363,61523	-88,938622	-89,098846	-0,25844425	-0,033945754	-0,038195979	-0,028172456
41837	364,11523	-90,888626	-91,10981	-0,2625376	-0,034547344	-0,038615294	-0,028663963
41837	364,61523	-92,838623	-92,906548	-0,26543736	-0,035114154	-0,039354317	-0,029162094
41837	365,11523	-94,78862	-94,871307	-0,26987493	-0,035664782	-0,040072978	-0,029622518
41837	365,61523	-96,738625	-96,824509	-0,27327687	-0,036337078	-0,040594313	-0,030179136
41837	366,11523	-98,688622	-98,997131	-0,27805865	-0,036952183	-0,041309655	-0,030727141
41837	366,61523	-100,63863	-100,71078	-0,28053522	-0,037465915	-0,041875154	-0,031139106
41837	367,11523	-102,58862	-102,66068	-0,28524846	-0,03805168	-0,04242551	-0,031658866
41837	367,61523	-104,53862	-104,65449	-0,28850883	-0,038626879	-0,04316023	-0,032155819
41837	368,11523	-106,48862	-106,57687	-0,2932176	-0,039291486	-0,043638866	-0,032683387
41837	368,61523	-108,43862	-108,5155	-0,29599965	-0,03987202	-0,044339832	-0,033260956
41837	369,11523	-110,38863	-110,6102	-0,30035675	-0,040495619	-0,045042194	-0,03384652
41837	369,61523	-112,33862	-112,43312	-0,30376911	-0,040975109	-0,045595061	-0,03430479
41837	370,11523	-114,28863	-114,36288	-0,3076762	-0,041662782	-0,046244822	-0,034776196
41837	370,61523	-116,23862	-116,44895	-0,31095445	-0,0422813	-0,046960324	-0,035277836
41837	371,11523	-118,18862	-118,40454	-0,31430274	-0,042866617	-0,047429543	-0,035811462
41837	371,61523	-120,13863	-120,24391	-0,31862408	-0,043419346	-0,048148829	-0,03630209
41837	372,11523	-122,08862	-122,16296	-0,32103211	-0,044002652	-0,048635948	-0,036804065
41837	372,61523	-124,03863	-124,17384	-0,32561123	-0,044605926	-0,049241375	-0,037285134
41837	373,11523	-125,98862	-126,13861	-0,32942295	-0,045231685	-0,049882844	-0,037775874
41837	373,61523	-127,93862	-128,15411	-0,33251494	-0,045802742	-0,050463386	-0,038259014
41837	374,11523	-129,88863	-130,05472	-0,33600181	-0,046387464	-0,051119272	-0,038800992
41837	374,61523	-131,83862	-132,00702	-0,33876598	-0,04694213	-0,051711202	-0,039238863
41837	375,11523	-133,78862	-133,75995	-0,34232885	-0,047479525	-0,052186538	-0,039723314
41837	375,61523	-135,73862	-135,84044	-0,34606457	-0,048112109	-0,052944265	-0,040287778
41837	376,11523	-137,68863	-137,75626	-0,3499046	-0,048663259	-0,053560019	-0,040726304
41837	376,61523	-139,63863	-139,78624	-0,35361052	-0,049278796	-0,054036897	-0,041266531
41837	377,11523	-141,58862	-141,78958	-0,356929	-0,04988201	-0,054711074	-0,041790478
41837	377,61523	-143,53862	-143,84154	-0,35992712	-0,050525129	-0,055412225	-0,042323716
41837	378,11523	-145,48863	-145,63551	-0,36375821	-0,051089585	-0,055839714	-0,042762466
41837	378,61523	-147,43863	-147,64098	-0,36657602	-0,051651791	-0,056477319	-0,043259919
41837	379,11523	-149,38863	-149,46352	-0,37070513	-0,052187368	-0,057011791	-0,043749608
41837	379,61523	-151,33862	-151,42719	-0,37349015	-0,052785084	-0,057555407	-0,044211477
41837	380,11523	-153,28862	-153,38921	-0,37723035	-0,053384334	-0,058208559	-0,044652008
41837	380,61523	-155,23863	-155,44049	-0,38059354	-0,053966433	-0,058796715	-0,045196272
41837	381,11523	-157,18863	-157,28188	-0,38345605	-0,054573357	-0,059400823	-0,045592651
41837	381,61523	-159,13863	-159,43999	-0,38668066	-0,055185482	-0,060008198	-0,046169877
41837	382,11523	-161,08862	-161,24367	-0,38965344	-0,055653378	-0,060485039	-0,046600766
41837	382,61523	-163,03862	-163,13432	-0,39383769	-0,056342542	-0,06103868	-0,047141917
41837	383,11523	-164,98863	-165,00873	-0,39644688	-0,056877971	-0,061722014	-0,047608897
41837	383,61523	-166,93863	-167,17981	-0,3998965	-0,057456806	-0,062317647	-0,048103586
41837	384,11523	-168,88863	-169,02362	-0,40323883	-0,058050483	-0,062854104	-0,048610091
41837	384,61523	-170,83862	-171,03456	-0,40632933	-0,058562934	-0,06349124	-0,049055986
41837	385,11523	-172,78862	-172,81198	-0,40952861	-0,059061244	-0,063960463	-0,049490765
41837	385,61523	-174,73863	-174,88927	-0,41285604	-0,059732631	-0,064645417	-0,050011046
41837	386,11523	-176,68863	-176,85713	-0,41644126	-0,06034562	-0,06516698	-0,050463304
41837	386,61523	-178,63863	-178,69003	-0,41991472	-0,060853466	-0,065655179	-0,050921381
41837	387,11523	-180,58862	-180,67577	-0,42249411	-0,061421514	-0,066333309	-0,051387303
41837	387,61523	-182,53862	-182,44943	-0,42605847	-0,061909214	-0,066830337	-0,05184862
41837	388,11523	-184,48863	-184,5005	-0,42857975	-0,062545463	-0,067388885	-0,052318431
41837	388,61523	-186,43863	-186,58319	-0,43221712	-0,063130051	-0,068052851	-0,052909367
41837	389,11523	-188,38863	-188,43517	-0,43553412	-0,06368503	-0,068478361	-0,053383701
41837	389,61523	-190,33862	-190,41319	-0,43846667	-0,064281523	-0,069194026	-0,053884313
41837	390,11523	-192,28862	-192,30011	-0,44189394	-0,064817801	-0,069809027	-0,054290712
41837	390,61523	-194,23863	-194,44138	-0,44542551	-0,065488935	-0,070346244	-0,054815836
41837	391,11523	-196,18863	-196,44016	-0,44790953	-0,06604363	-0,071001396	-0,055284321
41837	391,61523	-198,13863	-198,16333	-0,45121163	-0,0665261	-0,071459144	-0,055651285
41837	392,11523	-200,08862	-200,17001	-0,4545927	-0,067071527	-0,072079279	-0,056085072
41837	392,61523	-202,03862	-202,08301	-0,45803785	-0,067634165	-0,072558597	-0,056668364
41837	393,11523	-203,98863	-204,16768	-0,46073645	-0,068259969	-0,073251888	-0,057165273
41837	393,61523	-205,93863	-206,0966	-0,46417117	-0,068801865	-0,073746502	-0,057658546
41837	394,11523	-207,88863	-207,95401	-0,46691895	-0,069346488	-0,074315898	-0,058102109
41837	394,61523	-209,83862	-209,85588	-0,4700318	-0,069840312	-0,074794956	-0,058549084
41837	395,11523	-211,78862	-211,81708	-0,47336817	-0,070447952	-0,075506553	-0,059051499
41837	395,61523	-213,73863	-213,74594	-0,47581047	-0,070970505	-0,075983793	-0,059448488
41837	396,11523	-215,68863	-215,65083	-0,4794091	-0,071482316	-0,076527514	-0,059934333
41837	396,61523	-217,63863	-217,71628	-0,48237741	-0,072049186	-0,077138178	-0,060531966
41837	397,11523	-219,58862	-219,75517	-0,48586279	-0,072714716	-0,077811368	-0,060985215
41837	397,61523	-221,53862	-221,55891	-0,48823506	-0,073299453	-0,07819137	-0,061418027
41837	398,11523	-223,48863	-223,74699	-0,49160719	-0,073813826	-0,07885804	-0,061937965
41837	398,61523	-225,43863	-225,55109	-0,4952237	-0,074398696	-0,079386435	-0,062386207
41837	399,11523	-227,38863	-227,30458	-0,49737692	-0,074854031	-0,079837009	-0,062806763
41837	399,61523	-229,33862	-229,29593	-0,50108433	-0,075464696	-0,080490299	-0,063284531
41837	400,11523	-231,28862	-231,4016	-0,50440729	-0,075959593	-0,08103019	-0,063805863
41837	400,61523	-233,23863	-233,41844	-0,50714612	-0,076635778	-0,081624188	-0,064332008
41837	401,11523	-235,18863	-235,31055	-0,5103752	-0,077241257	-0,082186297	-0,064727798
41837	401,61523	-237,13863	-237,27879	-0,51367879	-0,077719525	-0,082764789	-0,065208226
41837	402,11523	-239,08862	-239,24976	-0,517115	-0,078322709	-0,083298177	-0,065715529
41837	402,61523	-241,03862	-241,07312	-0,51934719	-0,07879965	-0,08385022	-0,066161394
41837	403,11523	-242,98863	-243,15016	-0,52290559	-0,079396024	-0,084385619	-0,066623047
41837	403,61523	-244,93863	-244,92131	-0,52548796	-0,079849601	-0,084889807	-0,067049891
41837	404,11523	-246,88863	-247,06926	-0,52893609	-0,08048971	-0,085572436	-0,067567386
41837	404,61523	-248,83862	-248,83356	-0,53197145	-0,080946654	-0,086005613	-0,068068162
41837	405,11523	-250,78862	-250,81509	-0,53474754	-0,081548035	-0,086693287	-0,06853316
41837	405,61523	-252,73863	-252,88155	-0,53844601	-0,082095727	-0,087171681	-0,06906005
41837	406,11523	-254,68863	-254,73167	-0,54086596	-0,082645595	-0,0877119	-0,06948407
41837	406,61523	-256,63864	-256,69916	-0,54424256	-0,083248645	-0,088365078	-0,069968089
41837	407,11523	-258,58862	-258,59149	-0,54654628	-0,083811477	-0,088763013	-0,07040105
41837	407,61523	-260,53864	-260,53192	-0,55000186	-0,084258407	-0,089367375	-0,070855953
41837	408,11523	-262,48862	-262,39194	-0,55272132	-0,084924042	-0,089944847	-0,071332112
41837	408,61523	-264,43863	-264,56061	-0,55598021	-0,085451052	-0,090562165	-0,071834549
41837	409,11523	-266,38864	-266,39063	-0,55877715	-0,085965455	-0,091106005	-0,072288185
41837	409,61523	-268,33862	-268,32208	-0,56178272	-0,086546659	-0,091677606	-0,072773904
41837	410,11523	-270,28864	-270,3252	-0,56458563	-0,087114319	-0,092228957	-0,073327005
41837	410,61523	-272,23862	-272,33658	-0,568147	-0,087749869	-0,092816405	-0,073786356
41837	411,11523	-274,18863	-274,22742	-0,57059079	-0,088186532	-0,093317948	-0,074209943
41837	411,61523	-276,13864	-276,12512	-0,5739212	-0,08881633	-0,093839578	-0,074713886
41837	412,11523	-278,08862	-278,19772	-0,57730973	-0,08934997	-0,094531029	-0,075181156
41837	412,61523	-279	-279,09836	-0,57849437	-0,089678809	-0,094779879	-0,075489052
41837	413,11523	-279	-279,06464	-0,57942569	-0,089821264	-0,094724566	-0,075538389
41837	413,61523	-279	-279,13281	-0,57897419	-0,089814052	-0,094931841	-0,075534776
41837	414,11523	-279	-278,96237	-0,57873279	-0,089811623	-0,094873369	-0,075514629
41837	414,61523	-279	-279,13492	-0,57921708	-0,089858055	-0,094942972	-0,075549796
41837	415,11523	-279	-279,10687	-0,57902634	-0,089829654	-0,095019892	-0,075533986
41837	415,61523	-279	-279,09753	-0,57965964	-0,089886785	-0,095001601	-0,075637296
41837	416,11523	-279	-279,08057	-0,57915002	-0,089894995	-0,09510944	-0,075636253
41837	416,61523	-279	-279,16476	-0,57996809	-0,089950293	-0,09517388	-0,075705886
41837	417,11523	-279	-279,01947	-0,57939291	-0,089925677	-0,094969802	-0,075688988
41837	417,61523	-279	-278,9379	-0,57950467	-0,089955315	-0,095085964	-0,075666621
41837	418,11523	-279	-279,03693	-0,57955682	-0,089957461	-0,095266223	-0,075704142
41837	418,61523	-279	-279,02567	-0,57989061	-0,089986548	-0,095162734	-0,075719938
41837	419,11523	-279	-279,10861	-0,57998598	-0,090050787	-0,095214896	-0,075710729
41837	419,61523	-279	-279,08072	-0,58005452	-0,090012208	-0,09526106	-0,075742945
41837	420,11523	-279	-278,94476	-0,57920665	-0,090086192	-0,095189288	-0,075713791
41837	420,61523	-279	-279,1976	-0,58027059	-0,0900518	-0,095333427	-0,07581605
41837	421,11523	-279	-279,12778	-0,58047175	-0,090123281	-0,095258981	-0,075827308
41837	421,61523	-279	-279,11502	-0,5801931	-0,090053886	-0,095287405	-0,075808644
41837	422,11523	-279	-278,92554	-0,58009923	-0,090107918	-0,095294908	-0,075795405
41837	422,61523	-279	-279,09006	-0,58021098	-0,09017992	-0,095294878	-0,075824499
41837	423,11523	-279	-278,99704	-0,57994723	-0,090140581	-0,095366269	-0,075831018
41837	423,61523	-279	-279,07581	-0,58016777	-0,090203509	-0,095426425	-0,075819865
41837	424,11523	-279	-279,07193	-0,58073699	-0,090246901	-0,095360063	-0,075830102
41837	424,61523	-279	-279,07117	-0,58083087	-0,090206906	-0,095401533	-0,07581865
41837	425,11523	-279	-279,03934	-0,58061481	-0,090254292	-0,095373474	-0,075852945
41837	425,61523	-279	-278,99585	-0,58089793	-0,090259418	-0,095273249	-0,075924605
41837	426,11523	-279	-278,98361	-0,58071166	-0,090253234	-0,09535858	-0,075878933
41837	426,61523	-279	-278,91458	-0,58057457	-0,090201065	-0,095329918	-0,075936444
41837	427,11523	-279	-279,03009	-0,58040023	-0,090318233	-0,09545166	-0,075949147
41837	427,61523	-279	-278,92627	-0,58111995	-0,090265706	-0,095471121	-0,07593812
41837	428,11523	-279	-279,03842	-0,58098435	-0,090359598	-0,095494248	-0,075947993
41837	428,61523	-279	-278,98459	-0,58096349	-0,090349898	-0,095510148	-0,075910844
41837	429,11523	-279	-278,98743	-0,58097541	-0,090383843	-0,09553016	-0,075936154
41837	429,61523	-279	-279,14063	-0,58142394	-0,090305537	-0,095484525	-0,075924583
41837	430,11523	-279	-279,07666	-0,58060884	-0,090274855	-0,095515192	-0,0759679
41837	430,61523	-279	-279,09329	-0,58140755	-0,090373024	-0,095566317	-0,076007046
41837	431,11523	-279	-279,16901	-0,58091432	-0,090408146	-0,095610812	-0,076079585
41837	431,61523	-279	-279,12515	-0,58056563	-0,090439484	-0,09561272	-0,076091997
41837	432,11523	-279	-279,07333	-0,58133602	-0,090502515	-0,095605314	-0,07604605
41837	432,61523	-279	-279,01566	-0,58122575	-0,090366691	-0,095594026	-0,07601434
41837	433,11523	-279	-279,09155	-0,58162212	-0,090455815	-0,095625795	-0,076044381
41837	433,61523	-279	-279,04474	-0,58112144	-0,090448275	-0,095593147	-0,075970225
41837	434,11523	-279	-279,00821	-0,58118254	-0,090429306	-0,09564063	-0,076049022
41837	434,61523	-279	-279,14227	-0,58082789	-0,090410531	-0,095650457	-0,076148078
41837	435,11523	-279	-279,11163	-0,58168471	-0,090542719	-0,095590338	-0,07614959
41837	435,61523	-279	-278,9209	-0,5815357	-0,090398431	-0,095653079	-0,076080874
41837	436,11523	-279	-279,07172	-0,58116913	-0,090474382	-0,095762946	-0,076075599
41837	436,61523	-279	-279,00412	-0,58096349	-0,090410888	-0,095639952	-0,076040804
41837	437,11523	-279	-278,99591	-0,58166683	-0,090510458	-0,095693216	-0,076058164
41837	437,61523	-279	-279,0538	-0,58127046	-0,090513855	-0,095813431	-0,076036483
41837	438,11523	-279	-279,05463	-0,58110356	-0,090521947	-0,095658429	-0,076124564
41837	438,61523	-279	-279,17041	-0,58161169	-0,09051539	-0,095756114	-0,076177083
41837	439,11523	-279	-279,017	-0,58141649	-0,090508804	-0,09570305	-0,07610622
41837	439,61523	-279	-279,06	-0,58169067	-0,090520427	-0,095672436	-0,076155141
41837	440,11523	-279	-279,08862	-0,58108121	-0,09050025	-0,095776603	-0,07614027
41837	440,61523	-279	-279,11145	-0,58168322	-0,090615898	-0,095687404	-0,076127164
41837	441,11523	-279	-279,08362	-0,58125257	-0,090526491	-0,095784344	-0,076141104
41837	441,61523	-279	-279,03635	-0,5814746	-0,090628579	-0,09576375	-0,076082945
41837	442,11523	-279	-278,88464	-0,58150589	-0,090638831	-0,095633492	-0,07616201
41837	442,61523	-277,70605	-277,72366	-0,58028102	-0,090267867	-0,09542612	-0,07597585
41837	443,11523	-275,20605	-275,23352	-0,57654828	-0,089658737	-0,094926134	-0,075380698
41837	443,61523	-272,70605	-272,6785	-0,57275891	-0,089025885	-0,094113104	-0,074724801
41837	444,11523	-270,20605	-270,10614	-0,56910962	-0,088382825	-0,093476377	-0,074187316
41837	444,61523	-267,70605	-267,73465	-0,56561828	-0,087660357	-0,092846505	-0,073601395
41837	445,11523	-265,20605	-265,26892	-0,56245029	-0,086946815	-0,09212628	-0,073102035
41837	445,61523	-262,70605	-262,61496	-0,55829287	-0,086346716	-0,09156467	-0,072502151
41837	446,11523	-260,20605	-260,23724	-0,5550921	-0,085731462	-0,090913311	-0,071981609
41837	446,61523	-257,70605	-257,60611	-0,55172294	-0,085092649	-0,090153024	-0,071480587
41837	447,11523	-255,20605	-255,16609	-0,54758191	-0,084468871	-0,08973325	-0,070869707
41837	447,61523	-252,70605	-252,50621	-0,54412633	-0,083744928	-0,088921048	-0,070208266
41837	448,11523	-250,20605	-250,23976	-0,54097921	-0,083196327	-0,088368595	-0,069661371
41837	448,61523	-247,70605	-247,65096	-0,53736567	-0,082470924	-0,087700643	-0,069044091
41837	449,11523	-245,20605	-245,20255	-0,53331852	-0,081763774	-0,087045468	-0,06849023
41837	449,61523	-242,70605	-242,63016	-0,53010136	-0,081136063	-0,086355239	-0,068042487
41837	450,11523	-240,20605	-239,94511	-0,52577555	-0,080411538	-0,085673265	-0,067372866
41837	450,61523	-237,70605	-237,78625	-0,52165687	-0,079882815	-0,085032813	-0,066899583
41837	451,11523	-235,20605	-235,0946	-0,51786005	-0,079142973	-0,084393382	-0,066269055
41837	451,61523	-232,70605	-232,75563	-0,51438808	-0,07852976	-0,083746493	-0,065679796
41837	452,11523	-230,20605	-230,17778	-0,51074326	-0,077825055	-0,08301805	-0,065072954
41837	452,61523	-227,70605	-227,59663	-0,50706565	-0,077108622	-0,082471117	-0,064447448
41837	453,11523	-225,20605	-225,17178	-0,50349534	-0,076508135	-0,081727102	-0,063879833
41837	453,61523	-222,70605	-222,61894	-0,49973875	-0,075804189	-0,081188373	-0,063324347
41837	454,11523	-220,20605	-220,08344	-0,49614608	-0,075076401	-0,080440491	-0,062800609
41837	454,61523	-217,70605	-217,55153	-0,49247891	-0,074442536	-0,079696506	-0,06223315
41837	455,11523	-215,20605	-215,05122	-0,48863292	-0,073801354	-0,0790883	-0,061662748
41837	455,61523	-212,70605	-212,63826	-0,48502386	-0,073129609	-0,07846716	-0,061054766
41837	456,11523	-210,20605	-210,14514	-0,48083216	-0,072484627	-0,07767269	-0,060405597
41837	456,61523	-207,70605	-207,74719	-0,47741085	-0,071793497	-0,077093773	-0,059892021
41837	457,11523	-205,20605	-205,14008	-0,47293454	-0,071105033	-0,076439202	-0,059326246
41837	457,61523	-202,70605	-202,5148	-0,46989471	-0,070340216	-0,075669765	-0,058671378
41837	458,11523	-200,20605	-200,00618	-0,46578497	-0,069660023	-0,074963458	-0,058118194
41837	458,61523	-197,70605	-197,58398	-0,4614383	-0,069016993	-0,074382558	-0,057451412
41837	459,11523	-195,20605	-195,13899	-0,45794249	-0,068373457	-0,073642805	-0,05697836
41837	459,61523	-192,70605	-192,74196	-0,45409352	-0,067669347	-0,07300926	-0,056419007
41837	460,11523	-190,20605	-189,9695	-0,45046061	-0,066956416	-0,072127156	-0,055762202
41837	460,61523	-187,70605	-187,67271	-0,44619888	-0,066307306	-0,071465984	-0,055241317
41837	461,11523	-185,20605	-185,19592	-0,44262409	-0,065514952	-0,070801549	-0,054573037
41837	461,61523	-182,70605	-182,61743	-0,43846965	-0,064875856	-0,070051692	-0,053972997
41837	462,11523	-180,20605	-180,13034	-0,4347086	-0,064161345	-0,069455981	-0,053438045
41837	462,61523	-177,70605	-177,62688	-0,43121278	-0,063548803	-0,068776362	-0,052876733
41837	463,11523	-175,20605	-175,21742	-0,42694509	-0,062939107	-0,068106472	-0,052302666
41837	463,61523	-172,70605	-172,57954	-0,42334199	-0,062107071	-0,06731198	-0,051677898
41837	464,11523	-170,20605	-170,17374	-0,41853338	-0,061424032	-0,066779874	-0,051062793
41837	464,61523	-167,70605	-167,69235	-0,41452348	-0,060691789	-0,06592273	-0,050521709
41837	465,11523	-165,20605	-165,138	-0,41028708	-0,060019746	-0,065193623	-0,049940526
41837	465,61523	-162,70605	-162,59587	-0,40677339	-0,059316412	-0,064473823	-0,049278669
41837	466,11523	-160,20605	-160,02211	-0,40237755	-0,058553144	-0,06374833	-0,048679031
41837	466,61523	-157,70605	-157,6293	-0,39864779	-0,057933927	-0,06308689	-0,048022859
41837	467,11523	-155,20605	-155,09064	-0,39446205	-0,057150081	-0,062398463	-0,047445774
41837	467,61523	-152,70605	-152,67493	-0,39078593	-0,056436956	-0,061661676	-0,046889283
41837	468,11523	-150,20605	-150,16638	-0,38679987	-0,055755317	-0,060946181	-0,046335168
41837	468,61523	-147,70605	-147,54875	-0,38214624	-0,055007756	-0,060074508	-0,045573674
41837	469,11523	-145,20605	-145,16151	-0,37825555	-0,054303423	-0,059413068	-0,045096576
41837	469,61523	-142,70605	-142,7301	-0,37375689	-0,053581357	-0,058805738	-0,044488221
41837	470,11523	-140,20605	-140,27304	-0,36941767	-0,052908316	-0,057912055	-0,043845631
41837	470,61523	-137,70605	-137,77681	-0,36520362	-0,052147463	-0,057238042	-0,043202244
41837	471,11523	-135,20605	-135,19438	-0,36108941	-0,051527545	-0,056558937	-0,04255344
41837	471,61523	-132,70605	-132,48909	-0,35628974	-0,05070737	-0,055666588	-0,04194431
41837	472,11523	-130,20605	-130,22908	-0,35214275	-0,050044984	-0,054984163	-0,041404933
41837	472,61523	-127,70605	-127,62942	-0,34767985	-0,049213335	-0,054237217	-0,040732384
41837	473,11523	-125,20605	-125,14455	-0,34375787	-0,048514485	-0,053490233	-0,040174134
41837	473,61523	-122,70605	-122,76949	-0,33914596	-0,047813013	-0,052832704	-0,039534062
41837	474,11523	-120,20605	-120,11928	-0,33491254	-0,047076985	-0,051914573	-0,038837805
41837	474,61523	-117,70605	-117,72674	-0,32950789	-0,046372503	-0,051138759	-0,038215972
41837	475,11523	-115,20605	-115,10671	-0,32550395	-0,045558661	-0,050390095	-0,037565857
41837	475,61523	-112,70605	-112,68798	-0,32123327	-0,044859529	-0,049552802	-0,036956124
41837	476,11523	-110,20605	-110,1487	-0,3169179	-0,044098705	-0,048906118	-0,036281951
41837	476,61523	-107,70605	-107,70377	-0,31212121	-0,043494031	-0,048149366	-0,035582311
41837	477,11523	-105,20605	-105,26086	-0,30798316	-0,042675853	-0,047341075	-0,034925513
41837	477,61523	-102,70605	-102,6244	-0,30269325	-0,041902706	-0,046488646	-0,034271225
41837	478,11523	-100,20605	-100,18806	-0,29882938	-0,041126996	-0,045704834	-0,03359139
41837	478,61523	-97,706055	-97,766121	-0,29356033	-0,040474027	-0,044874329	-0,033032522
41837	479,11523	-95,206055	-95,248878	-0,28828382	-0,039728224	-0,044201624	-0,032352038
41837	479,61523	-92,706055	-92,720619	-0,28343201	-0,03895162	-0,043439608	-0,031645022
41837	480,11523	-90,206055	-90,145256	-0,27905256	-0,038101017	-0,042604346	-0,030924194
41837	480,61523	-87,706055	-87,61837	-0,27332008	-0,037420377	-0,041781683	-0,030228212
41837	481,11523	-85,206055	-85,277168	-0,26838332	-0,036729053	-0,040958226	-0,029565297
41837	481,61523	-82,706055	-82,579948	-0,26337504	-0,035872862	-0,040161062	-0,028847486
41837	482,11523	-80,206055	-80,06002	-0,25849491	-0,035153195	-0,039334375	-0,028227761
41837	482,61523	-77,706055	-77,815994	-0,25261641	-0,034406632	-0,03856336	-0,027521797
41837	483,11523	-75,206055	-75,01136	-0,24756044	-0,033556968	-0,037686724	-0,026799776
41837	483,61523	-72,706055	-72,661606	-0,24263114	-0,032844797	-0,03686741	-0,026066847
41837	484,11523	-70,206055	-70,137497	-0,23635477	-0,032099277	-0,036001854	-0,025338598
41837	484,61523	-67,706055	-67,695473	-0,23136586	-0,031362846	-0,035285346	-0,024580017
41837	485,11523	-65,206055	-65,239037	-0,22604167	-0,030520111	-0,034445211	-0,023903057
41837	485,61523	-62,706055	-62,643967	-0,22042096	-0,029761463	-0,033468895	-0,023161963
41837	486,11523	-60,206055	-60,047314	-0,2142787	-0,028887585	-0,032666773	-0,022461526
41837	486,61523	-57,706055	-57,80468	-0,20976216	-0,028116643	-0,0318367	-0,02181416
41837	487,11523	-55,206055	-55,245796	-0,20319372	-0,027348399	-0,03092839	-0,02103851
41837	487,61523	-52,706055	-52,747616	-0,19735247	-0,026514634	-0,030022645	-0,020255499
41837	488,11523	-50,206055	-50,150055	-0,19166172	-0,025676951	-0,029012935	-0,019486926
41837	488,61523	-47,706055	-47,697872	-0,18536001	-0,024867997	-0,028081544	-0,018821679
41837	489,11523	-45,206055	-45,172909	-0,17844439	-0,024051696	-0,027224367	-0,018088661
41837	489,61523	-42,706055	-42,762058	-0,1733765	-0,023222804	-0,02628858	-0,017342232
41837	490,11523	-40,206055	-40,074909	-0,16634762	-0,022352427	-0,025305828	-0,01650694
41837	490,61523	-37,706055	-37,586727	-0,15932918	-0,021547869	-0,024381552	-0,01580476
41837	491,11523	-35,206055	-35,253349	-0,15348792	-0,020670027	-0,023380773	-0,01499176
41837	491,61523	-32,706055	-32,58942	-0,14654249	-0,019756064	-0,02241759	-0,01419355
41837	492,11523	-30,206055	-30,241024	-0,13947934	-0,018964797	-0,021357127	-0,013470396
41837	492,61523	-27,706055	-27,739683	-0,13272613	-0,017992228	-0,020358266	-0,012712829
41837	493,11523	-25,206055	-25,220736	-0,12526959	-0,017113611	-0,019315811	-0,011865728
41837	493,61523	-22,706055	-22,623819	-0,11808574	-0,016084194	-0,018224966	-0,011079669
41837	494,11523	-20,206055	-20,102076	-0,1094535	-0,015077412	-0,017039562	-0,010279238
41837	494,61523	-17,706055	-17,674009	-0,10107756	-0,014136702	-0,016022203	-0,0094903409
41837	495,11523	-15,206055	-15,253524	-0,093023479	-0,01312542	-0,014820021	-0,0087915733
41837	495,61523	-12,706055	-12,750456	-0,083209574	-0,012015	-0,013652009	-0,008075729
41837	496,11523	-10,206055	-10,113098	-0,073482096	-0,01077798	-0,012361001	-0,0072291419
41837	496,61523	-7,7060547	-7,7600069	-0,061684847	-0,0097132325	-0,011011871	-0,0064835176
41837	497,11523	-5,2060547	-5,2223167	-0,04876107	-0,0084145516	-0,0096187321	-0,0056201741
41837	497,61523	-3,927	-4,0569677	-0,040882826	-0,007635653	-0,0089398986	-0,0051771477
41837	498,11523	-3,927	-3,9252136	-0,039575994	-0,0075698644	-0,0087684682	-0,005104512
41837	498,61523	-3,927	-3,7578847	-0,037711859	-0,0074357837	-0,0086884843	-0,0051147193
41837	499,11523	-3,927	-3,8226731	-0,038146973	-0,0074321032	-0,0085933758	-0,0050602108
41837	499,61523	-3,927	-3,8529522	-0,038006902	-0,0073604286	-0,0084756073	-0,0049853027
41837	500,11523	-3,927	-3,8681479	-0,037720799	-0,0073879212	-0,0086013908	-0,0049924776
41837	500,61523	-3,927	-3,8937795	-0,038097799	-0,0073101372	-0,0085415347	-0,0049276203
41837	501,11523	-3,927	-3,7574954	-0,037172437	-0,0072380602	-0,0083754994	-0,0048492178
41837	501,61523	-3,927	-3,8779862	-0,037451088	-0,0073262304	-0,0085467547	-0,004918851
41837	502,11523	-3,927	-3,9389803	-0,038039684	-0,0072869807	-0,0084020048	-0,0049419105
41837	502,61523	-3,927	-3,9452612	-0,038088858	-0,0072228462	-0,0084651625	-0,0048894808
41837	503,11523	-3,927	-3,916312	-0,037896633	-0,0071620941	-0,0085384892	-0,0048588291
41837	503,61523	-3,927	-3,8238037	-0,036983192	-0,0071328431	-0,0083543248	-0,004785113
41837	504,11523	-3,927	-3,8949177	-0,037275255	-0,0071523637	-0,0084163146	-0,0048273131
41837	504,61523	-3,927	-3,9615984	-0,038012862	-0,0071910769	-0,0084109046	-0,0048695579
41837	505,11523	-3,927	-3,9159694	-0,037650764	-0,0071184784	-0,0083510056	-0,0048426315
41837	505,61523	-3,927	-3,8175731	-0,036612153	-0,0071471781	-0,0083579384	-0,0047893673
41837	506,11523	-3,927	-3,8864667	-0,037264824	-0,0071043223	-0,0084310183	-0,0047385544
41837	506,61523	-3,927	-3,9054155	-0,037530065	-0,0070481598	-0,0083178468	-0,0047234595
41837	507,11523	-3,927	-3,8795919	-0,037175417	-0,0071504563	-0,0082088122	-0,0047629923
41837	507,61523	-3,927	-3,9954948	-0,037479401	-0,0070582628	-0,0083000967	-0,0047666878
41837	508,11523	-3,927	-3,8722529	-0,037096441	-0,0070348531	-0,0083354767	-0,004768461
41837	508,61523	-3,927	-4,0102863	-0,037704408	-0,0070889443	-0,0083216196	-0,0047937334
41837	509,11523	-3,927	-3,9389281	-0,036978722	-0,0070170015	-0,0081274277	-0,0047628134
41837	509,61523	0	0,058339909	0,048978627	-0,0049689263	-0,0060127135	-0,0038287416

Datenerfassung						Zeit:	510,01172	s	17.07.2014 13:02:24
Ch 1 Kraft	Ch 1 W2TK Mittel	1944 A	1944 B	1281068
kN	mm	mm	mm	mm
0,10677241	2,0350552	0,00071325619	0,35948271	0,045915514
-283,19897	2,0348921	-0,00028825458	-0,0907491	-0,095908269
