MTS793|MPT|DEU|1|2|,|.|:|49|1|1|A

Bediener Information			Würfeldruckfestigkeit (150mm)			Zeit:	15,475586	s	18.03.2014 14:46:06
Datum	17.03.2014
Prüfer:	Be, Mac
Probebezeichnung	Hüsken Probe 1-3
Protokoll Seite	136
Durchmesser [mm]:	100
Höhe [mm]:	100,3
Masse [g]:	1946
Bediener Information Ende

Datenerfassung						Zeit:	234,41113	s	18.03.2014 14:49:45
Datum	Tageszeit	Laufzeit	Ch 1 Kraft Sollwert	Ch 1 Kraft	Ch 1 Weg
d	d	s	kN	kN	mm
41716	0,61535424	29,605469	-1,750293	-1,563333	-0,0038191676
41716	0,61535656	29,805664	-2,5310547	-2,4460685	-0,0096954405
41716	0,61535889	30,005859	-3,3118165	-3,2105148	-0,014971942
41716	0,61536115	30,206055	-4,0925784	-4,0073171	-0,020737201
41716	0,61536348	30,40625	-4,8733401	-4,7426372	-0,02721101
41716	0,6153658	30,606445	-5,6541018	-5,0927458	-0,029873848
41716	0,61536813	30,806641	-6,4348636	-5,7505984	-0,034417212
41716	0,61537045	31,006836	-7,2156253	-6,917973	-0,043382496
41716	0,61537278	31,207031	-7,996387	-7,9227805	-0,050269067
41716	0,6153751	31,407227	-8,7771482	-8,7042923	-0,055681169
41716	0,61537743	31,607422	-9,55791	-9,4474068	-0,059948117
41716	0,61537969	31,807617	-10,338672	-10,282951	-0,064498186
41716	0,61538202	32,007813	-11,119433	-11,051254	-0,068579614
41716	0,61538434	32,208008	-11,900195	-11,913893	-0,073097646
41716	0,61538666	32,408203	-12,680957	-12,801021	-0,076416135
41716	0,61538899	32,608398	-13,46172	-13,654732	-0,080259889
41716	0,61539131	32,808594	-14,242481	-14,453109	-0,083206594
41716	0,61539364	33,008789	-15,023243	-15,232205	-0,085585564
41716	0,61539596	33,208984	-15,804005	-16,031378	-0,088524073
41716	0,61539823	33,40918	-16,584766	-16,777273	-0,092096627
41716	0,61540055	33,609375	-17,365528	-17,53488	-0,094410777
41716	0,61540288	33,80957	-18,14629	-18,318134	-0,097120553
41716	0,6154052	34,009766	-18,927052	-19,119663	-0,099334121
41716	0,61540753	34,209961	-19,707813	-19,88133	-0,10175705
41716	0,61540985	34,410156	-20,488575	-20,619396	-0,10385215
41716	0,61541218	34,610352	-21,269337	-21,444286	-0,10653064
41716	0,6154145	34,810547	-22,050098	-22,201916	-0,10848045
41716	0,61541677	35,010742	-22,83086	-22,977396	-0,11108443
41716	0,61541909	35,210938	-23,611622	-23,743042	-0,11295378
41716	0,61542141	35,411133	-24,392384	-24,551926	-0,11596829
41716	0,61542374	35,611328	-25,173145	-25,299446	-0,11770576
41716	0,61542606	35,811523	-25,953907	-26,068232	-0,11979416
41716	0,61542839	36,011719	-26,734669	-26,875954	-0,12162104
41716	0,61543071	36,211914	-27,51543	-27,668751	-0,12465939
41716	0,61543304	36,412109	-28,296192	-28,407907	-0,12642294
41716	0,6154353	36,612305	-29,076954	-29,205698	-0,12899488
41716	0,61543763	36,8125	-29,857716	-29,95278	-0,130824
41716	0,61543995	37,012695	-30,638477	-30,7311	-0,13272986
41716	0,61544228	37,212891	-31,419239	-31,552036	-0,13471693
41716	0,6154446	37,413086	-32,200001	-32,308723	-0,1369223
41716	0,61544693	37,613281	-32,980762	-33,060539	-0,1384899
41716	0,61544925	37,813477	-33,761524	-33,829014	-0,14040098
41716	0,61545157	38,013672	-34,542286	-34,673782	-0,14220476
41716	0,61545384	38,213867	-35,323048	-35,423752	-0,14430434
41716	0,61545616	38,414063	-36,103809	-36,168301	-0,14621764
41716	0,61545849	38,614258	-36,884571	-36,948689	-0,14778078
41716	0,61546081	38,814453	-37,665333	-37,777668	-0,15046671
41716	0,61546314	39,014648	-38,446095	-38,517712	-0,15150234
41716	0,61546546	39,214844	-39,226856	-39,320194	-0,15343577
41716	0,61546779	39,415039	-40,007618	-40,091034	-0,15559942
41716	0,61547011	39,615234	-40,78838	-40,847458	-0,15741289
41716	0,61547238	39,81543	-41,569141	-41,653419	-0,15907511
41716	0,6154747	40,015625	-42,349903	-42,450966	-0,16100183
41716	0,61547703	40,21582	-43,130665	-43,21917	-0,16219094
41716	0,61547935	40,416016	-43,911427	-43,956135	-0,16443357
41716	0,61548167	40,616211	-44,692188	-44,774246	-0,16608015
41716	0,615484	40,816406	-45,47295	-45,561806	-0,16805008
41716	0,61548632	41,016602	-46,253712	-46,277428	-0,16887709
41716	0,61548865	41,216797	-47,034473	-47,044266	-0,17045736
41716	0,61549091	41,416992	-47,815235	-47,862656	-0,17251745
41716	0,61549324	41,617188	-48,595997	-48,648136	-0,1741074
41716	0,61549556	41,817383	-49,376759	-49,394947	-0,17604977
41716	0,61549789	42,017578	-50,15752	-50,194969	-0,17777309
41716	0,61550021	42,217773	-50,938282	-50,999016	-0,17867163
41716	0,61550254	42,417969	-51,719044	-51,760838	-0,18071309
41716	0,61550486	42,618164	-52,499805	-52,553909	-0,18232018
41716	0,61550719	42,818359	-53,280567	-53,334126	-0,18361136
41716	0,61550945	43,018555	-54,061329	-54,081593	-0,18536299
41716	0,61551178	43,21875	-54,842091	-54,911255	-0,1872018
41716	0,6155141	43,418945	-55,622852	-55,677738	-0,18835366
41716	0,61551642	43,619141	-56,403614	-56,441952	-0,19047335
41716	0,61551875	43,819336	-57,184376	-57,203644	-0,19143298
41716	0,61552107	44,019531	-57,965137	-58,056648	-0,19306242
41716	0,6155234	44,219727	-58,745899	-58,818207	-0,19481257
41716	0,61552572	44,419922	-59,526661	-59,562809	-0,19588545
41716	0,61552799	44,620117	-60,307423	-60,326603	-0,19697994
41716	0,61553031	44,820313	-61,088184	-61,190044	-0,19928515
41716	0,61553264	45,020508	-61,868946	-61,905052	-0,20043105
41716	0,61553496	45,220703	-62,649708	-62,717911	-0,2019681
41716	0,61553729	45,420898	-63,43047	-63,461613	-0,2038002
41716	0,61553961	45,621094	-64,211235	-64,281013	-0,20494238
41716	0,61554193	45,821289	-64,991997	-65,061317	-0,20678118
41716	0,61554426	46,021484	-65,772758	-65,842003	-0,20809099
41716	0,61554652	46,22168	-66,55352	-66,605125	-0,2087608
41716	0,61554885	46,421875	-67,334282	-67,377235	-0,20994321
41716	0,61555117	46,62207	-68,115044	-68,175758	-0,21220222
41716	0,6155535	46,822266	-68,895805	-68,977272	-0,21299645
41716	0,61555582	47,022461	-69,676567	-69,716286	-0,21492839
41716	0,61555815	47,222656	-70,457329	-70,501312	-0,21655709
41716	0,61556047	47,422852	-71,238091	-71,329803	-0,21777228
41716	0,61556274	47,623047	-72,018852	-72,09008	-0,21908507
41716	0,61556506	47,823242	-72,799614	-72,837074	-0,2199471
41716	0,61556739	48,023438	-73,580376	-73,635643	-0,22152066
41716	0,61556971	48,223633	-74,361137	-74,448662	-0,2231434
41716	0,61557204	48,423828	-75,141899	-75,210594	-0,22420958
41716	0,61557436	48,624023	-75,922661	-75,97242	-0,22533461
41716	0,61557668	48,824219	-76,703423	-76,791878	-0,22704527
41716	0,61557901	49,024414	-77,484184	-77,546623	-0,22804663
41716	0,61558127	49,224609	-78,264946	-78,335709	-0,22958517
41716	0,6155836	49,424805	-79,045708	-79,09922	-0,23072809
41716	0,61558592	49,625	-79,826469	-79,903549	-0,2319999
41716	0,61558825	49,825195	-80,607231	-80,675446	-0,23346469
41716	0,61559057	50,025391	-81,387993	-81,432785	-0,23439154
41716	0,6155929	50,225586	-82,168755	-82,243164	-0,23634434
41716	0,61559522	50,425781	-82,949516	-82,983727	-0,23738444
41716	0,61559755	50,625977	-83,730278	-83,753632	-0,23862571
41716	0,61559981	50,826172	-84,51104	-84,594315	-0,24038181
41716	0,61560214	51,026367	-85,291801	-85,356873	-0,24126917
41716	0,61560446	51,226563	-86,072563	-86,100922	-0,24301708
41716	0,61560678	51,426758	-86,853325	-86,914612	-0,2436161
41716	0,61560911	51,626953	-87,634087	-87,721863	-0,24539456
41716	0,61561143	51,827148	-88,414848	-88,502991	-0,24696738
41716	0,61561376	52,027344	-89,19561	-89,257271	-0,24775341
41716	0,61561608	52,227539	-89,976372	-90,044647	-0,24934337
41716	0,61561835	52,427734	-90,757133	-90,806198	-0,25020912
41716	0,61562067	52,62793	-91,537895	-91,588799	-0,25122091
41716	0,615623	52,828125	-92,318657	-92,401237	-0,25280714
41716	0,61562532	53,02832	-93,099419	-93,172859	-0,25415272
41716	0,61562765	53,228516	-93,88018	-93,903946	-0,25529563
41716	0,61562997	53,428711	-94,660942	-94,709694	-0,25655627
41716	0,6156323	53,628906	-95,441704	-95,562256	-0,25823638
41716	0,61563462	53,829102	-96,222466	-96,270279	-0,25829673
41716	0,61563689	54,029297	-97,003227	-97,073647	-0,26005879
41716	0,61563921	54,229492	-97,783989	-97,875015	-0,26145279
41716	0,61564153	54,429688	-98,564751	-98,619637	-0,26332662
41716	0,61564386	54,629883	-99,345512	-99,401016	-0,26302934
41716	0,61564618	54,830078	-100,12627	-100,19817	-0,2650395
41716	0,61564851	55,030273	-100,90704	-100,97437	-0,26635602
41716	0,61565083	55,230469	-101,6878	-101,72136	-0,26730895
41716	0,61565316	55,430664	-102,46856	-102,5481	-0,26888549
41716	0,61565542	55,630859	-103,24932	-103,30648	-0,27030781
41716	0,61565775	55,831055	-104,03008	-104,07996	-0,27097389
41716	0,61566007	56,03125	-104,81084	-104,84824	-0,27221441
41716	0,6156624	56,231445	-105,59161	-105,68694	-0,27334094
41716	0,61566472	56,431641	-106,37237	-106,45304	-0,27435496
41716	0,61566705	56,631836	-107,15313	-107,19339	-0,27593598
41716	0,61566937	56,832031	-107,93389	-107,98574	-0,27723014
41716	0,61567169	57,032227	-108,71465	-108,8216	-0,27833879
41716	0,61567396	57,232422	-109,49541	-109,55688	-0,27910918
41716	0,61567628	57,432617	-110,27618	-110,34309	-0,28073043
41716	0,61567861	57,632813	-111,05694	-111,14156	-0,28174892
41716	0,61568093	57,833008	-111,8377	-111,91542	-0,28263405
41716	0,61568326	58,033203	-112,61846	-112,65397	-0,28404072
41716	0,61568558	58,233398	-113,39922	-113,44098	-0,28519928
41716	0,61568791	58,433594	-114,17999	-114,23809	-0,28632954
41716	0,61569023	58,633789	-114,96075	-114,99257	-0,28750747
41716	0,6156925	58,833984	-115,74151	-115,80215	-0,28819665
41716	0,61569482	59,03418	-116,52227	-116,63572	-0,28990433
41716	0,61569715	59,234375	-117,30303	-117,33397	-0,29121265
41716	0,61569947	59,43457	-118,08379	-118,09614	-0,29223859
41716	0,61570179	59,634766	-118,86456	-118,92918	-0,29302761
41716	0,61570412	59,834961	-119,64532	-119,69368	-0,29490963
41716	0,61570644	60,035156	-120,42608	-120,48024	-0,29534847
41716	0,61570877	60,235352	-121,20684	-121,25312	-0,29663146
41716	0,61571103	60,435547	-121,9876	-122,08884	-0,29807389
41716	0,61571336	60,635742	-122,76836	-122,84258	-0,29903874
41716	0,61571568	60,835938	-123,54913	-123,5792	-0,30030236
41716	0,61571801	61,036133	-124,32989	-124,42245	-0,30108169
41716	0,61572033	61,236328	-125,11065	-125,1876	-0,30147508
41716	0,61572266	61,436523	-125,89141	-125,92911	-0,30281767
41716	0,61572498	61,636719	-126,67217	-126,72596	-0,30403212
41716	0,61572731	61,836914	-127,45293	-127,50967	-0,30516684
41716	0,61572957	62,037109	-128,23369	-128,27809	-0,30660555
41716	0,61573189	62,237305	-129,01445	-129,09225	-0,30758232
41716	0,61573422	62,4375	-129,79521	-129,8782	-0,3088899
41716	0,61573654	62,637695	-130,57597	-130,63731	-0,30952767
41716	0,61573887	62,837891	-131,35674	-131,38437	-0,31054989
41716	0,61574119	63,038086	-132,1375	-132,25439	-0,31175539
41716	0,61574352	63,238281	-132,91826	-132,98091	-0,31302795
41716	0,61574584	63,438477	-133,69902	-133,77579	-0,31405687
41716	0,61574811	63,638672	-134,47978	-134,53305	-0,31529516
41716	0,61575043	63,838867	-135,26054	-135,35664	-0,31587183
41716	0,61575276	64,039063	-136,04131	-136,10599	-0,31698123
41716	0,61575508	64,239258	-136,82207	-136,92677	-0,31814948
41716	0,61575741	64,439453	-137,60283	-137,73206	-0,31948835
41716	0,61575973	64,639648	-138,38359	-138,49675	-0,31960309
41716	0,61576205	64,839844	-139,16435	-139,31088	-0,32138973
41716	0,61576438	65,040039	-139,94511	-140,09526	-0,32238141
41716	0,61576664	65,240234	-140,72588	-140,85452	-0,32372847
41716	0,61576897	65,44043	-141,50664	-141,63274	-0,32461807
41716	0,61577129	65,640625	-142,2874	-142,40504	-0,32544658
41716	0,61577362	65,84082	-143,06816	-143,21268	-0,32627508
41716	0,61577594	66,041016	-143,84892	-143,96013	-0,32753795
41716	0,61577827	66,241211	-144,62968	-144,70308	-0,32828748
41716	0,61578059	66,441406	-145,41045	-145,52028	-0,32910928
41716	0,61578292	66,641602	-146,19121	-146,31483	-0,33005774
41716	0,61578518	66,841797	-146,97197	-147,05354	-0,33107176
41716	0,61578751	67,041992	-147,75273	-147,8459	-0,33278316
41716	0,61578983	67,242188	-148,53349	-148,65605	-0,33314228
41716	0,61579216	67,442383	-149,31425	-149,41353	-0,33401027
41716	0,61579448	67,642578	-150,09502	-150,18835	-0,33526197
41716	0,6157968	67,842773	-150,87578	-150,98026	-0,33639967
41716	0,61579913	68,042969	-151,65654	-151,73224	-0,33699498
41716	0,61580145	68,243164	-152,4373	-152,49324	-0,33805147
41716	0,61580372	68,443359	-153,21806	-153,33562	-0,33929273
41716	0,61580604	68,643555	-153,99883	-154,07793	-0,34068897
41716	0,61580837	68,84375	-154,77959	-154,84593	-0,34096316
41716	0,61581069	69,043945	-155,56035	-155,62112	-0,34200326
41716	0,61581302	69,244141	-156,34111	-156,452	-0,34304038
41716	0,61581534	69,444336	-157,12187	-157,20792	-0,34364164
41716	0,61581767	69,644531	-157,90263	-157,98534	-0,34503192
41716	0,61581999	69,844727	-158,6834	-158,75887	-0,34568235
41716	0,61582226	70,044922	-159,46416	-159,54298	-0,34682751
41716	0,61582458	70,245117	-160,24492	-160,30067	-0,34853294
41716	0,6158269	70,445313	-161,02568	-161,11702	-0,34882352
41716	0,61582923	70,645508	-161,80644	-161,87613	-0,35000369
41716	0,61583155	70,845703	-162,5872	-162,63884	-0,35047755
41716	0,61583388	71,045898	-163,36797	-163,43069	-0,35228059
41716	0,6158362	71,246094	-164,14873	-164,26181	-0,35315454
41716	0,61583853	71,446289	-164,92949	-165,00294	-0,35376921
41716	0,61584079	71,646484	-165,71025	-165,77348	-0,35514608
41716	0,61584312	71,84668	-166,49101	-166,5795	-0,35524368
41716	0,61584544	72,046875	-167,27177	-167,37268	-0,35673529
41716	0,61584777	72,24707	-168,05254	-168,09521	-0,35752729
41716	0,61585009	72,447266	-168,8333	-168,918	-0,35809726
41716	0,61585242	72,647461	-169,61406	-169,68263	-0,35922453
41716	0,61585474	72,847656	-170,39482	-170,47002	-0,36072358
41716	0,61585706	73,047852	-171,17558	-171,25075	-0,36114678
41716	0,61585933	73,248047	-171,95634	-172,01761	-0,36243349
41716	0,61586165	73,448242	-172,73711	-172,75989	-0,36315024
41716	0,61586398	73,648438	-173,51787	-173,54683	-0,36431625
41716	0,6158663	73,848633	-174,29863	-174,37573	-0,36444813
41716	0,61586863	74,048828	-175,07939	-175,14862	-0,36638379
41716	0,61587095	74,249023	-175,86015	-175,88159	-0,36655664
41716	0,61587328	74,449219	-176,64091	-176,68253	-0,36781877
41716	0,61587554	74,649414	-177,42168	-177,49858	-0,36912113
41716	0,61587787	74,849609	-178,20244	-178,26657	-0,36975443
41716	0,61588019	75,049805	-178,9832	-179,01428	-0,37010685
41716	0,61588252	75,25	-179,76396	-179,84268	-0,3714256
41716	0,61588484	75,450195	-180,54472	-180,57256	-0,37288591
41716	0,61588717	75,650391	-181,32549	-181,38011	-0,37339553
41716	0,61588949	75,850586	-182,10625	-182,17654	-0,37438497
41716	0,61589181	76,050781	-182,88701	-182,96858	-0,37543997
41716	0,61589408	76,250977	-183,66777	-183,68832	-0,37596673
41716	0,6158964	76,451172	-184,44853	-184,5076	-0,37705824
41716	0,61589873	76,651367	-185,22929	-185,32762	-0,37825927
41716	0,61590105	76,851563	-186,01006	-186,07819	-0,3787607
41716	0,61590338	77,051758	-186,79082	-186,82283	-0,37985891
41716	0,6159057	77,251953	-187,57158	-187,6431	-0,38028955
41716	0,61590803	77,452148	-188,35236	-188,42073	-0,38177893
41716	0,61591035	77,652344	-189,13312	-189,19118	-0,38252547
41716	0,61591262	77,852539	-189,91388	-189,95425	-0,38350448
41716	0,61591494	78,052734	-190,69464	-190,77856	-0,38445219
41716	0,61591727	78,25293	-191,4754	-191,51796	-0,38540736
41716	0,61591959	78,453125	-192,25616	-192,31776	-0,38606226
41716	0,61592191	78,65332	-193,03693	-193,12622	-0,38656592
41716	0,61592424	78,853516	-193,81769	-193,87628	-0,38808435
41716	0,61592656	79,053711	-194,59845	-194,62169	-0,38915649
41716	0,61592889	79,253906	-195,37921	-195,45818	-0,39015785
41716	0,61593115	79,454102	-196,15997	-196,24115	-0,39044321
41716	0,61593348	79,654297	-196,94073	-196,98892	-0,39155558
41716	0,6159358	79,854492	-197,7215	-197,78775	-0,39253756
41716	0,61593813	80,054688	-198,50226	-198,54796	-0,39330944
41716	0,61594045	80,254883	-199,28302	-199,31989	-0,39409548
41716	0,61594278	80,455078	-200,06378	-200,13844	-0,39550439
41716	0,6159451	80,655273	-200,84454	-200,94746	-0,39651841
41716	0,61594743	80,855469	-201,62531	-201,67503	-0,39665401
41716	0,61594969	81,055664	-202,40607	-202,41411	-0,39725602
41716	0,61595201	81,255859	-203,18683	-203,25922	-0,39883479
41716	0,61595434	81,456055	-203,96759	-204,0882	-0,39993152
41716	0,61595666	81,65625	-204,74835	-204,79463	-0,4003197
41716	0,61595899	81,856445	-205,52911	-205,55234	-0,40155351
41716	0,61596131	82,056641	-206,30988	-206,41875	-0,40247291
41716	0,61596364	82,256836	-207,09064	-207,12065	-0,4032582
41716	0,61596596	82,457031	-207,8714	-207,90018	-0,40378124
41716	0,61596823	82,657227	-208,65216	-208,73553	-0,40498674
41716	0,61597055	82,857422	-209,43292	-209,54836	-0,40588155
41716	0,61597288	83,057617	-210,21368	-210,23283	-0,40733293
41716	0,6159752	83,257813	-210,99445	-211,09512	-0,40775239
41716	0,61597753	83,458008	-211,77521	-211,832	-0,40891841
41716	0,61597985	83,658203	-212,55597	-212,66531	-0,40946305
41716	0,61598217	83,858398	-213,33673	-213,39424	-0,41038021
41716	0,6159845	84,058594	-214,11749	-214,19603	-0,41159093
41716	0,61598676	84,258789	-214,89825	-214,95255	-0,41154772
41716	0,61598909	84,458984	-215,67902	-215,72525	-0,41300431
41716	0,61599141	84,65918	-216,45978	-216,59097	-0,41392446
41716	0,61599374	84,859375	-217,24054	-217,3045	-0,41458532
41716	0,61599606	85,05957	-218,0213	-218,08548	-0,4158549
41716	0,61599839	85,259766	-218,80206	-218,82635	-0,4159987
41716	0,61600071	85,459961	-219,58282	-219,61252	-0,41707382
41716	0,61600304	85,660156	-220,36359	-220,45866	-0,4186295
41716	0,6160053	85,860352	-221,14435	-221,19783	-0,41886494
41716	0,61600763	86,060547	-221,92511	-222,00246	-0,42002648
41716	0,61600995	86,260742	-222,70587	-222,78673	-0,42068809
41716	0,61601228	86,460938	-223,48663	-223,52792	-0,42162687
41716	0,6160146	86,661133	-224,2674	-224,35472	-0,42198673
41716	0,61601692	86,861328	-225,04816	-225,1297	-0,42288378
41716	0,61601925	87,061523	-225,82892	-225,86855	-0,42423606
41716	0,61602157	87,261719	-226,60968	-226,67097	-0,42517185
41716	0,61602384	87,461914	-227,39044	-227,52579	-0,42583048
41716	0,61602616	87,662109	-228,1712	-228,21338	-0,42721853
41716	0,61602849	87,862305	-228,95197	-229,01813	-0,4277721
41716	0,61603081	88,0625	-229,73273	-229,7948	-0,42859688
41716	0,61603314	88,262695	-230,51349	-230,59686	-0,42987317
41716	0,61603546	88,462891	-231,29425	-231,34637	-0,43023974
41716	0,61603779	88,663086	-232,07501	-232,15292	-0,43088719
41716	0,61604011	88,863281	-232,85577	-232,90512	-0,43205768
41716	0,61604238	89,063477	-233,63654	-233,6897	-0,4331857
41716	0,6160447	89,263672	-234,4173	-234,49715	-0,43342635
41716	0,61604702	89,463867	-235,19806	-235,29066	-0,43473244
41716	0,61604935	89,664063	-235,97882	-236,02641	-0,43535605
41716	0,61605167	89,864258	-236,75958	-236,79492	-0,43601245
41716	0,616054	90,064453	-237,54034	-237,57884	-0,43675229
41716	0,61605632	90,264648	-238,32111	-238,42076	-0,437852
41716	0,61605865	90,464844	-239,10187	-239,14189	-0,43901876
41716	0,61606091	90,665039	-239,88263	-239,96712	-0,43943748
41716	0,61606324	90,865234	-240,66339	-240,75264	-0,44071078
41716	0,61606556	91,06543	-241,44415	-241,47665	-0,44179931
41716	0,61606789	91,265625	-242,22491	-242,25568	-0,4426688
41716	0,61607021	91,46582	-243,00568	-243,11911	-0,44294745
41716	0,61607254	91,666016	-243,78644	-243,83452	-0,44376329
41716	0,61607486	91,866211	-244,5672	-244,64297	-0,44463724
41716	0,61607718	92,066406	-245,34796	-245,38725	-0,44572502
41716	0,61607945	92,266602	-246,12872	-246,19525	-0,44620857
41716	0,61608177	92,466797	-246,90948	-246,96066	-0,44705793
41716	0,6160841	92,666992	-247,69025	-247,73163	-0,44804811
41716	0,61608642	92,867188	-248,47101	-248,55104	-0,44882298
41716	0,61608875	93,067383	-249,25177	-249,3091	-0,44993013
41716	0,61609107	93,267578	-250,03253	-250,03369	-0,45037642
41716	0,6160934	93,467773	-250,81329	-250,88449	-0,45164451
41716	0,61609572	93,667969	-251,59406	-251,65756	-0,4523769
41716	0,61609799	93,868164	-252,37482	-252,42615	-0,45331642
41716	0,61610031	94,068359	-253,15558	-253,17845	-0,45445412
41716	0,61610264	94,268555	-253,93634	-253,95985	-0,45483485
41716	0,61610496	94,46875	-254,7171	-254,73729	-0,45540258
41716	0,61610729	94,668945	-255,49786	-255,5489	-0,45646504
41716	0,61610961	94,869141	-256,27863	-256,341	-0,45748204
41716	0,61611193	95,069336	-257,05939	-257,11456	-0,45834705
41716	0,61611426	95,269531	-257,84015	-257,86499	-0,45854524
41716	0,61611652	95,469727	-258,62091	-258,70712	-0,46057105
41716	0,61611885	95,669922	-259,40167	-259,47296	-0,46038032
41716	0,61612117	95,870117	-260,18243	-260,20978	-0,46192035
41716	0,6161235	96,070313	-260,9632	-261,02182	-0,46269968
41716	0,61612582	96,270508	-261,74396	-261,80072	-0,46356395
41716	0,61612815	96,470703	-262,52472	-262,55737	-0,46426207
41716	0,61613047	96,670898	-263,30548	-263,36115	-0,46484545
41716	0,6161328	96,871094	-264,08624	-264,15356	-0,4660733
41716	0,61613506	97,071289	-264,867	-264,93045	-0,46680644
41716	0,61613739	97,271484	-265,64777	-265,67123	-0,46781972
41716	0,61613971	97,47168	-266,42853	-266,49728	-0,46869144
41716	0,61614203	97,671875	-267,20929	-267,25839	-0,46971291
41716	0,61614436	97,87207	-267,99005	-268,01395	-0,47026575
41716	0,61614668	98,072266	-268,77081	-268,86035	-0,47066808
41716	0,61614901	98,272461	-269,55157	-269,61862	-0,4716292
41716	0,61615133	98,472656	-270,33234	-270,3855	-0,47276989
41716	0,6161536	98,672852	-271,1131	-271,16925	-0,47350079
41716	0,61615592	98,873047	-271,89386	-271,9787	-0,47393739
41716	0,61615825	99,073242	-272,67462	-272,76352	-0,47525689
41716	0,61616057	99,273438	-273,45538	-273,50418	-0,47558025
41716	0,6161629	99,473633	-274,23615	-274,29303	-0,47664791
41716	0,61616522	99,673828	-275,01691	-275,10846	-0,4777208
41716	0,61616755	99,874023	-275,79767	-275,83597	-0,4779838
41716	0,61616987	100,07422	-276,57843	-276,6673	-0,47927275
41716	0,61617213	100,27441	-277,35919	-277,44382	-0,47995299
41716	0,61617446	100,47461	-278,13995	-278,18927	-0,48111454
41716	0,61617678	100,6748	-278,92072	-278,9884	-0,48196465
41716	0,61617911	100,875	-279,70148	-279,79605	-0,4823938
41716	0,61618143	101,0752	-280,48224	-280,5592	-0,48361272
41716	0,61618376	101,27539	-281,263	-281,34772	-0,48428103
41716	0,61618608	101,47559	-282,04376	-282,09467	-0,48523247
41716	0,61618835	101,67578	-282,82452	-282,8989	-0,4861325
41716	0,61619067	101,87598	-283,60529	-283,67819	-0,48667639
41716	0,616193	102,07617	-284,38605	-284,46878	-0,48758611
41716	0,61619532	102,27637	-285,16681	-285,23935	-0,48856214
41716	0,61619765	102,47656	-285,94757	-286,01825	-0,48939958
41716	0,61619997	102,67676	-286,72833	-286,7666	-0,48987791
41716	0,61620229	102,87695	-287,50909	-287,63013	-0,49081072
41716	0,61620462	103,07715	-288,28986	-288,36798	-0,49183071
41716	0,61620688	103,27734	-289,07062	-289,12207	-0,4923448
41716	0,61620921	103,47754	-289,85138	-289,92245	-0,49383491
41716	0,61621153	103,67773	-290,63214	-290,70554	-0,49444064
41716	0,61621386	103,87793	-291,4129	-291,47861	-0,49539506
41716	0,61621618	104,07813	-292,19366	-292,29745	-0,49577504
41716	0,61621851	104,27832	-292,97443	-293,05545	-0,49652159
41716	0,61622083	104,47852	-293,75519	-293,836	-0,4974924
41716	0,61622316	104,67871	-294,53595	-294,56424	-0,49838945
41716	0,61622542	104,87891	-295,31671	-295,38318	-0,49968362
41716	0,61622775	105,0791	-296,09747	-296,17429	-0,49989074
41716	0,61623007	105,2793	-296,87823	-296,92511	-0,50093007
41716	0,6162324	105,47949	-297,659	-297,7023	-0,50164986
41716	0,61623472	105,67969	-298,43976	-298,47913	-0,5026564
41716	0,61623704	105,87988	-299,22052	-299,22726	-0,50274801
41716	0,61623937	106,08008	-300,00128	-300,04739	-0,50422996
41716	0,61624169	106,28027	-300,78204	-300,82385	-0,50499964
41716	0,61624396	106,48047	-301,56281	-301,57828	-0,50593764
41716	0,61624628	106,68066	-302,34357	-302,34396	-0,50620288
41716	0,61624861	106,88086	-303,12433	-303,16251	-0,50719154
41716	0,61625093	107,08105	-303,90509	-303,95963	-0,5082823
41716	0,61625326	107,28125	-304,68585	-304,74631	-0,50904602
41716	0,61625558	107,48145	-305,46661	-305,50079	-0,51052642
41716	0,61625791	107,68164	-306,24738	-306,2984	-0,5107671
41716	0,61626023	107,88184	-307,02814	-307,07706	-0,51189661
41716	0,6162625	108,08203	-307,8089	-307,80841	-0,51296055
41716	0,61626482	108,28223	-308,58966	-308,66547	-0,51337481
41716	0,61626714	108,48242	-309,37042	-309,39868	-0,51392764
41716	0,61626947	108,68262	-310,15118	-310,17651	-0,51516664
41716	0,61627179	108,88281	-310,93195	-310,95157	-0,51606745
41716	0,61627412	109,08301	-311,71271	-311,74954	-0,51681101
41716	0,61627644	109,2832	-312,49347	-312,56787	-0,51722527
41716	0,61627877	109,4834	-313,27423	-313,32462	-0,51794946
41716	0,61628103	109,68359	-314,05499	-314,12238	-0,51918995
41716	0,61628336	109,88379	-314,83575	-314,87613	-0,51988661
41716	0,61628568	110,08398	-315,61652	-315,63535	-0,52059889
41716	0,61628801	110,28418	-316,39728	-316,42422	-0,52171576
41716	0,61629033	110,48438	-317,17804	-317,26129	-0,5226053
41716	0,61629266	110,68457	-317,9588	-317,99261	-0,5233146
41716	0,61629498	110,88477	-318,73956	-318,76605	-0,52406043
41716	0,6162973	111,08496	-319,52032	-319,55771	-0,52478462
41716	0,61629957	111,28516	-320,30109	-320,30533	-0,52635002
41716	0,61630189	111,48535	-321,08185	-321,10895	-0,52686632
41716	0,61630422	111,68555	-321,86261	-321,9415	-0,52795041
41716	0,61630654	111,88574	-322,64337	-322,69751	-0,52848983
41716	0,61630887	112,08594	-323,42413	-323,44336	-0,5287565
41716	0,61631119	112,28613	-324,2049	-324,27258	-0,52962005
41716	0,61631352	112,48633	-324,98566	-325,03558	-0,53044188
41716	0,61631584	112,68652	-325,76642	-325,80701	-0,53159523
41716	0,61631811	112,88672	-326,54718	-326,61765	-0,53261888
41716	0,61632043	113,08691	-327,32794	-327,43234	-0,53316581
41716	0,61632276	113,28711	-328,1087	-328,16031	-0,53421855
41716	0,61632508	113,4873	-328,88947	-328,9653	-0,53518641
41716	0,6163274	113,6875	-329,67023	-329,70142	-0,53598654
41716	0,61632973	113,8877	-330,45099	-330,49536	-0,53668845
41716	0,61633205	114,08789	-331,23175	-331,24762	-0,53776872
41716	0,61633438	114,28809	-332,01251	-332,08246	-0,53796321
41716	0,61633664	114,48828	-332,79327	-332,88925	-0,53898621
41716	0,61633897	114,68848	-333,57404	-333,64709	-0,54047853
41716	0,61634129	114,88867	-334,3548	-334,39651	-0,5403772
41716	0,61634362	115,08887	-335,13556	-335,19528	-0,54197979
41716	0,61634594	115,28906	-335,91632	-335,98322	-0,54259229
41716	0,61634827	115,48926	-336,69708	-336,76205	-0,5429126
41716	0,61635059	115,68945	-337,47784	-337,58981	-0,54378211
41716	0,61635292	115,88965	-338,25861	-338,3475	-0,54476631
41716	0,61635518	116,08984	-339,03937	-339,09735	-0,54554492
41716	0,61635751	116,29004	-339,82013	-339,89529	-0,54674596
41716	0,61635983	116,49023	-340,60089	-340,65189	-0,5471915
41716	0,61636215	116,69043	-341,38165	-341,41977	-0,54813325
41716	0,61636448	116,89063	-342,16241	-342,24951	-0,54918754
41716	0,6163668	117,09082	-342,94318	-343,0459	-0,5493753
41716	0,61636913	117,29102	-343,72394	-343,80643	-0,55027008
41716	0,61637145	117,49121	-344,5047	-344,54401	-0,55174756
41716	0,61637372	117,69141	-345,28546	-345,34653	-0,55236518
41716	0,61637604	117,8916	-346,06622	-346,16525	-0,55293071
41716	0,61637837	118,0918	-346,84698	-346,91013	-0,55371153
41716	0,61638069	118,29199	-347,62775	-347,69171	-0,554654
41716	0,61638302	118,49219	-348,40851	-348,4689	-0,55533648
41716	0,61638534	118,69238	-349,18927	-349,25235	-0,5565815
41716	0,61638767	118,89258	-349,97003	-349,99881	-0,55741519
41716	0,61638999	119,09277	-350,75079	-350,84119	-0,55773258
41716	0,61639225	119,29297	-351,53156	-351,57385	-0,55845904
41716	0,61639458	119,49316	-352,31232	-352,38678	-0,55956393
41716	0,6163969	119,69336	-353,09308	-353,16071	-0,56027472
41716	0,61639923	119,89355	-353,87384	-353,93124	-0,56128353
41716	0,61640155	120,09375	-354,6546	-354,69284	-0,56209636
41716	0,61640388	120,29395	-355,43536	-355,43793	-0,5623467
41716	0,6164062	120,49414	-356,21613	-356,27158	-0,56379509
41716	0,61640853	120,69434	-356,99689	-357,02295	-0,56417137
41716	0,61641079	120,89453	-357,77765	-357,77377	-0,56503564
41716	0,61641312	121,09473	-358,55841	-358,6004	-0,56604218
41716	0,61641544	121,29492	-359,33917	-359,36084	-0,56686628
41716	0,61641777	121,49512	-360,11993	-360,14258	-0,56797493
41716	0,61642009	121,69531	-360,9007	-360,95389	-0,56853294
41716	0,61642241	121,89551	-361,68146	-361,75308	-0,5693078
41716	0,61642474	122,0957	-362,46222	-362,48758	-0,5702585
41716	0,61642706	122,2959	-363,24298	-363,30698	-0,57136863
41716	0,61642933	122,49609	-364,02374	-364,07336	-0,57254958
41716	0,61643165	122,69629	-364,8045	-364,83615	-0,5723998
41716	0,61643398	122,89648	-365,58527	-365,6423	-0,57334077
41716	0,6164363	123,09668	-366,36603	-366,43274	-0,57504922
41716	0,61643863	123,29688	-367,14679	-367,20151	-0,5745545
41716	0,61644095	123,49707	-367,92755	-367,97125	-0,5758971
41716	0,61644328	123,69727	-368,70831	-368,74432	-0,57698041
41716	0,6164456	123,89746	-369,48907	-369,56049	-0,57770461
41716	0,61644787	124,09766	-370,26984	-370,32892	-0,57875216
41716	0,61645019	124,29785	-371,0506	-371,11465	-0,57960522
41716	0,61645252	124,49805	-371,83136	-371,87756	-0,58075857
41716	0,61645484	124,69824	-372,61212	-372,68848	-0,58111101
41716	0,61645716	124,89844	-373,39288	-373,41553	-0,58196187
41716	0,61645949	125,09863	-374,17365	-374,26947	-0,58228445
41716	0,61646181	125,29883	-374,95441	-375,04126	-0,58350039
41716	0,61646414	125,49902	-375,73517	-375,80084	-0,58432221
41716	0,6164664	125,69922	-376,51593	-376,57877	-0,58525729
41716	0,61646873	125,89941	-377,29669	-377,39661	-0,58556569
41716	0,61647105	126,09961	-378,07745	-378,0997	-0,58628249
41716	0,61647338	126,2998	-378,85822	-378,93243	-0,58758408
41716	0,6164757	126,5	-379,63898	-379,72504	-0,58857501
41716	0,61647803	126,7002	-380,41974	-380,49332	-0,58921945
41716	0,61648035	126,90039	-381,2005	-381,22742	-0,59023869
41716	0,61648268	127,10059	-381,98126	-382,04718	-0,59094203
41716	0,61648494	127,30078	-382,76202	-382,82703	-0,59195757
41716	0,61648726	127,50098	-383,54279	-383,60953	-0,59236515
41716	0,61648959	127,70117	-384,32355	-384,36621	-0,59321523
41716	0,61649191	127,90137	-385,10431	-385,19547	-0,59414732
41716	0,61649424	128,10156	-385,88507	-385,93942	-0,59442818
41716	0,61649656	128,30176	-386,66583	-386,71353	-0,59593618
41716	0,61649889	128,50195	-387,44659	-387,48721	-0,59689355
41716	0,61650115	128,70215	-388,22736	-388,30444	-0,59736001
41716	0,61650348	128,90234	-389,00812	-389,05673	-0,59826744
41716	0,6165058	129,10254	-389,78888	-389,82455	-0,59922266
41716	0,61650813	129,30273	-390,56964	-390,59924	-0,59958625
41716	0,61651045	129,50293	-391,3504	-391,36319	-0,60066879
41716	0,61651278	129,70313	-392,13116	-392,1326	-0,60165823
41716	0,6165151	129,90332	-392,91193	-392,96082	-0,60205829
41716	0,61651742	130,10352	-393,69269	-393,73575	-0,60335171
41716	0,61651969	130,30371	-394,47345	-394,50714	-0,60395527
41716	0,61652201	130,50391	-395,25421	-395,2937	-0,60479271
41716	0,61652434	130,7041	-396,03497	-396,08246	-0,60599148
41716	0,61652666	130,9043	-396,81573	-396,8259	-0,60612559
41716	0,61652899	131,10449	-397,5965	-397,66803	-0,60769844
41716	0,61653131	131,30469	-398,37726	-398,44574	-0,60781687
41716	0,61653364	131,50488	-399,15802	-399,22473	-0,60895681
41716	0,61653596	131,70508	-399,93878	-399,99017	-0,60993361
41716	0,61653823	131,90527	-400,71954	-400,76486	-0,61051995
41716	0,61654055	132,10547	-401,50031	-401,58484	-0,61150265
41716	0,61654288	132,30566	-402,28107	-402,3064	-0,61248094
41716	0,6165452	132,50586	-403,06183	-403,14938	-0,61319023
41716	0,61654752	132,70605	-403,84259	-403,89233	-0,61408579
41716	0,61654985	132,90625	-404,62335	-404,65396	-0,61501414
41716	0,61655217	133,10645	-405,40411	-405,44638	-0,61578822
41716	0,6165545	133,30664	-406,18488	-406,25415	-0,61575025
41716	0,61655676	133,50684	-406,96564	-407,02118	-0,61743855
41716	0,61655909	133,70703	-407,7464	-407,82275	-0,61794448
41716	0,61656141	133,90723	-408,52716	-408,63638	-0,61861575
41716	0,61656374	134,10742	-409,30792	-409,367	-0,61958957
41716	0,61656606	134,30762	-410,08868	-410,07944	-0,62056929
41716	0,61656839	134,50781	-410,86945	-410,85303	-0,62121081
41716	0,61657071	134,70801	-411,65021	-411,65717	-0,62213767
41716	0,61657304	134,9082	-412,43097	-412,42929	-0,62261373
41716	0,6165753	135,1084	-413,21173	-413,26602	-0,62327158
41716	0,61657763	135,30859	-413,99249	-414,08017	-0,62447262
41716	0,61657995	135,50879	-414,77325	-414,77582	-0,62538236
41716	0,61658227	135,70898	-415,55402	-415,59229	-0,6256603
41716	0,6165846	135,90918	-416,33478	-416,40134	-0,62731135
41716	0,61658692	136,10938	-417,11554	-417,23743	-0,62787461
41716	0,61658925	136,30957	-417,8963	-417,95828	-0,62851238
41716	0,61659157	136,50977	-418,67706	-418,75201	-0,62971115
41716	0,61659384	136,70996	-419,45782	-419,5351	-0,63004941
41716	0,61659616	136,91016	-420,23859	-420,26535	-0,63088834
41716	0,61659849	137,11035	-421,01935	-421,04178	-0,63141656
41716	0,61660081	137,31055	-421,80011	-421,8913	-0,63272268
41716	0,61660314	137,51074	-422,58087	-422,63516	-0,63342005
41716	0,61660546	137,71094	-423,36163	-423,42227	-0,63412416
41716	0,61660779	137,91113	-424,1424	-424,23425	-0,6349318
41716	0,61661011	138,11133	-424,92316	-424,98904	-0,63620359
41716	0,61661237	138,31152	-425,70392	-425,72116	-0,63590634
41716	0,6166147	138,51172	-426,48468	-426,57242	-0,63734281
41716	0,61661702	138,71191	-427,26544	-427,36777	-0,63841641
41716	0,61661935	138,91211	-428,0462	-428,10071	-0,63938797
41716	0,61662167	139,1123	-428,82697	-428,89267	-0,64026713
41716	0,616624	139,3125	-429,60773	-429,70926	-0,6406188
41716	0,61662632	139,5127	-430,38849	-430,42706	-0,64170212
41716	0,61662865	139,71289	-431,16925	-431,22195	-0,64233094
41716	0,61663091	139,91309	-431,95001	-432,03821	-0,6435014
41716	0,61663324	140,11328	-432,73077	-432,81824	-0,64404535
41716	0,61663556	140,31348	-433,51154	-433,57227	-0,64516437
41716	0,61663789	140,51367	-434,2923	-434,36304	-0,64602566
41716	0,61664021	140,71387	-435,07306	-435,14474	-0,64675736
41716	0,61664253	140,91406	-435,85382	-435,88724	-0,64790845
41716	0,61664486	141,11426	-436,63458	-436,70734	-0,6478883
41716	0,61664718	141,31445	-437,41534	-437,44662	-0,64911246
41716	0,61664945	141,51465	-438,19611	-438,25772	-0,65003186
41716	0,61665177	141,71484	-438,97687	-439,02646	-0,65064359
41716	0,6166541	141,91504	-439,75763	-439,7916	-0,65121651
41716	0,61665642	142,11523	-440,53839	-440,63242	-0,65259486
41716	0,61665875	142,31543	-441,31915	-441,35693	-0,65283775
41716	0,61666107	142,51563	-442,09991	-442,13782	-0,65419304
41716	0,6166634	142,71582	-442,88068	-442,94495	-0,65489858
41716	0,61666572	142,91602	-443,66144	-443,69962	-0,65595508
41716	0,61666799	143,11621	-444,4422	-444,47919	-0,65697956
41716	0,61667031	143,31641	-445,22296	-445,30258	-0,65720528
41716	0,61667264	143,5166	-446,00372	-446,05295	-0,65801215
41716	0,61667496	143,7168	-446,78448	-446,84088	-0,65927207
41716	0,61667728	143,91699	-447,56525	-447,61765	-0,66003501
41716	0,61667961	144,11719	-448,34601	-448,39618	-0,66093874
41716	0,61668193	144,31738	-449,12677	-449,04132	-0,66125691
41716	0,61668426	144,51758	-449,90753	-449,82471	-0,66187012
41716	0,61668652	144,71777	-450,68829	-450,69055	-0,66318583
41716	0,61668885	144,91797	-451,46906	-451,44846	-0,66390109
41716	0,61669117	145,11816	-452,24982	-452,22626	-0,66462457
41716	0,6166935	145,31836	-453,03058	-453,05548	-0,6659016
41716	0,61669582	145,51855	-453,81134	-453,85403	-0,66655648
41716	0,61669815	145,71875	-454,5921	-454,57709	-0,66699535
41716	0,61670047	145,91895	-455,37286	-455,37762	-0,66808832
41716	0,6167028	146,11914	-456,15363	-456,19327	-0,66863823
41716	0,61670506	146,31934	-456,93439	-456,92484	-0,66934752
41716	0,61670738	146,51953	-457,71515	-457,74304	-0,67048818
41716	0,61670971	146,71973	-458,49591	-458,53604	-0,67097473
41716	0,61671203	146,91992	-459,27667	-459,32687	-0,67274797
41716	0,61671436	147,12012	-460,05743	-460,0809	-0,67255795
41716	0,61671668	147,32031	-460,8382	-460,86679	-0,6740272
41716	0,61671901	147,52051	-461,61896	-461,67136	-0,67486465
41716	0,61672133	147,7207	-462,39972	-462,46356	-0,67585635
41716	0,6167236	147,9209	-463,18048	-463,22406	-0,67604482
41716	0,61672592	148,12109	-463,96124	-464,03601	-0,67730772
41716	0,61672825	148,32129	-464,742	-464,76868	-0,67764294
41716	0,61673057	148,52148	-465,52277	-465,57199	-0,67871809
41716	0,6167329	148,72168	-466,30353	-466,3653	-0,67969191
41716	0,61673522	148,92188	-467,08429	-467,15701	-0,68037212
41716	0,61673754	149,12207	-467,86505	-467,89496	-0,681705
41716	0,61673987	149,32227	-468,64581	-468,66751	-0,6820209
41716	0,61674213	149,52246	-469,42657	-469,48022	-0,68314898
41716	0,61674446	149,72266	-470,20734	-470,30585	-0,68362355
41716	0,61674678	149,92285	-470,9881	-471,02768	-0,6846689
41716	0,61674911	150,12305	-471,76886	-471,84317	-0,68538636
41716	0,61675143	150,32324	-472,54962	-472,58374	-0,68603384
41716	0,61675376	150,52344	-473,33038	-473,34879	-0,68721843
41716	0,61675608	150,72363	-474,11115	-474,18893	-0,68767518
41716	0,61675841	150,92383	-474,89191	-474,96893	-0,68916082
41716	0,61676067	151,12402	-475,67267	-475,71198	-0,69000196
41716	0,616763	151,32422	-476,45343	-476,47357	-0,69037604
41716	0,61676532	151,52441	-477,23419	-477,28665	-0,69105399
41716	0,61676764	151,72461	-478,01495	-478,091	-0,69186759
41716	0,61676997	151,9248	-478,79572	-478,85385	-0,69284886
41716	0,61677229	152,125	-479,57648	-479,62219	-0,69341135
41716	0,61677462	152,3252	-480,35724	-480,41885	-0,69448948
41716	0,61677694	152,52539	-481,138	-481,17435	-0,69509816
41716	0,61677921	152,72559	-481,91876	-481,98306	-0,69618595
41716	0,61678153	152,92578	-482,69952	-482,78659	-0,69714785
41716	0,61678386	153,12598	-483,48029	-483,52206	-0,69759786
41716	0,61678618	153,32617	-484,26105	-484,30667	-0,69908947
41716	0,61678851	153,52637	-485,04181	-485,10602	-0,69962442
41716	0,61679083	153,72656	-485,82257	-485,88293	-0,70016384
41716	0,61679316	153,92676	-486,60333	-486,65448	-0,70108545
41716	0,61679548	154,12695	-487,38409	-487,44751	-0,70184243
41716	0,61679775	154,32715	-488,16486	-488,20993	-0,70259798
41716	0,61680007	154,52734	-488,94562	-488,98282	-0,70337802
41716	0,61680239	154,72754	-489,72638	-489,76572	-0,70445836
41716	0,61680472	154,92773	-490,50714	-490,60577	-0,70514607
41716	0,61680704	155,12793	-491,2879	-491,32846	-0,70601177
41716	0,61680937	155,32813	-492,06866	-492,14261	-0,70667493
41716	0,61681169	155,52832	-492,84943	-492,90042	-0,7075265
41716	0,61681396	155,72852	-493,63019	-493,64868	-0,70874166
41716	0,61681628	155,92871	-494,41095	-494,44119	-0,70902258
41716	0,61681861	156,12891	-495,19171	-495,26929	-0,7094897
41716	0,61682093	156,3291	-495,97247	-496,0477	-0,71113855
41716	0,61682326	156,5293	-496,75323	-496,78827	-0,71172118
41716	0,61682558	156,72949	-497,534	-497,5954	-0,7124275
41716	0,61682791	156,92969	-498,31476	-498,35446	-0,71325827
41716	0,61683023	157,12988	-499,09552	-499,11218	-0,71477067
41716	0,61683249	157,33008	-499,87628	-499,92047	-0,71526396
41716	0,61683482	157,53027	-500,65704	-500,74338	-0,71620345
41716	0,61683714	157,73047	-501,43781	-501,47345	-0,71662438
41716	0,61683947	157,93066	-502,21857	-502,24466	-0,71754682
41716	0,61684179	158,13086	-502,99933	-503,03152	-0,71845579
41716	0,61684412	158,33105	-503,78009	-503,79642	-0,71887672
41716	0,61684644	158,53125	-504,56085	-504,55798	-0,71981847
41716	0,61684877	158,73145	-505,34161	-505,38992	-0,72089207
41716	0,61685103	158,93164	-506,12238	-506,16641	-0,72087419
41716	0,61685336	159,13184	-506,90314	-506,95209	-0,72266531
41716	0,61685568	159,33203	-507,6839	-507,69833	-0,72357655
41716	0,61685801	159,53223	-508,46466	-508,4614	-0,72439086
41716	0,61686033	159,73242	-509,24542	-509,26184	-0,72477609
41716	0,61686265	159,93262	-510,02618	-510,03748	-0,72600096
41716	0,61686498	160,13281	-510,80695	-510,83005	-0,72691143
41716	0,6168673	160,33301	-511,58771	-511,64105	-0,72784793
41716	0,61686957	160,5332	-512,36847	-512,39075	-0,72835982
41716	0,61687189	160,7334	-513,14923	-513,15918	-0,72921145
41716	0,61687422	160,93359	-513,92999	-513,95587	-0,72997141
41716	0,61687654	161,13379	-514,71075	-514,72357	-0,73027909
41716	0,61687887	161,33398	-515,49152	-515,49933	-0,73148382
41716	0,61688119	161,53418	-516,27228	-516,33313	-0,73231906
41716	0,61688352	161,73438	-517,05304	-517,10748	-0,73336434
41716	0,61688584	161,93457	-517,8338	-517,84967	-0,73446107
41716	0,61688811	162,13477	-518,61456	-518,64069	-0,73525459
41716	0,61689043	162,33496	-519,39532	-519,41754	-0,73547435
41716	0,61689276	162,53516	-520,17609	-520,19568	-0,73731768
41716	0,61689508	162,73535	-520,95685	-520,95972	-0,73743093
41716	0,6168974	162,93555	-521,73761	-521,78204	-0,73828328
41716	0,61689973	163,13574	-522,51837	-522,56525	-0,73883235
41716	0,61690205	163,33594	-523,29913	-523,31653	-0,73995292
41716	0,61690438	163,53613	-524,0799	-524,13367	-0,74082762
41716	0,61690664	163,73633	-524,86066	-524,88672	-0,74167776
41716	0,61690897	163,93652	-525,64142	-525,66461	-0,74243993
41716	0,61691129	164,13672	-526,42218	-526,45355	-0,74369681
41716	0,61691362	164,33691	-527,20294	-527,29108	-0,74368715
41716	0,61691594	164,53711	-527,9837	-527,99188	-0,74509907
41716	0,61691827	164,7373	-528,76447	-528,76727	-0,74529946
41716	0,61692059	164,9375	-529,54523	-529,57263	-0,74660408
41716	0,61692291	165,1377	-530,32599	-530,32831	-0,74767101
41716	0,61692518	165,33789	-531,10675	-531,09607	-0,74818581
41716	0,6169275	165,53809	-531,88751	-531,93005	-0,74956864
41716	0,61692983	165,73828	-532,66827	-532,71063	-0,75010359
41716	0,61693215	165,93848	-533,44904	-533,45502	-0,75102299
41716	0,61693448	166,13867	-534,2298	-534,22498	-0,75178742
41716	0,6169368	166,33887	-535,01056	-535,0564	-0,75257123
41716	0,61693913	166,53906	-535,79132	-535,81848	-0,7532835
41716	0,61694145	166,73926	-536,57208	-536,6189	-0,75418651
41716	0,61694372	166,93945	-537,35284	-537,38318	-0,75533837
41716	0,61694604	167,13965	-538,13361	-538,16046	-0,7562533
41716	0,61694837	167,33984	-538,91437	-538,91113	-0,75642538
41716	0,61695069	167,54004	-539,69513	-539,73932	-0,75741935
41716	0,61695302	167,74023	-540,47589	-540,56995	-0,75833726
41716	0,61695534	167,94043	-541,25665	-541,31104	-0,75910163
41716	0,61695766	168,14063	-542,03741	-542,06934	-0,76013952
41716	0,61695999	168,34082	-542,81818	-542,88879	-0,76096356
41716	0,61696225	168,54102	-543,59894	-543,64209	-0,76188296
41716	0,61696458	168,74121	-544,3797	-544,40454	-0,76215935
41716	0,6169669	168,94141	-545,16046	-545,22467	-0,76296258
41716	0,61696923	169,1416	-545,94122	-546,01514	-0,76414049
41716	0,61697155	169,3418	-546,72198	-546,74963	-0,76454878
41716	0,61697388	169,54199	-547,50275	-547,5545	-0,76557249
41716	0,6169762	169,74219	-548,28351	-548,32861	-0,76663125
41716	0,61697853	169,94238	-549,06427	-549,11005	-0,76757443
41716	0,61698079	170,14258	-549,84503	-549,86737	-0,76826739
41716	0,61698312	170,34277	-550,62579	-550,69623	-0,76935959
41716	0,61698544	170,54297	-551,40656	-551,4599	-0,77034307
41716	0,61698776	170,74316	-552,18732	-552,22046	-0,77061427
41716	0,61699009	170,94336	-552,96808	-553,00977	-0,77195537
41716	0,61699241	171,14355	-553,74884	-553,8092	-0,77210069
41716	0,61699474	171,34375	-554,5296	-554,5542	-0,77279359
41716	0,61699706	171,54395	-555,31036	-555,34027	-0,77459884
41716	0,61699933	171,74414	-556,09113	-556,17883	-0,77487379
41716	0,61700165	171,94434	-556,87189	-556,90417	-0,77591467
41716	0,61700398	172,14453	-557,65265	-557,68848	-0,77618289
41716	0,6170063	172,34473	-558,43341	-558,45392	-0,77744198
41716	0,61700863	172,54492	-559,21417	-559,25513	-0,77834576
41716	0,61701095	172,74512	-559,99493	-560,0257	-0,77884644
41716	0,61701328	172,94531	-560,7757	-560,82129	-0,77998412
41716	0,6170156	173,14551	-561,55646	-561,6181	-0,78072321
41716	0,61701787	173,3457	-562,33722	-562,35565	-0,78165007
41716	0,61702019	173,5459	-563,11798	-563,12836	-0,78271103
41716	0,61702251	173,74609	-563,89874	-563,922	-0,78332949
41716	0,61702484	173,94629	-564,6795	-564,71228	-0,78417063
41716	0,61702716	174,14648	-565,46027	-565,51007	-0,78548044
41716	0,61702949	174,34668	-566,24103	-566,27832	-0,78579557
41716	0,61703181	174,54688	-567,02179	-567,03082	-0,78707188
41716	0,61703414	174,74707	-567,80255	-567,81744	-0,7875495
41716	0,6170364	174,94727	-568,58331	-568,5755	-0,78858286
41716	0,61703873	175,14746	-569,36407	-569,38177	-0,78970265
41716	0,61704105	175,34766	-570,14484	-570,12653	-0,79016018
41716	0,61704338	175,54785	-570,9256	-570,9574	-0,79109222
41716	0,6170457	175,74805	-571,70636	-571,7489	-0,79144466
41716	0,61704803	175,94824	-572,48712	-572,50946	-0,79180896
41716	0,61705035	176,14844	-573,26788	-573,26373	-0,79281479
41716	0,61705267	176,34863	-574,04865	-574,05408	-0,79434288
41716	0,61705494	176,54883	-574,82941	-574,83032	-0,79506338
41716	0,61705726	176,74902	-575,61017	-575,62189	-0,79561621
41716	0,61705959	176,94922	-576,39093	-576,39398	-0,79671592
41716	0,61706191	177,14941	-577,17169	-577,20685	-0,79797506
41716	0,61706424	177,34961	-577,95245	-577,95734	-0,79833937
41716	0,61706656	177,5498	-578,73322	-578,7475	-0,7992059
41716	0,61706889	177,75	-579,51398	-579,50806	-0,80004185
41716	0,61707121	177,9502	-580,29474	-580,28778	-0,80089939
41716	0,61707348	178,15039	-581,0755	-581,08838	-0,80148506
41716	0,6170758	178,35059	-581,85626	-581,89752	-0,80277473
41716	0,61707813	178,55078	-582,63702	-582,66113	-0,8035332
41716	0,61708045	178,75098	-583,41779	-583,43219	-0,80438483
41716	0,61708277	178,95117	-584,19855	-584,2074	-0,8049041
41716	0,6170851	179,15137	-584,97931	-585,05188	-0,80587792
41716	0,61708742	179,35156	-585,76007	-585,8067	-0,80695975
41716	0,61708975	179,55176	-586,54083	-586,59845	-0,80774128
41716	0,61709201	179,75195	-587,32159	-587,36896	-0,80835223
41716	0,61709434	179,95215	-588,10236	-588,11597	-0,80903918
41716	0,61709666	180,15234	-588,88312	-588,86652	-0,80999881
41716	0,61709899	180,35254	-589,66388	-589,70728	-0,81076324
41716	0,61710131	180,55273	-590,44464	-590,51141	-0,81164986
41716	0,61710364	180,75293	-591,2254	-591,24292	-0,81230628
41716	0,61710596	180,95313	-592,00616	-592,03723	-0,81347078
41716	0,61710829	181,15332	-592,78693	-592,81067	-0,81420612
41716	0,61711055	181,35352	-593,56769	-593,58044	-0,81532001
41716	0,61711287	181,55371	-594,34845	-594,3374	-0,81554425
41716	0,6171152	181,75391	-595,12921	-595,14984	-0,81647038
41716	0,61711752	181,9541	-595,90997	-595,92126	-0,81740689
41716	0,61711985	182,1543	-596,69073	-596,68518	-0,81841874
41716	0,61712217	182,35449	-597,4715	-597,4931	-0,81925166
41716	0,6171245	182,55469	-598,25226	-598,29053	-0,82010925
41716	0,61712676	182,75488	-599,03302	-599,01318	-0,82087964
41716	0,61712909	182,95508	-599,81378	-599,8006	-0,82184374
41716	0,61713141	183,15527	-600,59454	-600,60394	-0,8230828
41716	0,61713374	183,35547	-601,37531	-601,38916	-0,82340169
41716	0,61713606	183,55566	-602,15607	-602,17853	-0,8242026
41716	0,61713839	183,75586	-602,93683	-602,99725	-0,82543343
41716	0,61714071	183,95605	-603,71759	-603,77136	-0,8257978
41716	0,61714303	184,15625	-604,49835	-604,52246	-0,82699358
41716	0,6171453	184,35645	-605,27911	-605,29504	-0,82806277
41716	0,61714762	184,55664	-606,05988	-606,1059	-0,82863271
41716	0,61714995	184,75684	-606,84064	-606,85254	-0,82965046
41716	0,61715227	184,95703	-607,6214	-607,65662	-0,83043647
41716	0,6171546	185,15723	-608,40216	-608,4693	-0,83129478
41716	0,61715692	185,35742	-609,18292	-609,22754	-0,8320421
41716	0,61715925	185,55762	-609,96368	-609,97876	-0,83295256
41716	0,61716157	185,75781	-610,74445	-610,76459	-0,83364546
41716	0,61716384	185,95801	-611,52521	-611,53632	-0,8343339
41716	0,61716616	186,1582	-612,30597	-612,28827	-0,83530021
41716	0,61716849	186,3584	-613,08673	-613,10419	-0,83583444
41716	0,61717081	186,55859	-613,86749	-613,90686	-0,83720982
41716	0,61717314	186,75879	-614,64825	-614,67444	-0,83808154
41716	0,61717546	186,95898	-615,42902	-615,44226	-0,83917749
41716	0,61717778	187,15918	-616,20978	-616,185	-0,83959925
41716	0,61718011	187,35938	-616,99054	-617,00311	-0,84044933
41716	0,61718237	187,55957	-617,7713	-617,78412	-0,84160197
41716	0,6171847	187,75977	-618,55206	-618,58331	-0,84213984
41716	0,61718702	187,95996	-619,33282	-619,38373	-0,84294009
41716	0,61718935	188,16016	-620,11359	-620,13855	-0,84392798
41716	0,61719167	188,36035	-620,89435	-620,88123	-0,84487867
41716	0,617194	188,56055	-621,67511	-621,71368	-0,84605145
41716	0,61719632	188,76074	-622,45587	-622,48926	-0,8464359
41716	0,61719865	188,96094	-623,23663	-623,23846	-0,84710348
41716	0,61720091	189,16113	-624,0174	-624,02533	-0,84842968
41716	0,61720324	189,36133	-624,79816	-624,81641	-0,84892511
41716	0,61720556	189,56152	-625,57892	-625,57599	-0,85000467
41716	0,61720788	189,76172	-626,35968	-626,38135	-0,8504957
41716	0,61721021	189,96191	-627,14044	-627,1889	-0,85180032
41716	0,61721253	190,16211	-627,9212	-627,95526	-0,85282922
41716	0,61721486	190,3623	-628,70197	-628,69409	-0,853163
41716	0,61721718	190,5625	-629,48273	-629,51117	-0,85368901
41716	0,61721945	190,7627	-630,26349	-630,28418	-0,85442215
41716	0,61722177	190,96289	-631,04425	-631,03735	-0,85549504
41716	0,6172241	191,16309	-631,82501	-631,83264	-0,85688084
41716	0,61722642	191,36328	-632,60577	-632,62292	-0,85765791
41716	0,61722875	191,56348	-633,38654	-633,39526	-0,85859597
41716	0,61723107	191,76367	-634,1673	-634,13818	-0,85896182
41716	0,6172334	191,96387	-634,94806	-634,92725	-0,85995346
41716	0,61723572	192,16406	-635,72882	-635,72369	-0,86097568
41716	0,61723799	192,36426	-636,50958	-636,49799	-0,86210001
41716	0,61724031	192,56445	-637,29034	-637,26996	-0,86284506
41716	0,61724263	192,76465	-638,07111	-638,04932	-0,86310357
41716	0,61724496	192,96484	-638,85187	-638,81824	-0,86468983
41716	0,61724728	193,16504	-639,63263	-639,64185	-0,86554289
41716	0,61724961	193,36523	-640,41339	-640,44513	-0,86606812
41716	0,61725193	193,56543	-641,19415	-641,2135	-0,86759257
41716	0,61725426	193,76563	-641,97491	-642,03046	-0,86824149
41716	0,61725652	193,96582	-642,75568	-642,77161	-0,86842108
41716	0,61725885	194,16602	-643,53644	-643,56598	-0,86929429
41716	0,61726117	194,36621	-644,3172	-644,3338	-0,87062049
41716	0,6172635	194,56641	-645,09796	-645,15259	-0,8714959
41716	0,61726582	194,7666	-645,87872	-645,94983	-0,87190199
41716	0,61726815	194,9668	-646,65948	-646,6889	-0,87307763
41716	0,61727047	195,16699	-647,44025	-647,47595	-0,87357312
41716	0,61727279	195,36719	-648,22101	-648,27173	-0,87455362
41716	0,61727506	195,56738	-649,00177	-649,03571	-0,87592673
41716	0,61727738	195,76758	-649,78253	-649,75183	-0,87600648
41716	0,61727971	195,96777	-650,56329	-650,57507	-0,87675083
41716	0,61728203	196,16797	-651,34406	-651,33795	-0,87822825
41716	0,61728436	196,36816	-652,12482	-652,15027	-0,87892413
41716	0,61728668	196,56836	-652,90558	-652,92706	-0,88033974
41716	0,61728901	196,76855	-653,68634	-653,74512	-0,88035238
41716	0,61729133	196,96875	-654,4671	-654,50146	-0,88156986
41716	0,6172936	197,16895	-655,24786	-655,28967	-0,88258237
41716	0,61729592	197,36914	-656,02863	-656,07397	-0,88348836
41716	0,61729825	197,56934	-656,80939	-656,83661	-0,88420284
41716	0,61730057	197,76953	-657,59015	-657,6106	-0,88493752
41716	0,61730289	197,96973	-658,37091	-658,39642	-0,88580549
41716	0,61730522	198,16992	-659,15167	-659,16895	-0,88695884
41716	0,61730754	198,37012	-659,93243	-659,95245	-0,88733882
41716	0,61730987	198,57031	-660,7132	-660,74133	-0,88837814
41716	0,61731213	198,77051	-661,49396	-661,53534	-0,88911802
41716	0,61731446	198,9707	-662,27472	-662,29596	-0,89029002
41716	0,61731678	199,1709	-663,05548	-663,09961	-0,8911438
41716	0,61731911	199,37109	-663,83624	-663,84869	-0,89141655
41716	0,61732143	199,57129	-664,617	-664,63727	-0,8928858
41716	0,61732376	199,77148	-665,39777	-665,39313	-0,89400184
41716	0,61732608	199,97168	-666,17853	-666,18842	-0,89448762
41716	0,61732841	200,17188	-666,95929	-666,97076	-0,89492649
41716	0,61733067	200,37207	-667,74005	-667,70978	-0,89598447
41716	0,61733299	200,57227	-668,52081	-668,52277	-0,8970983
41716	0,61733532	200,77246	-669,30157	-669,3526	-0,8977704
41716	0,61733764	200,97266	-670,08234	-670,06213	-0,89865851
41716	0,61733997	201,17285	-670,8631	-670,79913	-0,89920312
41716	0,61734229	201,37305	-671,64386	-671,5946	-0,90088475
41716	0,61734462	201,57324	-672,42462	-672,37231	-0,90124011
41716	0,61734694	201,77344	-673,20538	-673,11365	-0,90245008
41716	0,61734921	201,97363	-673,98615	-673,93036	-0,90338814
41716	0,61735153	202,17383	-674,76691	-674,78119	-0,90356398
41716	0,61735386	202,37402	-675,54767	-675,51703	-0,9045161
41716	0,61735618	202,57422	-676,32843	-676,30072	-0,90574396
41716	0,61735851	202,77441	-677,10919	-677,10669	-0,90694654
41716	0,61736083	202,97461	-677,88995	-677,85504	-0,90787709
41716	0,61736315	203,1748	-678,67072	-678,61401	-0,90821683
41716	0,61736548	203,375	-679,45148	-679,4519	-0,9093523
41716	0,61736774	203,5752	-680,23224	-680,20367	-0,91033947
41716	0,61737007	203,77539	-681,013	-680,99255	-0,91137588
41716	0,61737239	203,97559	-681,79376	-681,76434	-0,91187209
41716	0,61737472	204,17578	-682,57452	-682,5697	-0,9123221
41716	0,61737704	204,37598	-683,35529	-683,33276	-0,91361254
41716	0,61737937	204,57617	-684,13605	-684,09698	-0,91474879
41716	0,61738169	204,77637	-684,91681	-684,89783	-0,91532022
41716	0,61738402	204,97656	-685,69757	-685,67676	-0,916107
41716	0,61738628	205,17676	-686,47833	-686,45691	-0,91752934
41716	0,61738861	205,37695	-687,25909	-687,24048	-0,91772449
41716	0,61739093	205,57715	-688,03986	-688,05096	-0,91850758
41716	0,61739326	205,77734	-688,82062	-688,7785	-0,91985613
41716	0,61739558	205,97754	-689,60138	-689,55762	-0,92045814
41716	0,6173979	206,17773	-690,38214	-690,37671	-0,92128962
41716	0,61740023	206,37793	-691,1629	-691,15106	-0,92225742
41716	0,61740255	206,57813	-691,94366	-691,94153	-0,92388839
41716	0,61740482	206,77832	-692,72443	-692,72394	-0,92362165
41716	0,61740714	206,97852	-693,50519	-693,47137	-0,92471313
41716	0,61740947	207,17871	-694,28595	-694,25183	-0,92588961
41716	0,61741179	207,37891	-695,06671	-695,06641	-0,92639697
41716	0,61741412	207,5791	-695,84747	-695,87421	-0,92770159
41716	0,61741644	207,7793	-696,62823	-696,62939	-0,92817247
41716	0,61741877	207,97949	-697,409	-697,39539	-0,92906952
41716	0,61742109	208,17969	-698,18976	-698,2063	-0,93000829
41716	0,61742336	208,37988	-698,97052	-698,94879	-0,93110871
41716	0,61742568	208,58008	-699,75128	-699,72968	-0,93199837
41716	0,617428	208,78027	-700,53204	-700,54486	-0,93343186
41716	0,61743033	208,98047	-701,31281	-701,33539	-0,93310547
41716	0,61743265	209,18066	-702,09357	-702,0954	-0,93429685
41716	0,61743498	209,38086	-702,87433	-702,85822	-0,93528181
41716	0,6174373	209,58105	-703,65509	-703,58521	-0,93576759
41716	0,61743957	209,78125	-704,43585	-704,38397	-0,93705505
41716	0,61744189	209,98145	-705,21661	-705,28528	-0,93811381
41716	0,61744422	210,18164	-705,99738	-706,00525	-0,93926191
41716	0,61744654	210,38184	-706,77814	-706,74683	-0,93944818
41716	0,61744887	210,58203	-707,5589	-707,54346	-0,9404577
41716	0,61745119	210,78223	-708,33966	-708,32355	-0,94175112
41716	0,61745352	210,98242	-709,12042	-709,10193	-0,94201714
41716	0,61745584	211,18262	-709,90118	-709,888	-0,9433791
41716	0,61745811	211,38281	-710,68195	-710,69989	-0,94405341
41716	0,61746043	211,58301	-711,46271	-711,45886	-0,94521493
41716	0,61746275	211,7832	-712,24347	-712,258	-0,94565451
41716	0,61746508	211,9834	-713,02423	-712,98834	-0,94641298
41716	0,6174674	212,18359	-713,80499	-713,79907	-0,94767511
41716	0,61746973	212,38379	-714,58575	-714,58417	-0,94832551
41716	0,61747205	212,58398	-715,36652	-715,3714	-0,94950348
41716	0,61747438	212,78418	-716,14728	-716,16229	-0,95047581
41716	0,61747664	212,98438	-716,92804	-716,93109	-0,95124018
41716	0,61747897	213,18457	-717,7088	-717,7063	-0,95209706
41716	0,61748129	213,38477	-718,48956	-718,47791	-0,95275271
41716	0,61748362	213,58496	-719,27032	-719,30048	-0,95395374
41716	0,61748594	213,78516	-720,05109	-720,05872	-0,95463246
41716	0,61748827	213,98535	-720,83185	-720,82507	-0,9557538
41716	0,61749059	214,18555	-721,61261	-721,6153	-0,95688403
41716	0,61749291	214,38574	-722,39337	-722,3855	-0,95716047
41716	0,61749518	214,58594	-723,17413	-723,17114	-0,95822811
41716	0,6174975	214,78613	-723,9549	-724,01489	-0,95940083
41716	0,61749983	214,98633	-724,73566	-724,77087	-0,95983297
41716	0,61750215	215,18652	-725,51642	-725,52734	-0,96077025
41716	0,61750448	215,38672	-726,29718	-726,31879	-0,96151233
41716	0,6175068	215,58691	-727,07794	-727,09625	-0,96282434
41716	0,61750913	215,78711	-727,8587	-727,84198	-0,96313727
41716	0,61751145	215,9873	-728,63947	-728,63281	-0,96468258
41716	0,61751372	216,1875	-729,42023	-729,40356	-0,96492767
41716	0,61751604	216,3877	-730,20099	-730,24335	-0,96633136
41716	0,61751837	216,58789	-730,98175	-730,98676	-0,96687526
41716	0,61752069	216,78809	-731,76251	-731,79224	-0,96776712
41716	0,61752301	216,98828	-732,54327	-732,53259	-0,9687826
41716	0,61752534	217,18848	-733,32404	-733,31219	-0,96985924
41716	0,61752766	217,38867	-734,1048	-734,05371	-0,97037852
41716	0,61752999	217,58887	-734,88556	-734,8269	-0,97178817
41716	0,61753225	217,78906	-735,66632	-735,60095	-0,97197741
41716	0,61753458	217,98926	-736,44708	-736,38898	-0,97339153
41716	0,6175369	218,18945	-737,22784	-737,18073	-0,97432137
41716	0,61753923	218,38965	-738,00861	-737,96741	-0,97536516
41716	0,61754155	218,58984	-738,78937	-738,70685	-0,97608793
41716	0,61754388	218,79004	-739,57013	-739,52997	-0,97672194
41716	0,6175462	218,99023	-740,35089	-740,29382	-0,97758323
41716	0,61754853	219,19043	-741,13165	-741,10565	-0,97841918
41716	0,61755079	219,39063	-741,91241	-741,83997	-0,97963363
41716	0,61755311	219,59082	-742,69318	-742,66742	-0,98037052
41716	0,61755544	219,79102	-743,47394	-743,43488	-0,98162293
41716	0,61755776	219,99121	-744,2547	-744,22101	-0,98244023
41716	0,61756009	220,19141	-745,03546	-744,97571	-0,98334551
41716	0,61756241	220,3916	-745,81622	-745,84033	-0,98435879
41716	0,61756474	220,5918	-746,59698	-746,57666	-0,98467618
41716	0,61756706	220,79199	-747,37775	-747,36035	-0,98592937
41716	0,61756933	220,99219	-748,15851	-748,00616	-0,98665953
41716	0,61757165	221,19238	-748,93927	-748,8009	-0,98751485
41716	0,61757398	221,39258	-749,72003	-749,57062	-0,98835158
41716	0,6175763	221,59277	-750,50079	-750,37799	-0,98883063
41716	0,61757863	221,79297	-751,28156	-751,16858	-0,99033344
41716	0,61758095	221,99316	-752,06232	-751,99164	-0,9906106
41716	0,61758327	222,19336	-752,84308	-752,77264	-0,99259686
41716	0,6175856	222,39355	-753,62384	-753,54651	-0,99285018
41716	0,61758786	222,59375	-754,4046	-754,29852	-0,99340826
41716	0,61759019	222,79395	-755,18536	-755,09729	-0,99464881
41716	0,61759251	222,99414	-755,96613	-755,84985	-0,99604058
41716	0,61759484	223,19434	-756,74689	-756,68115	-0,99621117
41716	0,61759716	223,39453	-757,52765	-757,44788	-0,99756867
41716	0,61759949	223,59473	-758,30841	-758,30109	-0,99799484
41716	0,61760181	223,79492	-759,08917	-759,00311	-0,99889863
41716	0,61760414	223,99512	-759,86993	-759,77911	-1,0005355
41716	0,6176064	224,19531	-760,6507	-760,59619	-1,0009609
41716	0,61760873	224,39551	-761,43146	-761,3692	-1,0016992
41716	0,61761105	224,5957	-762,21222	-762,12738	-1,0029547
41716	0,61761338	224,7959	-762,99298	-762,9425	-1,0037862
41716	0,6176157	224,99609	-763,77374	-763,72992	-1,0043211
41716	0,61761802	225,19629	-764,5545	-764,52167	-1,0055609
41716	0,61762035	225,39648	-765,33527	-765,28741	-1,0061636
41716	0,61762267	225,59668	-766,11603	-766,08502	-1,0069765
41716	0,61762494	225,79688	-766,89679	-766,84332	-1,00791
41716	0,61762726	225,99707	-767,67755	-767,617	-1,0089397
41716	0,61762959	226,19727	-768,45831	-768,39996	-1,009921
41716	0,61763191	226,39746	-769,23907	-769,22229	-1,0111421
41716	0,61763424	226,59766	-770,01984	-769,99072	-1,0113134
41716	0,61763656	226,79785	-770,8006	-770,75323	-1,012224
41716	0,61763889	226,99805	-771,58136	-771,57947	-1,0134876
41716	0,61764121	227,19824	-772,36212	-772,33142	-1,0145962
41716	0,61764348	227,39844	-773,14288	-773,11652	-1,0154068
41716	0,6176458	227,59863	-773,92365	-773,87549	-1,0165125
41716	0,61764812	227,79883	-774,70441	-774,68506	-1,0166063
41716	0,61765045	227,99902	-775,48517	-775,4317	-1,0181949
41716	0,61765277	228,19922	-776,26593	-776,24561	-1,018805
41716	0,6176551	228,39941	-777,04669	-776,99371	-1,0196917
41716	0,61765742	228,59961	-777,82745	-777,80206	-1,0205641
41716	0,61765975	228,7998	-778,60822	-778,5415	-1,0214448
41716	0,61766201	229	-779,38898	-779,3739	-1,022426
41716	0,61766434	229,2002	-780,16974	-780,14532	-1,0231323
41716	0,61766666	229,40039	-780,9505	-780,90234	-1,0246962
41716	0,61766899	229,60059	-781,73126	-781,65436	-1,024846
41716	0,61767131	229,80078	-782,51202	-782,48151	-1,0262318
41716	0,61767364	230,00098	-783,29279	-783,2514	-1,026994
41716	0,61767596	230,20117	-784,07355	-784,03931	-1,0280765
41716	0,61767828	230,40137	-784,85431	-784,82947	-1,0289036
41716	0,61768055	230,60156	-785,63507	-785,61377	-1,0299467
41716	0,61768287	230,80176	-786,41583	-786,40094	-1,0307543
41716	0,6176852	231,00195	-787,19659	-787,13263	-1,0317661
41716	0,61768752	231,20215	-787,97736	-787,95563	-1,0324478
41716	0,61768985	231,40234	-788,75812	-788,68976	-1,0330819
41716	0,61769217	231,60254	-789,53888	-789,5437	-1,0343001
41716	0,6176945	231,80273	-790,31964	-790,28149	-1,0351493
41716	0,61769682	232,00293	-791,1004	-791,06458	-1,0355324
41716	0,61769909	232,20313	-791,88116	-791,80872	-1,0374844
41716	0,61770141	232,40332	-792,66193	-792,64819	-1,0381222
41716	0,61770374	232,60352	-793,44269	-793,39355	-1,0393016
41716	0,61770606	232,80371	-794,22345	-794,18262	-1,0398484
41716	0,61770838	233,00391	-795,00421	-794,93073	-1,0410488
41716	0,61771071	233,2041	-795,78497	-795,77942	-1,0414869
41716	0,61771303	233,4043	-796,56573	-796,51843	-1,0432885
41716	0,61771536	233,60449	-797,3465	-797,31769	-1,0434591
41716	0,61771762	233,80469	-798,12726	-798,07703	-1,0448403
41716	0,61771995	234,00488	-798,90802	-798,88196	-1,0449245
41716	0,61772227	234,20508	-799,68878	-799,63269	-1,0463171
41716	0,6177246	234,40527	-800,46954	-800,42188	-1,0474764

Datenerfassung						Zeit:	260,30273	s	18.03.2014 14:50:11
Ch 1 Weg	Ch 1 Kraft
mm	kN
1,9892484	1,6123745
-1,1673249	-893,13898

Datenerfassung						Zeit:	260,31445	s	18.03.2014 14:50:11
Datum	Tageszeit	Laufzeit	Ch 1 Kraft Sollwert	Ch 1 Kraft	Ch 1 Weg
d	d	s	kN	kN	mm
41716	0,61772692	234,60547	-801,25031	-801,18402	-1,0478213
41716	0,61772925	234,80566	-802,03107	-801,98004	-1,049304
41716	0,61773157	235,00586	-802,81183	-802,80115	-1,0499232
41716	0,6177339	235,20605	-803,59259	-803,5365	-1,050999
41716	0,61773616	235,40625	-804,37335	-804,32422	-1,0517671
41716	0,61773849	235,60645	-805,15411	-805,07275	-1,0524406
41716	0,61774081	235,80664	-805,93488	-805,87457	-1,0538958
41716	0,61774313	236,00684	-806,71564	-806,65369	-1,0551281
41716	0,61774546	236,20703	-807,4964	-807,46368	-1,0561273
41716	0,61774778	236,40723	-808,27716	-808,25085	-1,0564551
41716	0,61775011	236,60742	-809,05792	-809,00647	-1,0574996
41716	0,61775237	236,80762	-809,83868	-809,74609	-1,0584488
41716	0,6177547	237,00781	-810,61945	-810,57019	-1,0598272
41716	0,61775702	237,20801	-811,40021	-811,31805	-1,0598398
41716	0,61775935	237,4082	-812,18097	-812,10645	-1,0607265
41716	0,61776167	237,6084	-812,96173	-812,87701	-1,0623068
41716	0,617764	237,80859	-813,74249	-813,73132	-1,0629251
41716	0,61776632	238,00879	-814,52325	-814,44324	-1,0638214
41716	0,61776865	238,20898	-815,30402	-815,24567	-1,0649211
41716	0,61777091	238,40918	-816,08478	-816,00653	-1,0657095
41716	0,61777323	238,60938	-816,86554	-816,84686	-1,0666095
41716	0,61777556	238,80957	-817,6463	-817,55695	-1,0673575
41716	0,61777788	239,00977	-818,42706	-818,38776	-1,0686398
41716	0,61778021	239,20996	-819,20782	-819,18481	-1,0694578
41716	0,61778253	239,41016	-819,98859	-819,927	-1,0707631
41716	0,61778486	239,61035	-820,76935	-820,6886	-1,0711372
41716	0,61778718	239,81055	-821,55011	-821,53534	-1,0723054
41716	0,61778945	240,01074	-822,33087	-822,29974	-1,073581
41716	0,61779177	240,21094	-823,11163	-823,01819	-1,074367
41716	0,6177941	240,41113	-823,8924	-823,80432	-1,0750785
41716	0,61779642	240,61133	-824,67316	-824,60791	-1,0760211
41716	0,61779875	240,81152	-825,45392	-825,38318	-1,07719
41716	0,61780107	241,01172	-826,23468	-826,18597	-1,0776066
41716	0,61780339	241,21191	-827,01544	-827,02362	-1,0788574
41716	0,61780572	241,41211	-827,7962	-827,7616	-1,0802008
41716	0,61780798	241,6123	-828,57697	-828,53595	-1,0809839
41716	0,61781031	241,8125	-829,35773	-829,28583	-1,0818266
41716	0,61781263	242,0127	-830,13849	-830,09186	-1,0828853
41716	0,61781496	242,21289	-830,91925	-830,8266	-1,0834053
41716	0,61781728	242,41309	-831,70001	-831,70459	-1,0847435
41716	0,61781961	242,61328	-832,48077	-832,40228	-1,0856144
41716	0,61782193	242,81348	-833,26154	-833,22992	-1,0867529
41716	0,61782426	243,01367	-834,0423	-833,94257	-1,0870188
41716	0,61782652	243,21387	-834,82306	-834,83905	-1,088465
41716	0,61782885	243,41406	-835,60382	-835,53137	-1,0896444
41716	0,61783117	243,61426	-836,38458	-836,32581	-1,0904677
41716	0,6178335	243,81445	-837,16534	-837,08203	-1,091174
41716	0,61783582	244,01465	-837,94611	-837,89471	-1,0920599
41716	0,61783814	244,21484	-838,72687	-838,63507	-1,0933965
41716	0,61784047	244,41504	-839,50763	-839,45581	-1,0944254
41716	0,61784279	244,61523	-840,28839	-840,24353	-1,0953851
41716	0,61784506	244,81543	-841,06915	-841,02051	-1,0962747
41716	0,61784738	245,01563	-841,84991	-841,7652	-1,0970212
41716	0,61784971	245,21582	-842,63068	-842,59668	-1,0983564
41716	0,61785203	245,41602	-843,41144	-843,34888	-1,0990217
41716	0,61785436	245,61621	-844,1922	-844,10742	-1,1002004
41716	0,61785668	245,81641	-844,97296	-844,90149	-1,1008441
41716	0,61785901	246,0166	-845,75372	-845,66534	-1,1018291
41716	0,61786133	246,2168	-846,53448	-846,49188	-1,1027381
41716	0,6178636	246,41699	-847,31525	-847,24652	-1,103726
41716	0,61786592	246,61719	-848,09601	-848,07727	-1,1051096
41716	0,61786824	246,81738	-848,87677	-848,77576	-1,1057138
41716	0,61787057	247,01758	-849,65753	-849,59656	-1,1066034
41716	0,61787289	247,21777	-850,43829	-850,34491	-1,1075981
41716	0,61787522	247,41797	-851,21906	-851,17035	-1,1088557
41716	0,61787754	247,61816	-851,99982	-851,85559	-1,1096463
41716	0,61787987	247,81836	-852,78058	-852,70929	-1,1108726
41716	0,61788213	248,01855	-853,56134	-853,46246	-1,1112452
41716	0,61788446	248,21875	-854,3421	-854,29535	-1,1125051
41716	0,61788678	248,41895	-855,12286	-854,99762	-1,1134826
41716	0,61788911	248,61914	-855,90363	-855,83734	-1,114218
41716	0,61789143	248,81934	-856,68439	-856,56146	-1,1153221
41716	0,61789376	249,01953	-857,46515	-857,34418	-1,1167154
41716	0,61789608	249,21973	-858,24591	-858,15424	-1,1173636
41716	0,6178984	249,41992	-859,02667	-858,92596	-1,1184074
41716	0,61790067	249,62012	-859,80743	-859,70227	-1,1191964
41716	0,61790299	249,82031	-860,5882	-860,51056	-1,1205018
41716	0,61790532	250,02051	-861,36896	-861,30609	-1,1214405
41716	0,61790764	250,2207	-862,14972	-862,03992	-1,1222005
41716	0,61790997	250,4209	-862,93048	-862,84705	-1,1229112
41716	0,61791229	250,62109	-863,71124	-863,59442	-1,1240542
41716	0,61791462	250,82129	-864,492	-864,41809	-1,1257
41716	0,61791694	251,02148	-865,27277	-865,12408	-1,1263341
41716	0,61791921	251,22168	-866,05353	-865,98267	-1,1275165
41716	0,61792153	251,42188	-866,83429	-866,68903	-1,1283503
41716	0,61792386	251,62207	-867,61505	-867,56378	-1,1287563
41716	0,61792618	251,82227	-868,39581	-868,2359	-1,1305406
41716	0,6179285	252,02246	-869,17657	-869,10712	-1,1311985
41716	0,61793083	252,22266	-869,95734	-869,79126	-1,1324041
41716	0,61793315	252,42285	-870,7381	-870,62964	-1,1327698
41716	0,61793548	252,62305	-871,51886	-871,33502	-1,1341594
41716	0,61793774	252,82324	-872,29962	-872,21881	-1,1353254
41716	0,61794007	253,02344	-873,08038	-872,96918	-1,1361182
41716	0,61794239	253,22363	-873,86115	-873,79669	-1,1371009
41716	0,61794472	253,42383	-874,64191	-874,54626	-1,1380814
41716	0,61794704	253,62402	-875,42267	-875,30127	-1,1391081
41716	0,61794937	253,82422	-876,20343	-876,07336	-1,1405811
41716	0,61795169	254,02441	-876,98419	-876,86554	-1,1412002
41716	0,61795402	254,22461	-877,76495	-877,66675	-1,1425644
41716	0,61795628	254,4248	-878,54572	-878,40314	-1,1435099
41716	0,61795861	254,625	-879,32648	-879,25574	-1,1442207
41716	0,61796093	254,8252	-880,10724	-879,95923	-1,145792
41716	0,61796325	255,02539	-880,888	-880,8338	-1,1465662
41716	0,61796558	255,22559	-881,66876	-881,47015	-1,1472613
41716	0,6179679	255,42578	-882,44952	-882,34943	-1,1483841
41716	0,61797023	255,62598	-883,23029	-883,04114	-1,1491038
41716	0,61797255	255,82617	-884,01105	-883,9574	-1,1509382
41716	0,61797482	256,02637	-884,79181	-884,62714	-1,1511259
41716	0,61797714	256,22656	-885,57257	-885,48755	-1,1526607
41716	0,61797947	256,42676	-886,35333	-886,14941	-1,1534467
41716	0,61798179	256,62695	-887,13409	-887,04456	-1,1545039
41716	0,61798412	256,82715	-887,91486	-887,75507	-1,155638
41716	0,61798644	257,02734	-888,69562	-888,62701	-1,1568241
41716	0,61798877	257,22754	-889,47638	-889,31653	-1,1576861
41716	0,61799109	257,42773	-890,25714	-890,17426	-1,1586196
41716	0,61799335	257,62793	-891,0379	-890,90619	-1,1595235
41716	0,61799568	257,82813	-891,81866	-891,65607	-1,1610641
41716	0,617998	258,02832	-892,59943	-892,51404	-1,1618651
41716	0,61800033	258,22852	-893,38019	-893,06995	-1,1636093
41716	0,61800265	258,42871	0	-724,97754	-1,0088056
41716	0,61800498	258,62891	0	-397,34821	-0,68469572
41716	0,6180073	258,8291	0	-109,29253	-0,35394132
41716	0,61800963	259,0293	0	1,527585	-0,022938848
41716	0,61801189	259,22949	0	1,4572554	0,29676557
41716	0,61801422	259,42969	0	1,4066659	0,61465949
41716	0,61801654	259,62988	0	1,3533533	0,93222785
41716	0,61801887	259,83008	0	1,3412759	1,2494252
41716	0,61802119	260,03027	0	1,3649799	1,5672915
41716	0,61802351	260,23047	0	1,3421159	1,8846691
