MTS793|MPT|DEU|1|2|,|.|:|49|1|1|A

Bediener Information						Zeit:	25,350586	s	03.09.2014 08:44:24
Datum : 	03.09.2014
Prüfer : 	Kh
Probenbezeichnung :  	Werner 7.0 M III E-Modul 28d v. 06.08.14 Probe 5
Bemerkungen	Kraftgeregelt 3,9 kN/s
Masse :	5369,5
Durchmesser :	98,6
Länge :	300,4
Bediener Information Ende

Datenerfassung						Zeit:	508,3457	s	03.09.2014 08:52:27
Datum	Laufzeit	Ch 1 Kraft Sollwert	Ch 1 Kraft	Ch 1 Weg	1944 B	1281068	2157
d	s	kN	kN	mm	mm	mm	mm
41885	25,860352	-1	-1,0217763	0,026813149	0,118096	0,0040660733	-0,087432429
41885	26,360352	-1	-1,0245777	0,025984645	0,11807937	0,0039692065	-0,087444812
41885	26,860352	-1	-0,96176004	0,026118755	0,11810421	0,0039944011	-0,087443903
41885	27,360352	-1	-0,98485315	0,026494265	0,11799251	0,0041207457	-0,087399229
41885	27,860352	-1	-1,0579954	0,026732683	0,11807989	0,0041203145	-0,087421663
41885	28,360352	-1	-1,0426975	0,026386976	0,11804215	0,0040305718	-0,087480873
41885	28,860352	-1	-0,94387865	0,026208162	0,1180623	0,0039735194	-0,087365516
41885	29,360352	-1	-0,99219567	0,027018785	0,11805526	0,0040901969	-0,087406322
41885	29,860352	-1	-1,0823067	0,025883317	0,11810718	0,0039573824	-0,087515995
41885	30,360352	-1	-1,014335	0,026035309	0,1180803	0,0039167795	-0,087399587
41885	30,860352	-1	-0,94647521	0,026899576	0,11811369	0,0040773917	-0,087351829
41885	31,360352	-1	-1,0292195	0,025695562	0,1180748	0,0040145535	-0,087467134
41885	31,860352	-1	-1,0550581	0,026494265	0,11807481	0,0039794836	-0,087434575
41885	32,360352	-1	-0,99999458	0,026473403	0,11809853	0,0041898303	-0,087415189
41885	32,860352	-1	-0,95873702	0,0256598	0,11816726	0,0040827459	-0,087403804
41885	33,360352	-1	-1,0196623	0,026524067	0,1181039	0,0040694345	-0,087441079
41885	33,860352	-1	-1,0563209	0,026750565	0,11809117	0,004034989	-0,087395459
41885	34,360352	-1	-0,99216032	0,026321411	0,11814796	0,0039979108	-0,087331325
41885	34,860352	-1	-0,98251367	0,026831031	0,11817532	0,0040377849	-0,087371245
41885	35,360352	-1	-1,0008756	0,026494265	0,11814428	0,0041834498	-0,087385811
41885	35,860352	-2,7748048	-2,7390811	-0,0073879957	-0,00078459084	-0,00063584402	-0,000441432
41885	36,360352	-4,7248049	-4,4833646	-0,016450882	-0,001320377	-0,0012000456	-0,00099474564
41885	36,860352	-6,6748047	-6,3124542	-0,024428964	-0,0021532923	-0,0017787183	-0,0015837625
41885	37,360352	-8,6248045	-8,5337515	-0,0333637	-0,0030541271	-0,0024583777	-0,0022384487
41885	37,860352	-10,574805	-10,63798	-0,043198466	-0,0039035529	-0,0030053714	-0,0029407181
41885	38,360352	-12,524805	-12,693147	-0,04992485	-0,0046137273	-0,0037555578	-0,0036524013
41885	38,860352	-14,474805	-14,663484	-0,057086349	-0,0052741021	-0,0043470063	-0,0043599568
41885	39,360352	-16,424805	-16,608698	-0,06327033	-0,0060192049	-0,0051445332	-0,0051101148
41885	39,860352	-18,374805	-18,591774	-0,069782138	-0,006681025	-0,005753383	-0,0057924986
41885	40,360352	-20,324804	-20,464701	-0,076657534	-0,007314682	-0,0064114621	-0,006528195
41885	40,860352	-22,274805	-22,316355	-0,082415342	-0,0080055594	-0,0070700319	-0,0072074123
41885	41,360352	-24,224806	-24,337605	-0,087469816	-0,0086729825	-0,0078226272	-0,0079141669
41885	41,860352	-26,174805	-26,342815	-0,093284249	-0,0093905926	-0,0084807659	-0,0086847991
41885	42,360352	-28,124805	-28,225746	-0,098720193	-0,010083035	-0,0091776187	-0,0094271842
41885	42,860352	-30,074806	-30,083736	-0,10442734	-0,010800779	-0,0098330947	-0,010161398
41885	43,360352	-32,024807	-32,130035	-0,10925829	-0,011358559	-0,010484511	-0,010932824
41885	43,860352	-33,974804	-34,159512	-0,11505485	-0,01211302	-0,011322655	-0,011806786
41885	44,360352	-35,924805	-35,93232	-0,11896789	-0,01279521	-0,011968226	-0,012440242
41885	44,860352	-37,874805	-37,839241	-0,12527108	-0,013434723	-0,012645908	-0,013168594
41885	45,360352	-39,824806	-39,954597	-0,1303792	-0,014210448	-0,013443077	-0,014090788
41885	45,860352	-41,774807	-41,919594	-0,13590157	-0,014872879	-0,014107566	-0,014821157
41885	46,360352	-43,724804	-43,699291	-0,14041662	-0,015528157	-0,01482971	-0,015493698
41885	46,860352	-45,674805	-45,689819	-0,14563799	-0,016226754	-0,015528846	-0,016291419
41885	47,360352	-47,624805	-47,756771	-0,15061498	-0,01700975	-0,016384227	-0,017195832
41885	47,860352	-49,574806	-49,698441	-0,15564263	-0,01769115	-0,017083028	-0,017938897
41885	48,360352	-51,524807	-51,474884	-0,16019642	-0,018299162	-0,017719757	-0,018615983
41885	48,860352	-53,474808	-53,522747	-0,16588271	-0,019053638	-0,018485546	-0,019513035
41885	49,360352	-55,424805	-55,519882	-0,17017126	-0,019758955	-0,019233553	-0,02031092
41885	49,860352	-57,374805	-57,488705	-0,17497838	-0,020483315	-0,019908164	-0,021021824
41885	50,360352	-59,324806	-59,312466	-0,17992258	-0,021118999	-0,020637194	-0,021868378
41885	50,860352	-61,274807	-61,299919	-0,18502772	-0,021814361	-0,021434452	-0,022642465
41885	51,360352	-63,224808	-63,315163	-0,18979907	-0,022555098	-0,022141321	-0,023398323
41885	51,860352	-65,174805	-65,237663	-0,19454062	-0,023224831	-0,022857917	-0,024231033
41885	52,360352	-67,124809	-67,114456	-0,19856393	-0,023942962	-0,023645613	-0,025052929
41885	52,860352	-69,074806	-69,05677	-0,20381212	-0,02467753	-0,024251608	-0,02575946
41885	53,360352	-71,024803	-71,130531	-0,2089411	-0,025324643	-0,025141807	-0,026538022
41885	53,860352	-72,974808	-73,035637	-0,21362901	-0,026117757	-0,025857162	-0,027356198
41885	54,360352	-74,924805	-74,903343	-0,21841228	-0,026824579	-0,026686093	-0,028198089
41885	54,860352	-76,874809	-76,894096	-0,22327602	-0,027510718	-0,027415056	-0,02902133
41885	55,360352	-78,824806	-78,929703	-0,22760034	-0,028262168	-0,028156949	-0,029788444
41885	55,860352	-80,774803	-80,824883	-0,23127496	-0,028925925	-0,028881868	-0,030578692
41885	56,360352	-82,724808	-82,703415	-0,23654103	-0,029681191	-0,029630248	-0,031472392
41885	56,860352	-84,674805	-84,686729	-0,24166107	-0,030370966	-0,030360838	-0,032173827
41885	57,360352	-86,624809	-86,72937	-0,24598837	-0,031168193	-0,031187093	-0,033013348
41885	57,860352	-88,574806	-88,649796	-0,25075972	-0,031810746	-0,031895917	-0,033866283
41885	58,360352	-90,524803	-90,500893	-0,25559962	-0,032573655	-0,032663699	-0,034615416
41885	58,860352	-92,474808	-92,494766	-0,25955141	-0,033308879	-0,033470441	-0,035404269
41885	59,360352	-94,424805	-94,520439	-0,26497841	-0,03405568	-0,034306709	-0,036311388
41885	59,860352	-96,374809	-96,455315	-0,26829839	-0,034799099	-0,035056785	-0,037178162
41885	60,360352	-98,324806	-98,294441	-0,27383566	-0,035450652	-0,035841409	-0,037937827
41885	60,860352	-100,27481	-100,23013	-0,27797818	-0,036146626	-0,036559403	-0,038699433
41885	61,360352	-102,22481	-102,31536	-0,28345883	-0,037054822	-0,037357457	-0,039643634
41885	61,860352	-104,1748	-104,20338	-0,28761327	-0,03764163	-0,038203843	-0,040402818
41885	62,360352	-106,12481	-106,05061	-0,29108524	-0,038357176	-0,038875502	-0,041157834
41885	62,860352	-108,07481	-108,13213	-0,2950877	-0,039166652	-0,039640885	-0,042121939
41885	63,360352	-110,02481	-110,1125	-0,30052364	-0,039939247	-0,040472895	-0,042909961
41885	63,860352	-111,97481	-111,97253	-0,30478239	-0,040656984	-0,041346207	-0,043663573
41885	64,360352	-113,9248	-113,92548	-0,30902028	-0,041295722	-0,042020392	-0,044588853
41885	64,860352	-115,87481	-115,91876	-0,31312108	-0,042120934	-0,042950697	-0,04539803
41885	65,360352	-117,82481	-117,93384	-0,31828582	-0,042899467	-0,04368129	-0,046199325
41885	65,860352	-119,77481	-119,80895	-0,3218472	-0,043590784	-0,044377115	-0,047092631
41885	66,360352	-121,72481	-121,71214	-0,32602847	-0,044403486	-0,045176622	-0,047844145
41885	66,860352	-123,6748	-123,74563	-0,33085346	-0,045187674	-0,046077363	-0,048694316
41885	67,360352	-125,62481	-125,76308	-0,33543706	-0,045922928	-0,046979275	-0,049583111
41885	67,860352	-127,57481	-127,64644	-0,33935606	-0,046671294	-0,047647536	-0,050380334
41885	68,360352	-129,52481	-129,50026	-0,34420192	-0,047367297	-0,048435565	-0,051161557
41885	68,860352	-131,47481	-131,58115	-0,34879744	-0,048210979	-0,049474191	-0,052089226
41885	69,360352	-133,4248	-133,57393	-0,35136044	-0,04894115	-0,050141994	-0,052882358
41885	69,860352	-135,3748	-135,36337	-0,35659075	-0,049740858	-0,050880887	-0,053662576
41885	70,360352	-137,32481	-137,33246	-0,36019385	-0,050440535	-0,051794138	-0,054525796
41885	70,860352	-136,74316	-136,93144	-0,36091805	-0,050522611	-0,051794294	-0,054610383
41885	71,360352	-134,79317	-134,94049	-0,35785437	-0,049911976	-0,051246677	-0,053978112
41885	71,860352	-132,84317	-132,82932	-0,35389066	-0,049365006	-0,050723746	-0,053331513
41885	72,360352	-130,89316	-130,87585	-0,35081804	-0,048843116	-0,049993668	-0,052740995
41885	72,860352	-128,94316	-129,00023	-0,34684539	-0,048332393	-0,049366064	-0,052140515
41885	73,360352	-126,99316	-127,02393	-0,34384429	-0,047699906	-0,048878912	-0,051464777
41885	73,860352	-125,04317	-124,98634	-0,34118593	-0,047056973	-0,048101604	-0,050861992
41885	74,360352	-123,09316	-123,01658	-0,33632517	-0,046494707	-0,047501728	-0,050202742
41885	74,860352	-121,14317	-121,16893	-0,33329129	-0,045929261	-0,046907336	-0,049499206
41885	75,360352	-119,19316	-119,21815	-0,33020675	-0,045296848	-0,046194214	-0,048870899
41885	75,860352	-117,24316	-117,18808	-0,32649636	-0,044677883	-0,045588784	-0,048201878
41885	76,360352	-115,29317	-115,20629	-0,32273233	-0,04412704	-0,045002632	-0,04747634
41885	76,860352	-113,34316	-113,34735	-0,31866729	-0,043514431	-0,044307541	-0,046831537
41885	77,360352	-111,39317	-111,38831	-0,31488836	-0,042940818	-0,043656141	-0,04619775
41885	77,860352	-109,44316	-109,35307	-0,31174719	-0,0422493	-0,043050263	-0,045517631
41885	78,360352	-107,49316	-107,39941	-0,30745268	-0,041687444	-0,042396817	-0,044786353
41885	78,860352	-105,54316	-105,55037	-0,30435026	-0,041096345	-0,041720849	-0,044128351
41885	79,360352	-103,59316	-103,61494	-0,29963553	-0,040413916	-0,041107073	-0,043543771
41885	79,860352	-101,64317	-101,50725	-0,29673874	-0,039778955	-0,040397722	-0,042714056
41885	80,360352	-99,693161	-99,597565	-0,29287338	-0,039167158	-0,039669503	-0,041984666
41885	80,860352	-97,743164	-97,758804	-0,28895736	-0,038588829	-0,039110571	-0,041360207
41885	81,360352	-95,793159	-95,732216	-0,28427243	-0,038003147	-0,038405161	-0,040678665
41885	81,860352	-93,843163	-93,715446	-0,28097332	-0,03730233	-0,037763115	-0,039933495
41885	82,360352	-91,893166	-91,817551	-0,27682185	-0,036628917	-0,037010748	-0,039225195
41885	82,860352	-89,943161	-89,989861	-0,27296543	-0,036031961	-0,036433749	-0,038594745
41885	83,360352	-87,993164	-87,923355	-0,2692312	-0,035372257	-0,035687439	-0,037779629
41885	83,860352	-86,043159	-85,896683	-0,26504099	-0,034736708	-0,035104934	-0,037000488
41885	84,360352	-84,093163	-84,06076	-0,26194155	-0,034151614	-0,0344606	-0,036405563
41885	84,860352	-82,143166	-82,183548	-0,25711358	-0,033498198	-0,033761956	-0,035673149
41885	85,360352	-80,193161	-80,11853	-0,25379956	-0,032811627	-0,033105683	-0,034873448
41885	85,860352	-78,243164	-78,075203	-0,24885535	-0,032180712	-0,032319095	-0,03412693
41885	86,360352	-76,293159	-76,25338	-0,24446249	-0,031468958	-0,031649072	-0,033500459
41885	86,860352	-74,343163	-74,371605	-0,2405405	-0,030959293	-0,030956339	-0,032732088
41885	87,360352	-72,393166	-72,284012	-0,23615956	-0,03025721	-0,03028016	-0,031926766
41885	87,860352	-70,443161	-70,286583	-0,23190677	-0,029571861	-0,029538637	-0,031123269
41885	88,360352	-68,493164	-68,452576	-0,22768378	-0,028869539	-0,028909575	-0,030483661
41885	88,860352	-66,543159	-66,559624	-0,22274256	-0,028289884	-0,028217327	-0,029720379
41885	89,360352	-64,593163	-64,486382	-0,21831095	-0,02760829	-0,027589269	-0,028879441
41885	89,860352	-62,643162	-62,511486	-0,21421313	-0,026871443	-0,026781211	-0,028084056
41885	90,360352	-60,693161	-60,643036	-0,20850003	-0,026293069	-0,026150001	-0,027364505
41885	90,860352	-58,74316	-58,757259	-0,20423532	-0,025590122	-0,025584372	-0,026696358
41885	91,360352	-56,793163	-56,655777	-0,2001673	-0,024852008	-0,024689108	-0,025772251
41885	91,860352	-54,843163	-54,697243	-0,19492507	-0,024187431	-0,024044177	-0,024976864
41885	92,360352	-52,893162	-52,867821	-0,1901865	-0,023546904	-0,023479618	-0,02427928
41885	92,860352	-50,943161	-50,965389	-0,18525422	-0,02283296	-0,022793094	-0,02352838
41885	93,360352	-48,99316	-48,866653	-0,18136203	-0,022100613	-0,02199254	-0,022659766
41885	93,860352	-47,043163	-46,916458	-0,17532706	-0,021317303	-0,021299466	-0,021897655
41885	94,360352	-45,093163	-45,083206	-0,17067194	-0,020768508	-0,020718489	-0,021150766
41885	94,860352	-43,143162	-43,159008	-0,16553104	-0,020012856	-0,019959193	-0,020385921
41885	95,360352	-41,193161	-41,072884	-0,16122162	-0,019233227	-0,019182324	-0,019478558
41885	95,860352	-39,24316	-39,124226	-0,15544295	-0,018545344	-0,018598216	-0,018673439
41885	96,360352	-37,293163	-37,300476	-0,15032291	-0,017859474	-0,017841179	-0,01804167
41885	96,860352	-35,343163	-35,31641	-0,14518499	-0,017131925	-0,01710942	-0,01720454
41885	97,360352	-33,393162	-33,25845	-0,14010072	-0,016341686	-0,0164472	-0,016261486
41885	97,860352	-31,443161	-31,333902	-0,13410151	-0,015601143	-0,015603908	-0,015496891
41885	98,360352	-29,493162	-29,516706	-0,12828112	-0,014913008	-0,015089776	-0,014795966
41885	98,860352	-27,543161	-27,510695	-0,12365282	-0,014158353	-0,01423806	-0,013869833
41885	99,360352	-25,593161	-25,453751	-0,11760294	-0,013367608	-0,013488558	-0,013053974
41885	99,860352	-23,643162	-23,537268	-0,11143386	-0,012595341	-0,012747102	-0,012238415
41885	100,36035	-21,693161	-21,755884	-0,10582209	-0,011936203	-0,012005274	-0,011535758
41885	100,86035	-19,74316	-19,758471	-0,099593401	-0,011081636	-0,01122326	-0,010673117
41885	101,36035	-17,793161	-17,662565	-0,093451142	-0,010342777	-0,010421003	-0,0097592957
41885	101,86035	-15,843161	-15,797569	-0,086647272	-0,0095527619	-0,0097432034	-0,0089970306
41885	102,36035	-13,893161	-13,922126	-0,080704689	-0,0087045133	-0,0090256473	-0,0082361177
41885	102,86035	-11,943161	-11,926546	-0,072577596	-0,0079190284	-0,0082212351	-0,0073951483
41885	103,36035	-9,9931612	-9,9053469	-0,066551566	-0,0069847852	-0,0074775922	-0,0065780394
41885	103,86035	-8,0431604	-8,0314035	-0,058493018	-0,006214112	-0,0066475687	-0,0058902241
41885	104,36035	-6,0931606	-6,1382523	-0,049260259	-0,0052877218	-0,0058605867	-0,0051658154
41885	104,86035	-4,1431608	-4,1381044	-0,03875494	-0,0044031441	-0,0051393872	-0,0044234693
41885	105,36035	-5,6446757	-5,3494072	-0,0438869	-0,004683435	-0,0053617959	-0,0046352334
41885	105,86035	-7,594676	-7,4591665	-0,051152706	-0,005585596	-0,006013182	-0,0053342991
41885	106,36035	-9,5446758	-9,5525465	-0,059792399	-0,0063601732	-0,0067609143	-0,0060132593
41885	106,86035	-11,494676	-11,464424	-0,065881014	-0,0070371479	-0,0074624368	-0,0066561736
41885	107,36035	-13,444676	-13,365386	-0,072562695	-0,0076457262	-0,0079653477	-0,007258527
41885	107,86035	-15,394676	-15,423758	-0,079214573	-0,0083602518	-0,0087355226	-0,0081384815
41885	108,36035	-17,344677	-17,444895	-0,085061789	-0,0091185421	-0,0095508229	-0,0087982863
41885	108,86035	-19,294676	-19,31525	-0,091034174	-0,0097523928	-0,010160075	-0,0094598662
41885	109,36035	-21,244677	-21,209261	-0,097370148	-0,010464698	-0,010885617	-0,010211674
41885	109,86035	-23,194675	-23,275278	-0,10221899	-0,011069983	-0,011660522	-0,011063375
41885	110,36035	-25,144676	-25,281549	-0,1075536	-0,0118182	-0,012322363	-0,01172317
41885	110,86035	-27,094677	-27,131058	-0,11323392	-0,012542769	-0,012870309	-0,012421237
41885	111,36035	-29,044676	-29,00515	-0,11830926	-0,013130531	-0,013670022	-0,013125157
41885	111,86035	-30,994677	-31,090214	-0,12412369	-0,013802916	-0,014390812	-0,014005154
41885	112,36035	-32,944675	-33,093208	-0,1291573	-0,014584392	-0,015076681	-0,01475835
41885	112,86035	-34,894676	-34,964367	-0,13429224	-0,015158683	-0,015781289	-0,01550984
41885	113,36035	-36,844677	-36,80888	-0,13976991	-0,015777498	-0,016423812	-0,016160619
41885	113,86035	-38,794678	-38,89016	-0,14423728	-0,016516164	-0,017153898	-0,01696826
41885	114,36035	-40,744678	-40,907581	-0,14918447	-0,017213672	-0,017848155	-0,017833447
41885	114,86035	-42,694675	-42,699009	-0,15372336	-0,01784353	-0,018563502	-0,018427266
41885	115,36035	-44,644676	-44,620865	-0,15804172	-0,018511698	-0,01914396	-0,019140497
41885	115,86035	-46,594677	-46,674999	-0,16430914	-0,019212037	-0,019914581	-0,019986026
41885	116,36035	-48,544678	-48,697571	-0,16872585	-0,019901291	-0,020742903	-0,02080394
41885	116,86035	-50,494678	-50,481838	-0,17342567	-0,020488098	-0,021344189	-0,021465229
41885	117,36035	-52,444675	-52,411053	-0,17781258	-0,021116808	-0,022011355	-0,022202164
41885	117,86035	-54,394676	-54,500065	-0,18342733	-0,021925449	-0,022812311	-0,023090854
41885	118,36035	-56,344677	-56,484203	-0,1862675	-0,022612259	-0,023570899	-0,023856489
41885	118,86035	-58,294678	-58,304871	-0,19252002	-0,023181006	-0,024123039	-0,024530629
41885	119,36035	-60,244678	-60,208393	-0,19651651	-0,023873419	-0,024885176	-0,025266139
41885	119,86035	-62,194675	-62,256119	-0,20109415	-0,024545327	-0,02559392	-0,026062327
41885	120,36035	-64,144676	-64,256592	-0,20594001	-0,025317058	-0,026208451	-0,026857782
41885	120,86035	-66,094681	-66,120232	-0,21047294	-0,025902569	-0,027040459	-0,027601562
41885	121,36035	-68,044678	-67,982155	-0,2153188	-0,026491821	-0,027668236	-0,028293289
41885	121,86035	-69,994675	-70,080193	-0,21858215	-0,027182668	-0,028365564	-0,029105306
41885	122,36035	-71,944679	-72,077614	-0,22335052	-0,027912468	-0,029052081	-0,029928811
41885	122,86035	-73,894676	-73,856392	-0,22877455	-0,028584778	-0,02984301	-0,030636001
41885	123,36035	-75,844681	-75,831223	-0,23235083	-0,029185072	-0,030457586	-0,031380769
41885	123,86035	-77,794678	-77,907593	-0,23662448	-0,029910177	-0,031215744	-0,032195918
41885	124,36035	-79,744675	-79,87233	-0,24147034	-0,030637875	-0,031939689	-0,033022497
41885	124,86035	-81,694679	-81,679794	-0,24640262	-0,031265795	-0,032625794	-0,033711176
41885	125,36035	-83,644676	-83,626701	-0,25038421	-0,031884074	-0,033312935	-0,034421835
41885	125,86035	-85,594681	-85,698357	-0,25536716	-0,032629415	-0,033958968	-0,035273809
41885	126,36035	-87,544678	-87,657806	-0,25987625	-0,033328071	-0,034806363	-0,036095478
41885	126,86035	-89,494675	-89,476906	-0,2643019	-0,033863813	-0,035438877	-0,036752351
41885	127,36035	-91,444679	-91,457985	-0,26666224	-0,034588009	-0,036217038	-0,037532233
41885	127,86035	-93,394676	-93,508621	-0,27188659	-0,03532508	-0,036917102	-0,038289104
41885	128,36035	-95,344681	-95,463432	-0,27602017	-0,035958558	-0,037548628	-0,03919553
41885	128,86035	-97,294678	-97,290657	-0,28083026	-0,036558434	-0,038348243	-0,039789408
41885	129,36035	-99,244675	-99,232742	-0,28505623	-0,037201568	-0,039032068	-0,04052953
41885	129,86035	-101,19468	-101,29697	-0,28939545	-0,038020633	-0,03960143	-0,04135761
41885	130,36035	-103,14468	-103,25433	-0,29334724	-0,038641296	-0,040391341	-0,042137727
41885	130,86035	-105,09468	-105,07903	-0,29728115	-0,039226174	-0,041168902	-0,042869825
41885	131,36035	-107,04468	-107,06493	-0,30102432	-0,039960682	-0,041856032	-0,043646663
41885	131,86035	-108,99467	-109,12035	-0,3061682	-0,040752776	-0,042532504	-0,04448238
41885	132,36035	-110,94468	-111,0085	-0,31016767	-0,041327246	-0,043275304	-0,045193955
41885	132,86035	-112,89468	-112,87733	-0,31353235	-0,041943409	-0,043991916	-0,045879032
41885	133,36035	-114,84468	-114,85447	-0,31773448	-0,042629004	-0,0446583	-0,046640761
41885	133,86035	-116,79468	-116,93776	-0,32190084	-0,043365344	-0,045476947	-0,047522739
41885	134,36035	-118,74468	-118,82027	-0,32579303	-0,043994583	-0,046194267	-0,048185594
41885	134,86035	-120,69468	-120,67695	-0,33011138	-0,044625528	-0,046790995	-0,04892166
41885	135,36035	-122,64468	-122,67586	-0,33354759	-0,04535412	-0,047552038	-0,0496451
41885	135,86035	-124,59468	-124,74317	-0,33765435	-0,046017341	-0,048394941	-0,05060678
41885	136,36035	-126,54468	-126,62012	-0,34224093	-0,04675328	-0,049091838	-0,051268943
41885	136,86035	-128,49467	-128,45047	-0,34587979	-0,047370009	-0,049753867	-0,051947866
41885	137,36035	-130,44467	-130,49753	-0,34953356	-0,048081845	-0,050587237	-0,052744143
41885	137,86035	-132,39468	-132,53319	-0,35364926	-0,048761569	-0,051331259	-0,053557612
41885	138,36035	-134,34468	-134,42403	-0,35748482	-0,049434818	-0,052019954	-0,054284561
41885	138,86035	-136,29468	-136,26237	-0,36187172	-0,050055265	-0,052739531	-0,055029858
41885	139,36035	-135,77364	-135,91045	-0,3618747	-0,050103799	-0,052768599	-0,055031598
41885	139,86035	-133,82364	-134,01038	-0,35871267	-0,049525321	-0,052165385	-0,054450899
41885	140,36035	-131,87363	-131,94196	-0,35574436	-0,048929445	-0,051486611	-0,053817593
41885	140,86035	-129,92363	-129,8748	-0,35217106	-0,048333384	-0,050946645	-0,053117529
41885	141,36035	-127,97363	-127,94796	-0,34817457	-0,047733031	-0,050277397	-0,052438289
41885	141,86035	-126,02364	-126,08053	-0,3452003	-0,047270328	-0,049695283	-0,051882442
41885	142,36035	-124,07363	-124,08744	-0,34151077	-0,046561591	-0,048995521	-0,051265191
41885	142,86035	-122,12363	-122,0062	-0,33830702	-0,045985498	-0,048418336	-0,050495084
41885	143,36035	-120,17363	-120,1259	-0,3341943	-0,045515999	-0,047706559	-0,04985258
41885	143,86035	-118,22363	-118,24487	-0,3297478	-0,044809893	-0,047084555	-0,049173776
41885	144,36035	-116,27364	-116,21674	-0,32609701	-0,044215448	-0,046421353	-0,048482023
41885	144,86035	-114,32363	-114,24155	-0,32389164	-0,043620951	-0,045689251	-0,047823299
41885	145,36035	-112,37363	-112,34007	-0,31942129	-0,043008558	-0,045186926	-0,047207102
41885	145,86035	-110,42363	-110,44424	-0,31577647	-0,042472862	-0,044582881	-0,046537928
41885	146,36035	-108,47363	-108,38136	-0,31259954	-0,041712746	-0,043752946	-0,045743309
41885	146,86035	-106,52364	-106,40788	-0,30885041	-0,041099936	-0,043140661	-0,045049548
41885	147,36035	-104,57363	-104,54792	-0,30504763	-0,040515602	-0,042589221	-0,044472672
41885	147,86035	-102,62363	-102,64629	-0,30061603	-0,039959997	-0,0418441	-0,043807991
41885	148,36035	-100,67363	-100,60606	-0,29624403	-0,039358936	-0,041106671	-0,043073073
41885	148,86035	-98,723633	-98,584427	-0,29330254	-0,038601547	-0,040506702	-0,042297665
41885	149,36035	-96,773628	-96,756706	-0,2887547	-0,038043857	-0,039886355	-0,041630451
41885	149,86035	-94,823631	-94,877365	-0,28511286	-0,037472308	-0,039163191	-0,041061342
41885	150,36035	-92,873634	-92,792053	-0,2812624	-0,036798388	-0,038560536	-0,040268149
41885	150,86035	-90,92363	-90,789841	-0,27737916	-0,036042228	-0,037850671	-0,039470166
41885	151,36035	-88,973633	-88,99192	-0,27342737	-0,035600781	-0,037209876	-0,03882781
41885	151,86035	-87,023628	-87,047493	-0,26956499	-0,034911945	-0,036561113	-0,038115181
41885	152,36035	-85,073631	-84,966774	-0,2653271	-0,034153759	-0,035870686	-0,037306651
41885	152,86035	-83,123634	-83,007271	-0,26127994	-0,033525795	-0,035132747	-0,036578037
41885	153,36035	-81,17363	-81,207298	-0,25760531	-0,032991752	-0,034539565	-0,036048479
41885	153,86035	-79,223633	-79,243019	-0,25312901	-0,032191291	-0,033872779	-0,035220973
41885	154,36035	-77,273628	-77,163414	-0,24906397	-0,03165856	-0,033054281	-0,034380853
41885	154,86035	-75,323631	-75,230774	-0,24551153	-0,030993775	-0,032356959	-0,033688478
41885	155,36035	-73,373634	-73,40892	-0,24021268	-0,03035903	-0,031806786	-0,033027448
41885	155,86035	-71,42363	-71,416512	-0,23635924	-0,029722139	-0,031033708	-0,032204807
41885	156,36035	-69,473633	-69,352966	-0,23183525	-0,029000044	-0,030369852	-0,031448465
41885	156,86035	-67,523628	-67,391205	-0,2274245	-0,028411865	-0,02969365	-0,030669086
41885	157,36035	-65,573631	-65,587967	-0,22230148	-0,027779654	-0,028935619	-0,029909126
41885	157,86035	-63,623631	-63,618355	-0,21852851	-0,027022228	-0,028301485	-0,029196028
41885	158,36035	-61,67363	-61,549393	-0,21371543	-0,026435047	-0,02762961	-0,028344506
41885	158,86035	-59,723633	-59,625084	-0,20904243	-0,025687441	-0,026885269	-0,02755006
41885	159,36035	-57,773632	-57,758572	-0,20433068	-0,025070384	-0,026144885	-0,026816513
41885	159,86035	-55,823631	-55,78476	-0,19979775	-0,024349958	-0,02553161	-0,026038336
41885	160,36035	-53,873631	-53,752716	-0,19491315	-0,023646891	-0,024773369	-0,025333798
41885	160,86035	-51,92363	-51,853615	-0,18981695	-0,023008168	-0,024033846	-0,024489602
41885	161,36035	-49,973629	-49,984657	-0,18517077	-0,022274464	-0,023416171	-0,023673013
41885	161,86035	-48,023632	-47,964672	-0,18026233	-0,021579564	-0,0228041	-0,022824472
41885	162,36035	-46,073631	-45,975857	-0,17588437	-0,02087453	-0,021928089	-0,02207081
41885	162,86035	-44,123631	-44,069248	-0,17029643	-0,020166501	-0,021241983	-0,021342849
41885	163,36035	-42,17363	-42,214828	-0,16545355	-0,019530609	-0,020600405	-0,02052445
41885	163,86035	-40,223629	-40,216469	-0,16048551	-0,018804818	-0,01980949	-0,019679321
41885	164,36035	-38,273632	-38,14753	-0,15505552	-0,018039942	-0,019124653	-0,018817265
41885	164,86035	-36,323631	-36,221062	-0,14972091	-0,017370984	-0,018313013	-0,018013477
41885	165,36035	-34,373631	-34,358379	-0,1447022	-0,016673818	-0,017593287	-0,017198432
41885	165,86035	-32,42363	-32,383492	-0,13934374	-0,015924126	-0,016940717	-0,016460752
41885	166,36035	-30,473631	-30,358059	-0,13321042	-0,015181318	-0,01621571	-0,015618468
41885	166,86035	-28,52363	-28,422932	-0,12823939	-0,014450148	-0,01547215	-0,014791774
41885	167,36035	-26,573629	-26,553181	-0,12176037	-0,013706326	-0,014640059	-0,013983715
41885	167,86035	-24,623631	-24,564636	-0,11677444	-0,012925282	-0,013948873	-0,013105141
41885	168,36035	-22,67363	-22,532734	-0,11046231	-0,012207627	-0,013084671	-0,012305586
41885	168,86035	-20,723631	-20,659449	-0,1052618	-0,011463895	-0,012385558	-0,011496164
41885	169,36035	-18,77363	-18,767815	-0,09829998	-0,010665119	-0,011732194	-0,010715684
41885	169,86035	-16,823629	-16,764589	-0,092455745	-0,009896636	-0,01086075	-0,0097927805
41885	170,36035	-14,87363	-14,770339	-0,086140633	-0,0090983957	-0,0099923974	-0,0089680962
41885	170,86035	-12,92363	-12,864095	-0,079420209	-0,008388415	-0,0092002554	-0,0082323961
41885	171,36035	-10,97363	-10,979172	-0,072011352	-0,007540077	-0,0084730322	-0,0074252859
41885	171,86035	-9,0236301	-8,9907751	-0,063255429	-0,0067037195	-0,0075905221	-0,0065631792
41885	172,36035	-7,0736299	-6,9597459	-0,055596232	-0,0058033764	-0,0068277232	-0,0057781041
41885	172,86035	-5,1236296	-5,0786586	-0,046744943	-0,0049745142	-0,0059468937	-0,0050743036
41885	173,36035	-3,927	-3,8456004	-0,039225817	-0,004290536	-0,0054479097	-0,0046641715
41885	173,86035	-3,927	-3,8134699	-0,038707256	-0,004320085	-0,0054231463	-0,0045354255
41885	174,36035	-3,927	-3,8494468	-0,0392735	-0,0042264611	-0,0053733522	-0,0044654198
41885	174,86035	-3,927	-3,9218757	-0,039127469	-0,0042326152	-0,0052289516	-0,0044566058
41885	175,36035	-3,927	-4,0059443	-0,038599968	-0,0042648911	-0,0052542058	-0,0044849664
41885	175,86035	-3,927	-3,9806478	-0,038951635	-0,0041971356	-0,0054503786	-0,0044638589
41885	176,36035	-3,927	-3,8672276	-0,038087368	-0,0041487664	-0,0052111638	-0,0043617114
41885	176,86035	-3,927	-3,8044508	-0,037866831	-0,0041280389	-0,0051661585	-0,0042880401
41885	177,36035	-3,927	-3,8490853	-0,03759861	-0,004101932	-0,0052568382	-0,0042932257
41885	177,86035	-3,927	-3,8472638	-0,037449598	-0,0040674061	-0,0051189372	-0,0043134913
41885	178,36035	-3,927	-3,8320701	-0,037795305	-0,0040307641	-0,0052367598	-0,0042694397
41885	178,86035	-3,927	-3,8819351	-0,037774444	-0,0040797144	-0,0052228984	-0,0042408891
41885	179,36035	-3,927	-3,9163065	-0,037014484	-0,004109025	-0,0050958693	-0,0042483285
41885	179,86035	-3,927	-3,8637407	-0,037559867	-0,0040044636	-0,0051051648	-0,0042025968
41885	180,36035	-3,927	-3,8707163	-0,037547946	-0,0039992929	-0,005108065	-0,0042931847
41885	180,86035	-3,927	-3,9243474	-0,03773272	-0,0040036887	-0,0050588655	-0,0042986609
41885	181,36035	-3,927	-3,9717927	-0,037610531	-0,0040624738	-0,0050677597	-0,0041998066
41885	181,86035	-3,927	-3,8768892	-0,037401915	-0,0039170086	-0,0050449744	-0,0041537024
41885	182,36035	-3,927	-3,8686693	-0,03708899	-0,0039079785	-0,0050824839	-0,004166808
41885	182,86035	-3,927	-3,9543173	-0,037628412	-0,0040547699	-0,0050686221	-0,0042393319
41885	183,36035	-3,927	-3,9826984	-0,037291646	-0,0040509403	-0,0051535461	-0,0042442307
41885	183,86035	-3,927	-3,9065909	-0,037738681	-0,0039750487	-0,0050846552	-0,0041372702
41885	184,36035	-3,927	-3,8755591	-0,037255883	-0,0039276332	-0,0050311428	-0,0041327365
41885	184,86035	-3,927	-3,9558187	-0,036752224	-0,0039733946	-0,005029581	-0,0041931681
41885	185,36035	-3,927	-4,0053034	-0,03733933	-0,0039388537	-0,0051636747	-0,0042662248
41885	185,86035	-3,927	-3,9017479	-0,036859512	-0,0039935559	-0,0049852598	-0,0041452348
41885	186,36035	-3,927	-3,8820245	-0,037458539	-0,0039364547	-0,0049976786	-0,0040756129
41885	186,86035	-3,927	-3,9399471	-0,037068129	-0,0039421767	-0,0050511169	-0,0041265786
41885	187,36035	-3,927	-4,0145612	-0,036925077	-0,0039464682	-0,0049795932	-0,0041680299
41885	187,86035	-3,927	-3,9048698	-0,0369519	-0,0039997399	-0,0049644229	-0,0041117705
41885	188,36035	-3,927	-3,8963296	-0,036033988	-0,0039513707	-0,0049582953	-0,004065305
41885	188,86035	-3,927	-3,9411132	-0,035861135	-0,0039605498	-0,0049435566	-0,0040419772
41885	189,36035	-3,927	-3,9882715	-0,036996603	-0,0039364845	-0,0049991808	-0,0040801652
41885	189,86035	-3,927	-3,9356799	-0,037166476	-0,0039027333	-0,0049849474	-0,004136961
41885	190,36035	-3,927	-3,8993247	-0,037157536	-0,0039059222	-0,0048240232	-0,0040001124
41885	190,86035	-3,927	-3,9483328	-0,037148595	-0,0038602948	-0,0048604468	-0,004043147
41885	191,36035	-3,927	-3,9583371	-0,037124753	-0,0039606988	-0,0049298438	-0,0040418692
41885	191,86035	-3,927	-3,92366	-0,036653876	-0,0038854331	-0,0049709375	-0,0041024089
41885	192,36035	-3,927	-3,9025564	-0,03657341	-0,0038407892	-0,0049215597	-0,0040325224
41885	192,86035	-3,927	-3,9512701	-0,037205219	-0,0039748251	-0,0049097654	-0,004066851
41885	193,36035	-3,927	-3,9637089	-0,037115812	-0,0039145947	-0,0049896771	-0,0039808191
41885	193,86035	-3,927	-3,9015505	-0,036394596	-0,0038489699	-0,0048452765	-0,0040046275
41885	194,36035	-3,927	-3,9171894	-0,037446618	-0,0037988126	-0,0049258429	-0,0040554255
41885	194,86035	-3,927	-3,9503555	-0,03593266	-0,0039241016	-0,0048978226	-0,0040310808
41885	195,36035	-3,927	-3,9728544	-0,037071109	-0,0038820654	-0,0048623658	-0,0039942861
41885	195,86035	-3,927	-3,8787928	-0,037130713	-0,003875941	-0,0048597925	-0,0039690956
41885	196,36035	-3,927	-3,901165	-0,036469102	-0,003929466	-0,0049157143	-0,0040006228
41885	196,86035	-3,927	-3,974937	-0,036758184	-0,0038609207	-0,0048540961	-0,00400877
41885	197,36035	-3,927	-3,9527156	-0,036165118	-0,0038339198	-0,0047703325	-0,0040033646
41885	197,86035	-3,927	-3,858881	-0,035896897	-0,0037713349	-0,0048129875	-0,0038848743
41885	198,36035	-3,927	-3,8906839	-0,03709197	-0,0038062185	-0,004884318	-0,0039616078
41885	198,86035	-3,927	-3,9924793	-0,035867095	-0,0038905889	-0,0048380038	-0,004018005
41885	199,36035	-3,927	-3,9702003	-0,036469102	-0,0038461685	-0,00491799	-0,0039564818
41885	199,86035	-3,927	-3,8764515	-0,036028028	-0,0037951171	-0,004811917	-0,0038768798
41885	200,36035	-3,927	-3,8982089	-0,035813451	-0,0038363487	-0,0047535556	-0,003956601
41885	200,86035	-3,927	-3,9617121	-0,035598874	-0,0038762391	-0,0048557916	-0,003990382
41885	201,36035	-3,927	-3,9594769	-0,035840273	-0,003865689	-0,0048395507	-0,0039783828
41885	201,86035	-3,927	-3,8433168	-0,036370754	-0,0037350655	-0,0047218022	-0,0038067289
41885	202,36035	-3,927	-3,887754	-0,0359267	-0,0038004816	-0,0047228434	-0,0039320625
41885	202,86035	-3,927	-3,9810483	-0,035715103	-0,0037982911	-0,0048202607	-0,0039978921
41885	203,36035	-4,6506329	-4,4766164	-0,038951635	-0,0040092617	-0,0050240187	-0,0040907934
41885	203,86035	-6,6006331	-5,9680753	-0,044828653	-0,0045825392	-0,0054531447	-0,0045494623
41885	204,36035	-8,5506334	-8,5941229	-0,054568052	-0,0055181831	-0,0064625056	-0,0053860955
41885	204,86035	-10,500633	-10,698421	-0,061964989	-0,0063897073	-0,0071444404	-0,0061721615
41885	205,36035	-12,450633	-12,624385	-0,069236755	-0,0070263296	-0,0077436678	-0,0068197958
41885	205,86035	-14,400633	-14,459659	-0,075054169	-0,0076775998	-0,0083974777	-0,00745802
41885	206,36035	-16,350634	-16,403042	-0,082203746	-0,0083592087	-0,0092983562	-0,0081452802
41885	206,86035	-18,300632	-18,445126	-0,088071823	-0,0090877861	-0,009928816	-0,0090137869
41885	207,36035	-20,250633	-20,376953	-0,093638897	-0,0096934885	-0,010584174	-0,009672476
41885	207,86035	-22,200634	-22,211115	-0,098404288	-0,010396004	-0,011232838	-0,0103707
41885	208,36035	-24,150633	-24,193853	-0,10478199	-0,011010885	-0,01191217	-0,011126755
41885	208,86035	-26,100634	-26,193085	-0,11037588	-0,011744455	-0,012769396	-0,011936815
41885	209,36035	-28,050634	-28,138714	-0,11561811	-0,012463391	-0,013486669	-0,012669278
41885	209,86035	-30,000633	-29,990332	-0,12024343	-0,013104841	-0,014101974	-0,013357555
41885	210,36035	-31,950634	-31,958881	-0,12662113	-0,013729185	-0,014853439	-0,014156533
41885	210,86035	-33,900635	-33,987862	-0,1313746	-0,014531806	-0,015680473	-0,014977003
41885	211,36035	-35,850636	-35,962471	-0,13509989	-0,015218779	-0,016323412	-0,015751535
41885	211,86035	-37,800632	-37,803459	-0,14193356	-0,015867919	-0,016893474	-0,016494662
41885	212,36035	-39,750633	-39,741848	-0,14617145	-0,016449243	-0,017723832	-0,017251557
41885	212,86035	-41,700634	-41,799522	-0,15134215	-0,017193615	-0,018589655	-0,018033104
41885	213,36035	-43,650635	-43,768383	-0,15577972	-0,017936334	-0,019156475	-0,018865135
41885	213,86035	-45,600636	-45,616798	-0,16080439	-0,018562198	-0,019798558	-0,019536767
41885	214,36035	-47,550632	-47,519211	-0,16581416	-0,019240454	-0,020600064	-0,020300966
41885	214,86035	-49,500633	-49,613552	-0,17084181	-0,020022124	-0,021270197	-0,021076407
41885	215,36035	-51,450634	-51,545757	-0,17542243	-0,020653456	-0,021965696	-0,021934338
41885	215,86035	-53,400635	-53,365479	-0,18019378	-0,02128537	-0,022711918	-0,022624247
41885	216,36035	-55,350636	-55,396084	-0,18548965	-0,021892101	-0,023494469	-0,023421591
41885	216,86035	-57,300632	-57,446819	-0,19008517	-0,022696137	-0,024173845	-0,024192445
41885	217,36035	-59,250633	-59,291039	-0,19486547	-0,023329586	-0,024831865	-0,02494574
41885	217,86035	-61,200634	-61,21006	-0,19887984	-0,024019897	-0,025613975	-0,025745777
41885	218,36035	-63,150635	-63,214439	-0,20398796	-0,024756998	-0,026215069	-0,026489466
41885	218,86035	-65,100632	-65,256264	-0,20850301	-0,025415421	-0,027060084	-0,027354471
41885	219,36035	-67,050636	-67,086784	-0,21348894	-0,026077911	-0,027806591	-0,028006112
41885	219,86035	-69,000633	-68,962608	-0,21778345	-0,026658669	-0,028280715	-0,028783038
41885	220,36035	-70,950638	-71,022743	-0,22208989	-0,027468562	-0,029116895	-0,029640254
41885	220,86035	-72,900635	-73,039558	-0,22558868	-0,02814278	-0,029880639	-0,030405127
41885	221,36035	-74,850632	-74,874184	-0,23045838	-0,028775081	-0,03060778	-0,031167984
41885	221,86035	-76,800636	-76,760834	-0,23548305	-0,029411614	-0,031168902	-0,03182682
41885	222,36035	-78,750633	-78,805954	-0,23955107	-0,030100673	-0,031986181	-0,032686099
41885	222,86035	-80,700638	-80,86821	-0,24369955	-0,030861065	-0,032873154	-0,033487607
41885	223,36035	-82,650635	-82,706223	-0,24894178	-0,031473562	-0,033461925	-0,034252122
41885	223,86035	-84,600632	-84,60231	-0,25381148	-0,032083526	-0,034147561	-0,035004146
41885	224,36035	-86,550636	-86,617531	-0,25789142	-0,032785505	-0,034994833	-0,035753705
41885	224,86035	-88,500633	-88,633217	-0,26170015	-0,033485219	-0,035611238	-0,036528356
41885	225,36035	-90,450638	-90,46447	-0,26676059	-0,034148231	-0,036309883	-0,037349321
41885	225,86035	-92,400635	-92,389046	-0,26955605	-0,0348434	-0,036944401	-0,038090929
41885	226,36035	-94,350632	-94,368866	-0,27431846	-0,035593197	-0,037630837	-0,03885914
41885	226,86035	-96,300636	-96,389061	-0,27930737	-0,0361965	-0,038414009	-0,039619371
41885	227,36035	-98,250633	-98,240944	-0,28308034	-0,036863595	-0,039156932	-0,040320642
41885	227,86035	-100,20064	-100,1684	-0,28785467	-0,037536614	-0,039828286	-0,041074798
41885	228,36035	-102,15063	-102,25345	-0,29144287	-0,038215294	-0,040643591	-0,041986078
41885	228,86035	-104,10063	-104,26424	-0,2956599	-0,038979352	-0,041366886	-0,042765755
41885	229,36035	-106,05064	-106,06167	-0,30025244	-0,03957288	-0,041950513	-0,043453734
41885	229,86035	-108,00063	-108,00657	-0,30477941	-0,040238723	-0,042663176	-0,044176698
41885	230,36035	-109,95064	-110,03601	-0,30805767	-0,040954515	-0,043541051	-0,044944696
41885	230,86035	-111,90063	-112,03096	-0,31265914	-0,041588634	-0,044148184	-0,045722079
41885	231,36035	-113,85064	-113,8524	-0,31733513	-0,042230204	-0,044810437	-0,046418823
41885	231,86035	-115,80064	-115,83278	-0,32103658	-0,042953826	-0,04555691	-0,047222622
41885	232,36035	-117,75063	-117,90515	-0,32494366	-0,043640047	-0,046353523	-0,048089724
41885	232,86035	-119,70064	-119,83502	-0,32868385	-0,044313133	-0,047002997	-0,048736535
41885	233,36035	-121,65063	-121,67129	-0,33387542	-0,044919394	-0,047703013	-0,049507529
41885	233,86035	-123,60064	-123,62345	-0,33714771	-0,045649037	-0,048475306	-0,050277665
41885	234,36035	-125,55064	-125,68501	-0,34102201	-0,046326302	-0,049228922	-0,051085792
41885	234,86035	-127,50063	-127,58786	-0,34492612	-0,047032617	-0,049809542	-0,051788189
41885	235,36035	-129,45064	-129,47807	-0,349015	-0,047625378	-0,050609048	-0,052542306
41885	235,86035	-131,40063	-131,44498	-0,35279095	-0,048291035	-0,051381163	-0,05325542
41885	236,36035	-133,35063	-133,49345	-0,3567338	-0,04904025	-0,052045602	-0,054038264
41885	236,86035	-135,30063	-135,38037	-0,36090612	-0,049634874	-0,052865859	-0,054815058
41885	237,36035	-137	-137,08665	-0,36475658	-0,050289162	-0,053455465	-0,055464208
41885	237,86035	-137	-137,08673	-0,36542416	-0,050346725	-0,053516831	-0,05557099
41885	238,36035	-137	-137,1377	-0,36492646	-0,050454803	-0,053733245	-0,055619653
41885	238,86035	-137	-137,05565	-0,36526918	-0,050454184	-0,053783946	-0,055649299
41885	239,36035	-137	-136,99376	-0,36534071	-0,050463177	-0,053710692	-0,055769905
41885	239,86035	-137	-137,07193	-0,36564469	-0,050475284	-0,053829957	-0,055850405
41885	240,36035	-137	-137,11259	-0,36495626	-0,050596185	-0,053949859	-0,055860031
41885	240,86035	-137	-137,02423	-0,36539137	-0,050609007	-0,05380125	-0,055854369
41885	241,36035	-137	-136,96312	-0,3654331	-0,0505431	-0,053958658	-0,055855386
41885	241,86035	-137	-136,98949	-0,36603212	-0,050642401	-0,053946834	-0,05587903
41885	242,36035	-137	-137,10152	-0,36640763	-0,050668344	-0,053950112	-0,055908471
41885	242,86035	-137	-137,02591	-0,36628842	-0,050668553	-0,054007195	-0,055966612
41885	243,36035	-137	-136,9854	-0,36587417	-0,050739288	-0,054097787	-0,056007564
41885	243,86035	-137	-137,03949	-0,36617815	-0,050727367	-0,053984284	-0,056046121
41885	244,36035	-137	-137,10521	-0,3674984	-0,050806239	-0,053969257	-0,056087494
41885	244,86035	-137	-136,9819	-0,36750436	-0,05081176	-0,054078899	-0,056038734
41885	245,36035	-137	-136,93594	-0,36720932	-0,050832905	-0,054140426	-0,056031592
41885	245,86035	-137	-137,03697	-0,36760867	-0,050864138	-0,054088194	-0,056079336
41885	246,36035	-137	-137,08961	-0,36660433	-0,050879106	-0,054177392	-0,056200385
41885	246,86035	-137	-136,99278	-0,36711991	-0,050862096	-0,054234117	-0,056183472
41885	247,36035	-137	-136,9761	-0,36761463	-0,050914072	-0,054198179	-0,056168761
41885	247,86035	-137	-137,05293	-0,36748946	-0,050908104	-0,054221492	-0,056200884
41885	248,36035	-137	-137,04539	-0,3673315	-0,050962865	-0,054307748	-0,056209214
41885	248,86035	-137	-136,96373	-0,36697984	-0,050983585	-0,054256734	-0,056183971
41885	249,36035	-137	-136,9826	-0,36773086	-0,050985985	-0,054225046	-0,05626671
41885	249,86035	-137	-137,09258	-0,36763549	-0,051074103	-0,054313056	-0,056332126
41885	250,36035	-137	-137,08585	-0,36772192	-0,051057622	-0,054393519	-0,056310602
41885	250,86035	-137	-136,94179	-0,3682524	-0,05106169	-0,054183133	-0,056272637
41885	251,36035	-137	-136,97763	-0,36769807	-0,051068738	-0,054343246	-0,056353748
41885	251,86035	-137	-137,04019	-0,36723018	-0,051108509	-0,054326985	-0,056333285
41885	252,36035	-137	-137,05159	-0,36863089	-0,051107734	-0,054343492	-0,056330435
41885	252,86035	-137	-136,96156	-0,36857724	-0,051149756	-0,054377254	-0,056323536
41885	253,36035	-137	-137,02187	-0,36887228	-0,051109634	-0,054447498	-0,056453682
41885	253,86035	-137	-137,09351	-0,36879778	-0,051194198	-0,054387376	-0,056500174
41885	254,36035	-137	-137,04747	-0,36807954	-0,051172368	-0,054504246	-0,056455553
41885	254,86035	-137	-136,9162	-0,3685534	-0,051087148	-0,054411158	-0,056401916
41885	255,36035	-137	-136,9659	-0,36860704	-0,051191442	-0,054575734	-0,05636967
41885	255,86035	-137	-137,06888	-0,36853254	-0,051234059	-0,054489844	-0,056441072
41885	256,36035	-137	-137,04195	-0,36765635	-0,051243246	-0,054538812	-0,056532916
41885	256,86035	-137	-136,96684	-0,36945939	-0,051221438	-0,054544419	-0,056486443
41885	257,36035	-137	-136,99875	-0,36895275	-0,051279135	-0,054462787	-0,056565441
41885	257,86035	-137	-137,08139	-0,3684938	-0,051291466	-0,054473422	-0,056560006
41885	258,36035	-137	-137,0168	-0,36807656	-0,051339045	-0,054577094	-0,056562986
41885	258,86035	-137	-136,91231	-0,36874115	-0,051311158	-0,054530781	-0,056504145
41885	259,36035	-137	-136,97926	-0,36854446	-0,051319614	-0,054527186	-0,05655089
41885	259,86035	-137	-137,09851	-0,36971867	-0,051395886	-0,054565478	-0,056638807
41885	260,36035	-137	-137,05209	-0,36924183	-0,051388681	-0,054630153	-0,0566324
41885	260,86035	-137	-136,97444	-0,36915243	-0,05131375	-0,054617152	-0,056588851
41885	261,36035	-137	-137,00969	-0,36928356	-0,051413149	-0,054631893	-0,056676868
41885	261,86035	-137	-137,09323	-0,36896765	-0,051377296	-0,0547137	-0,056693684
41885	262,36035	-137	-137,00099	-0,36937594	-0,051382639	-0,054640006	-0,056620121
41885	262,86035	-137	-136,91487	-0,36908984	-0,051384233	-0,054698538	-0,056595471
41885	263,36035	-137	-136,98322	-0,36980212	-0,051402986	-0,054703332	-0,056642823
41885	263,86035	-137	-137,10564	-0,36950707	-0,051444694	-0,054718819	-0,056711949
41885	264,36035	-137	-137,00626	-0,36948621	-0,051364444	-0,054766774	-0,056707911
41885	264,86035	-137	-136,95418	-0,36872625	-0,051453643	-0,054749031	-0,056653976
41885	265,36035	-137	-137,04131	-0,36878586	-0,051416636	-0,054660551	-0,056723747
41885	265,86035	-137	-137,05602	-0,36905706	-0,051457159	-0,054771438	-0,056736484
41885	266,36035	-137	-136,97156	-0,3700465	-0,05148425	-0,054672301	-0,056682173
41885	266,86035	-137	-136,93578	-0,3696084	-0,051406153	-0,054715104	-0,056709841
41885	267,36035	-136,7168	-136,89149	-0,36955178	-0,051461101	-0,054682348	-0,056764334
41885	267,86035	-134,2168	-134,32639	-0,36422312	-0,050694734	-0,053907018	-0,055917852
41885	268,36035	-131,7168	-131,67213	-0,36042631	-0,049925804	-0,053089928	-0,05498977
41885	268,86035	-129,2168	-129,09802	-0,35580993	-0,049152449	-0,052071657	-0,054100998
41885	269,36035	-126,7168	-126,6964	-0,35114586	-0,048411466	-0,051379297	-0,053280342
41885	269,86035	-124,2168	-124,27014	-0,3462404	-0,04759267	-0,050611101	-0,052546211
41885	270,36035	-121,7168	-121,63666	-0,34228563	-0,046832688	-0,049684715	-0,05163902
41885	270,86035	-119,2168	-119,1237	-0,33796132	-0,045974329	-0,04891425	-0,05074174
41885	271,36035	-116,7168	-116,67225	-0,33266246	-0,045318194	-0,048105702	-0,049896181
41885	271,86035	-114,2168	-114,20815	-0,32832325	-0,044489354	-0,047152679	-0,049014416
41885	272,36035	-111,7168	-111,63969	-0,32316744	-0,043721206	-0,046376679	-0,04818438
41885	272,86035	-109,2168	-109,14005	-0,31875074	-0,042848349	-0,045562141	-0,04727051
41885	273,36035	-106,7168	-106,68119	-0,31355917	-0,042100213	-0,044655357	-0,046363845
41885	273,86035	-104,2168	-104,24202	-0,308761	-0,0413213	-0,043786492	-0,045546636
41885	274,36035	-101,7168	-101,57706	-0,30489266	-0,040497318	-0,042932738	-0,044528104
41885	274,86035	-99,216797	-99,103996	-0,29930174	-0,039670981	-0,042054757	-0,043648954
41885	275,36035	-96,716797	-96,723122	-0,29358566	-0,038852714	-0,041274387	-0,042840663
41885	275,86035	-94,216797	-94,20517	-0,28855801	-0,038069159	-0,040399075	-0,041917663
41885	276,36035	-91,716797	-91,596268	-0,28401911	-0,037211001	-0,039565638	-0,040934049
41885	276,86035	-89,216797	-89,123566	-0,27824044	-0,036382154	-0,03864155	-0,040011957
41885	277,36035	-86,716797	-86,694023	-0,27327538	-0,035554662	-0,037748851	-0,039031483
41885	277,86035	-84,216797	-84,190926	-0,26828349	-0,034856007	-0,03695235	-0,038103357
41885	278,36035	-81,716797	-81,596825	-0,26257932	-0,033855364	-0,036007524	-0,03719848
41885	278,86035	-79,216797	-79,156746	-0,2577424	-0,033065036	-0,035147414	-0,03630814
41885	279,36035	-76,716797	-76,713852	-0,25193691	-0,032219246	-0,034295108	-0,035295133
41885	279,86035	-74,216797	-74,18512	-0,24680197	-0,031429932	-0,033300649	-0,034267686
41885	280,36035	-71,716797	-71,56395	-0,24115741	-0,030556023	-0,032365333	-0,033229083
41885	280,86035	-69,216797	-69,116844	-0,23538768	-0,02977027	-0,031632528	-0,032276534
41885	281,36035	-66,716797	-66,743752	-0,22889078	-0,028911948	-0,030665398	-0,031387195
41885	281,86035	-64,216797	-64,187714	-0,22428036	-0,028015748	-0,029829297	-0,030378845
41885	282,36035	-61,716797	-61,581093	-0,21849573	-0,027154565	-0,028830169	-0,029323051
41885	282,86035	-59,216797	-59,108639	-0,2122879	-0,026311949	-0,028053628	-0,028299877
41885	283,36035	-56,716797	-56,740601	-0,20572543	-0,025375471	-0,02703643	-0,027290821
41885	283,86035	-54,216797	-54,181904	-0,1997143	-0,02450195	-0,026143948	-0,026217973
41885	284,36035	-51,716797	-51,61409	-0,19382536	-0,023614317	-0,025253963	-0,025274144
41885	284,86035	-49,216797	-49,149761	-0,18717945	-0,022743061	-0,024273433	-0,024259174
41885	285,36035	-46,716797	-46,732906	-0,17971992	-0,021864668	-0,023448177	-0,02318044
41885	285,86035	-44,216797	-44,139	-0,1742214	-0,020827442	-0,022454105	-0,022102887
41885	286,36035	-41,716797	-41,573429	-0,16721487	-0,019958824	-0,021440757	-0,021042977
41885	286,86035	-39,216797	-39,149906	-0,16148984	-0,019033998	-0,020572318	-0,020055294
41885	287,36035	-36,716797	-36,744724	-0,15489459	-0,018206149	-0,019701995	-0,019118492
41885	287,86035	-34,216797	-34,13567	-0,1478523	-0,017227039	-0,018797949	-0,017952876
41885	288,36035	-31,716797	-31,588018	-0,14050007	-0,0163057	-0,017656384	-0,016886124
41885	288,86035	-29,216797	-29,143162	-0,13317168	-0,015366241	-0,016769776	-0,015829142
41885	289,36035	-26,716797	-26,717369	-0,12589693	-0,014373645	-0,015783573	-0,014751237
41885	289,86035	-24,216797	-24,120712	-0,11795759	-0,013384923	-0,014794558	-0,013628673
41885	290,36035	-21,716797	-21,608742	-0,11147857	-0,012370303	-0,013780007	-0,012602326
41885	290,86035	-19,216797	-19,17697	-0,10351539	-0,01140146	-0,01281397	-0,011543971
41885	291,36035	-16,716797	-16,727911	-0,09482801	-0,010439679	-0,011707877	-0,010482032
41885	291,86035	-14,216797	-14,158262	-0,087046623	-0,0094992965	-0,010767823	-0,0093634874
41885	292,36035	-11,716797	-11,607943	-0,077459216	-0,008395642	-0,0097355731	-0,0082833618
41885	292,86035	-9,2167969	-9,1762724	-0,067681074	-0,0073496848	-0,0085684117	-0,0072443299
41885	293,36035	-6,7167969	-6,7375898	-0,05672574	-0,0063404441	-0,0074490663	-0,0062943548
41885	293,86035	-4,2167969	-4,1685495	-0,044730306	-0,0050955564	-0,0063742502	-0,005349759
41885	294,36035	-1,7167969	-1,9520558	-0,030350685	-0,0040581077	-0,0054655788	-0,0044968762
41885	294,86035	-1	-1,2369398	-0,024056435	-0,0036982298	-0,0050644726	-0,0041858517
41885	295,36035	-1	-0,92352742	-0,021412969	-0,0034675449	-0,0047678933	-0,0039975606
41885	295,86035	-1	-0,75157917	-0,019884109	-0,0033249855	-0,0047748536	-0,0038554631
41885	296,36035	-1	-0,77953565	-0,019529462	-0,0031980574	-0,0047010547	-0,0038149208
41885	296,86035	-1	-0,84564459	-0,019448996	-0,0033304095	-0,0046903463	-0,0037891567
41885	297,36035	-1	-0,89455581	-0,020575523	-0,0032299459	-0,0046596038	-0,0037408471
41885	297,86035	-1	-0,85943568	-0,01975894	-0,0032351017	-0,0045434171	-0,0037409924
41885	298,36035	-1	-0,9135716	-0,019881129	-0,0032224953	-0,0045522219	-0,0037622899
41885	298,86035	-1	-0,96202457	-0,019708276	-0,0032547414	-0,0046109697	-0,0037179105
41885	299,36035	-1	-0,96032953	-0,019192696	-0,0031857938	-0,0045018923	-0,0036835633
41885	299,86035	-1	-0,9086076	-0,019991398	-0,0031934381	-0,004501238	-0,0036704056
41885	300,36035	-1	-0,91855597	-0,019830465	-0,003192082	-0,0045577399	-0,0036274567
41885	300,86035	-1	-0,9688977	-0,021156669	-0,0030994266	-0,0044488111	-0,0035638399
41885	301,36035	-1	-0,99642205	-0,019556284	-0,0031907558	-0,0045192786	-0,0036159791
41885	301,86035	-1	-0,96927023	-0,01938343	-0,003156662	-0,0044316775	-0,003681723
41885	302,36035	-1	-0,95842218	-0,019922853	-0,0030820221	-0,0044953632	-0,0035730638
41885	302,86035	-1	-1,004126	-0,019344687	-0,0031126738	-0,0044688596	-0,0035660081
41885	303,36035	-1	-0,97578019	-0,019204617	-0,0031082332	-0,0044064382	-0,0035238117
41885	303,86035	-1	-0,93203223	-0,019279122	-0,0031131059	-0,0044307555	-0,0034722202
41885	304,36035	-1	-0,96356308	-0,019085407	-0,0031358898	-0,0043591727	-0,0035299137
41885	304,86035	-1	-1,0437164	-0,019448996	-0,0031225234	-0,0043973513	-0,0036450438
41885	305,36035	-1	-1,0081716	-0,01988709	-0,0031230152	-0,0043658651	-0,0035620257
41885	305,86035	-1	-0,94645286	-0,01899302	-0,0031333417	-0,0042413794	-0,0034802034
41885	306,36035	-1	-0,96063131	-0,019705296	-0,003038004	-0,0042695487	-0,0034978203
41885	306,86035	-1	-1,003217	-0,019219518	-0,0030471236	-0,004338529	-0,0034655184
41885	307,36035	-1	-0,98861194	-0,019282103	-0,0030605048	-0,004361195	-0,0034520701
41885	307,86035	-1	-0,96617454	-0,018599629	-0,0030353814	-0,0042658602	-0,0034944415
41885	308,36035	-1	-0,99947864	-0,018793344	-0,0030333996	-0,0043244446	-0,0035293624
41885	308,86035	-1	-1,0202229	-0,018692017	-0,0030286014	-0,0043452368	-0,0034443587
41885	309,36035	-1	-0,98267567	-0,019317865	-0,0029836297	-0,0043360898	-0,0034698062
41885	309,86035	-1	-0,91713667	-0,018772483	-0,0030248165	-0,0043292632	-0,0034293868
41885	310,36035	-1	-0,95104611	-0,019073486	-0,0029495209	-0,0044361842	-0,0033670738
41885	310,86035	-1	-0,99845046	-0,0192523	-0,0029683262	-0,0042138202	-0,0034091957
41885	311,36035	-1	-0,96699965	-0,019362569	-0,002986148	-0,0042823246	-0,0033482797
41885	311,86035	-1	-0,93589538	-0,01860559	-0,0030023456	-0,0043035331	-0,0033492893
41885	312,36035	-1	-0,99200755	-0,019466877	-0,0029505938	-0,0042469865	-0,0033840947
41885	312,86035	-1	-1,0445975	-0,018465519	-0,0030518621	-0,004281343	-0,0034585744
41885	313,36035	-1	-0,98907763	-0,018519163	-0,0030044764	-0,0041830633	-0,0033924431
41885	313,86035	-1	-0,93163735	-0,018903613	-0,0030173659	-0,0041570654	-0,0033211187
41885	314,36035	-1	-0,98453093	-0,018820167	-0,0029873401	-0,0041665244	-0,0033767633
41885	314,86035	-1	-1,0163467	-0,018796325	-0,0029934645	-0,0042117527	-0,0033673681
41885	315,36035	-1	-0,95829928	-0,019127131	-0,002933383	-0,0041089519	-0,0032699518
41885	315,86035	-1	-0,92884153	-0,018459558	-0,002957359	-0,004121311	-0,003277652
41885	316,36035	-1	-0,98608994	-0,018131733	-0,0029681325	-0,0042422423	-0,0032900386
41885	316,86035	-1	-1,0220706	-0,018188357	-0,002974093	-0,0042615323	-0,0033607334
41885	317,36035	-1	-0,98052251	-0,018751621	-0,0029863417	-0,0041585676	-0,0033308007
41885	317,86035	-1	-0,97692382	-0,018885732	-0,0029435605	-0,0041953181	-0,00335842
41885	318,36035	-1	-1,008153	-0,018340349	-0,0029089153	-0,0042690877	-0,0033344999
41885	318,86035	-1	-1,0259022	-0,018692017	-0,0029637516	-0,0041162986	-0,0032835305
41885	319,36035	-1	-0,95974278	-0,018006563	-0,0028796643	-0,0041241962	-0,0033122972
41885	319,86035	-1	-0,94580835	-0,018203259	-0,0029345602	-0,0042595542	-0,0032455288
41885	320,36035	-1	-0,97939372	-0,018760562	-0,002949968	-0,0041433824	-0,003215123
41885	320,86035	-1	-1,0259264	-0,018432736	-0,0030058473	-0,0041680117	-0,0032508522
41885	321,36035	-1	-0,95071644	-0,01847446	-0,0029447675	-0,0041413447	-0,0032326132
41885	321,86035	-1	-0,96677428	-0,018045306	-0,0029415339	-0,0040982878	-0,003239166
41885	322,36035	-1	-1,0315571	-0,018426776	-0,0029062331	-0,004222387	-0,0032944269
41885	322,86035	-1	-1,0452439	-0,01834631	-0,0029583573	-0,004208094	-0,0032687224
41885	323,36035	-1	-0,95811301	-0,018328428	-0,0028909594	-0,0040829689	-0,0032181405
41885	323,86035	-1	-0,95436907	-0,018334389	-0,0028659254	-0,004137686	-0,0032164529
41885	324,36035	-1	-0,98903662	-0,017789006	-0,0029810816	-0,004204019	-0,0032131039
41885	324,86035	-1	-1,0141935	-0,018641353	-0,0028665066	-0,0040857797	-0,0031940825
41885	325,36035	-1	-0,95024145	-0,018084049	-0,0028645247	-0,0040896912	-0,0031827539
41885	325,86035	-1	-0,96111	-0,018447638	-0,0028681606	-0,0041144993	-0,0031932965
41885	326,36035	-1	-1,0326524	-0,018334389	-0,0029325932	-0,0040195957	-0,0032275803
41885	326,86035	-1	-1,055371	-0,01719296	-0,0028789341	-0,0041039395	-0,0032572784
41885	327,36035	-1	-0,98011458	-0,017571449	-0,0028655678	-0,0041172658	-0,0032438152
41885	327,86035	-1	-0,96389282	-0,018367171	-0,002872467	-0,0040772576	-0,0031749569
41885	328,36035	-1	-1,0146983	-0,017738342	-0,0028785169	-0,0040516169	-0,0031844229
41885	328,86035	-1	-1,0246466	-0,018709898	-0,0028748959	-0,0041206419	-0,0031771325
41885	329,36035	-1	-0,94125795	-0,017932057	-0,0028380752	-0,0041457321	-0,0031582341
41885	329,86035	-1	-0,96323156	-0,018009543	-0,0027923882	-0,0041075982	-0,0030866414
41885	330,36035	-1	-1,0143853	-0,018304586	-0,0028096288	-0,004076886	-0,0031677671
41885	330,86035	-1	-1,0260437	-0,018188357	-0,0029692203	-0,0040542195	-0,0031510778
41885	331,36035	-1	-0,97604465	-0,018522143	-0,0028700083	-0,004097336	-0,0032543279
41885	331,86035	-1	-1,0051895	-0,017955899	-0,002888754	-0,0040389453	-0,0032340474
41885	332,36035	-1	-1,0356214	-0,017377734	-0,0029613823	-0,0041197492	-0,0032161847
41885	332,86035	-1	-1,0041277	-0,017252564	-0,0028000623	-0,0040518846	-0,0031628534
41885	333,36035	-1	-0,94963425	-0,017538667	-0,0028146803	-0,0039392821	-0,0031535029
41885	333,86035	-1	-0,96925724	-0,018632412	-0,0028827786	-0,0040547252	-0,0031213947
41885	334,36035	-1	-1,0067708	-0,018230081	-0,0027905554	-0,0040716059	-0,0031232946
41885	334,86035	-1	-1,0373536	-0,018543005	-0,0028608143	-0,004040001	-0,0031514391
41885	335,36035	-1	-0,97916275	-0,017368793	-0,0028349459	-0,0040093483	-0,0031887777
41885	335,86035	-1	-0,97591615	-0,017648935	-0,0028934479	-0,0041687256	-0,0030839443
41885	336,36035	-1	-1,0331534	-0,018391013	-0,0028636009	-0,0040604365	-0,0031412505
41885	336,86035	-1	-0,98898637	-0,017860532	-0,0028436035	-0,0039994428	-0,0031105466
41885	337,36035	-1	-0,9509958	-0,017929077	-0,0027865618	-0,0040908367	-0,0030554757
41885	337,86035	-1	-0,98577887	-0,017896295	-0,0028210133	-0,004037919	-0,0030772686
41885	338,36035	-1	-1,0539889	-0,017467141	-0,0029431581	-0,00402846	-0,0031209998
41885	338,86035	-1	-1,0239743	-0,017505884	-0,0028144419	-0,0040269578	-0,0031384677
41885	339,36035	-1	-0,9764843	-0,017684698	-0,0028581619	-0,0040146727	-0,0031061023
41885	339,86035	-1	-1,0216758	-0,017985702	-0,0028808564	-0,0039735492	-0,0031444281
41885	340,36035	-1	-1,0565258	-0,017082691	-0,0028560907	-0,0039843768	-0,0031363219
41885	340,86035	-1	-0,9938851	-0,018036366	-0,0028802454	-0,0039786804	-0,0030633509
41885	341,36035	-1	-0,95001984	-0,017750263	-0,0028420389	-0,0038776491	-0,0030600615
41885	341,86035	-1	-0,99153632	-0,017747283	-0,0028305054	-0,0039325599	-0,0030575879
41885	342,36035	-1	-1,0329653	-0,017535686	-0,0027858466	-0,0039426582	-0,0030404069
41885	342,86035	-1	-1,0005497	-0,016963482	-0,0028311014	-0,0039663063	-0,0030184872
41885	343,36035	-1	-0,96913052	-0,018081069	-0,0027910769	-0,0039211521	-0,0031394027
41885	343,86035	-1	-1,0234826	-0,017642975	-0,0028466284	-0,0040221983	-0,0030830093
41885	344,36035	-1	-1,0612402	-0,017499924	-0,0028665215	-0,0039544525	-0,003154356
41885	344,86035	-1	-1,0038856	-0,017660856	-0,0028081089	-0,0039234874	-0,0030876249
41885	345,36035	-1	-0,96530467	-0,017410517	-0,0028486252	-0,003934999	-0,0030852072
41885	345,86035	-1	-1,0018423	-0,017401576	-0,0028201342	-0,0039279787	-0,0030603148
41885	346,36035	-1	-1,0401253	-0,016900897	-0,002799347	-0,0039558355	-0,0030663684
41885	346,86035	-1	-0,97183883	-0,017336011	-0,0028089881	-0,0040633664	-0,002998922
41885	347,36035	-1	-0,97134525	-0,017637014	-0,0027696937	-0,0038599952	-0,0030300766
41885	347,86035	-1	-1,0333098	-0,017333031	-0,0027992427	-0,0039282911	-0,0030639656
41885	348,36035	-1	-1,0568053	-0,017634034	-0,0029075146	-0,0039586616	-0,0031261891
41885	348,86035	-1	-1,019366	-0,017866492	-0,0027147233	-0,003942614	-0,0030577108
41885	349,36035	-1	-0,98098254	-0,01744628	-0,0027897209	-0,0039656665	-0,0030612946
41885	349,86035	-1	-1,0207464	-0,017252564	-0,0027557015	-0,0039624539	-0,003059499
41885	350,36035	-1	-1,0609161	-0,017294288	-0,002792269	-0,0038648138	-0,0030531473
41885	350,86035	-1	-0,97319114	-0,01706481	-0,0027440488	-0,0039246324	-0,0030233003
41885	351,36035	-1	-0,9470098	-0,0177145	-0,0027815998	-0,003922476	-0,0029505864
41885	351,86035	-1	-1,022175	-0,016862154	-0,0028238297	-0,0038710011	-0,0030104965
41885	352,36035	-1	-1,0403674	-0,017547607	-0,0027602017	-0,003922238	-0,0030504912
41885	352,86035	-1	-0,98455882	-0,01706183	-0,0027960837	-0,0038894285	-0,0030134507
41885	353,36035	-1	-1,0029525	-0,017529726	-0,0027323812	-0,0039191889	-0,0030394606
41885	353,86035	-1	-1,0515954	-0,017276406	-0,002815783	-0,0038547448	-0,0030502975
41885	354,36035	-1	-1,0451618	-0,016084313	-0,0027746558	-0,0038624343	-0,0030421317
41885	354,86035	-1	-0,98724663	-0,017017126	-0,0027341992	-0,0039491579	-0,0030146651
41885	355,36035	-1	-0,95829737	-0,017818809	-0,0026772469	-0,0038017083	-0,0029929727
41885	355,86035	-1	-1,0224395	-0,016281009	-0,0027063787	-0,0038361836	-0,0029232018
41885	356,36035	-1	-1,0423697	-0,017261505	-0,0027883351	-0,0039296891	-0,0029960796
41885	356,86035	-1	-1,0226723	-0,017926097	-0,0027368516	-0,0038210282	-0,0030043684
41885	357,36035	-1	-1,0165516	-0,016897917	-0,0027724355	-0,0037807378	-0,0030450448
41885	357,86035	-1	-1,0559075	-0,016945601	-0,002751708	-0,0038891607	-0,003045056
41885	358,36035	-1	-1,0514129	-0,017806888	-0,0027327538	-0,003891347	-0,0030106008
41885	358,86035	-1	-0,97440553	-0,017514825	-0,0026556104	-0,0038333428	-0,0029484704
41885	359,36035	-1	-0,99392235	-0,017002225	-0,0026825517	-0,0038395894	-0,0029772483
41885	359,86035	-1	-1,0475311	-0,017210841	-0,0026891828	-0,0038269476	-0,0029531717
41885	360,36035	-1	-1,0437295	-0,016030669	-0,0027473718	-0,0037625481	-0,0029494427
41885	360,86035	-1	-0,9727515	-0,017595291	-0,0026910752	-0,0038041028	-0,0029683113
41885	361,36035	-1	-0,98180586	-0,017419457	-0,002701506	-0,0038835388	-0,0029136725
41885	361,86035	-1	-1,0554883	-0,016912818	-0,0027345568	-0,003752256	-0,0029598027
41885	362,36035	-1	-1,037376	-0,017541647	-0,0027486235	-0,0039095515	-0,0029379725
41885	362,86035	-1	-0,95270574	-0,017517805	-0,0027189851	-0,0038201953	-0,0028585345
41885	363,36035	-1	-0,97739697	-0,016781688	-0,002697736	-0,0038234375	-0,0028463192
41885	363,86035	-1	-1,0232962	-0,017568469	-0,0027044713	-0,0038584038	-0,0029058717
41885	364,36035	-1	-1,0107048	-0,017887354	-0,002684325	-0,0038524992	-0,0028689466
41885	364,86035	-1	-0,95565617	-0,016897917	-0,0026698858	-0,0037206216	-0,0028846748
41885	365,36035	-1	-0,98570061	-0,016251206	-0,0026863366	-0,003727597	-0,0028561279
41885	365,86035	-1	-1,0388811	-0,016900897	-0,0027390718	-0,0038193029	-0,002860155
41885	366,36035	-1	-1,0220279	-0,016289949	-0,002695471	-0,0037677388	-0,0028540194
41885	366,86035	-1	-0,97171032	-0,017508864	-0,0026665926	-0,0037575508	-0,0028224327
41885	367,36035	-1	-1,0111816	-0,017735362	-0,0027098209	-0,0037777631	-0,0028703697
41885	367,86035	-1	-1,0417253	-0,016719103	-0,0028116703	-0,0037760527	-0,0028438233
41885	368,36035	-1	-1,0254942	-0,017261505	-0,0027199537	-0,0037253809	-0,00291574
41885	368,86035	-1	-0,97966194	-0,017350912	-0,0026804209	-0,0038401843	-0,0028792061
41885	369,36035	-1	-1,0454674	-0,016635656	-0,0027004927	-0,0037445223	-0,0028629117
41885	369,86035	-1	-1,1009071	-0,017127395	-0,0027356744	-0,0037829983	-0,0028923303
41885	370,36035	-1	-1,0513998	-0,017186999	-0,0026331842	-0,0037695384	-0,002858188
41885	370,86035	-1	-0,98720008	-0,01706779	-0,002665624	-0,0038194517	-0,0029333606
41885	371,36035	-1	-1,0152962	-0,016841292	-0,0027076453	-0,0037828495	-0,0028579459
41885	371,86035	-1	-1,0548606	-0,017169118	-0,0027456582	-0,003847606	-0,0028831102
41885	372,36035	-1	-1,031829	-0,016072392	-0,0027011633	-0,0037336503	-0,0028669871
41885	372,86035	-1	-0,94963241	-0,017091632	-0,002676487	-0,0037773764	-0,0028049871
41885	373,36035	-1	-0,99754703	-0,01719892	-0,0026941895	-0,0037999682	-0,0028231964
41885	373,86035	-1	-1,041256	-0,016885996	-0,0027494431	-0,0037969342	-0,0028239749
41885	374,36035	-1	-0,9990167	-0,016745925	-0,0027268529	-0,0037138395	-0,0027751997
41885	374,86035	-1	-0,9617824	-0,016525388	-0,0026232153	-0,0037761866	-0,0027730465
41885	375,36035	-1	-1,0073818	-0,01603663	-0,0027226955	-0,0037735391	-0,0028155148
41885	375,86035	-1	-1,0343846	-0,016856194	-0,0027040094	-0,0037287124	-0,0027926452
41885	376,36035	-1	-1,0029114	-0,016009808	-0,0026302785	-0,0036987138	-0,0028181411
41885	376,86035	-1	-0,97450054	-0,017097592	-0,0026614219	-0,0037865529	-0,0027393512
41885	377,36035	-1	-1,0106452	-0,016534328	-0,0026822686	-0,0036944454	-0,0027946047
41885	377,86035	-1	-1,0447595	-0,016844273	-0,0026828945	-0,003708753	-0,0028171949
41885	378,36035	-1	-0,9881258	-0,016379356	-0,0026579797	-0,0037361041	-0,0027390383
41885	378,86035	-1	-0,95173717	-0,017172098	-0,0027127862	-0,0037341707	-0,0027046837
41885	379,36035	-1	-0,99053794	-0,017166138	-0,0026994646	-0,0037681551	-0,0026987158
41885	379,86035	-1	-1,0164566	-0,016102195	-0,0027102083	-0,003642435	-0,0027454644
41885	380,36035	-1	-0,97275901	-0,017270446	-0,0026354045	-0,0038210878	-0,0027591661
41885	380,86035	-1	-0,95526314	-0,017103553	-0,0025782734	-0,00366348	-0,002728276
41885	381,36035	-1	-1,0201447	-0,01654923	-0,0026710927	-0,0036932109	-0,0027670525
41885	381,86035	-1	-1,0525733	-0,016137958	-0,0026062131	-0,0037329067	-0,0028092749
41885	382,36035	-1	-1,0015666	-0,017160177	-0,0026706457	-0,0036950402	-0,0027772412
41885	382,86035	-1	-0,9843204	-0,016656518	-0,0026535541	-0,0036334964	-0,0027916357
41885	383,36035	-1	-1,0393336	-0,016355515	-0,0026799142	-0,0037661919	-0,0028167069
41885	383,86035	-1	-1,0649301	-0,016754866	-0,0026841909	-0,0037771682	-0,0028063394
41885	384,36035	-1	-0,99126065	-0,016433001	-0,0026310235	-0,0037151633	-0,0027682818
41885	384,86035	-1	-0,97594786	-0,01668036	-0,0025879145	-0,0037330107	-0,0027485862
41885	385,36035	-1	-1,0288861	-0,015732646	-0,002626881	-0,0038093382	-0,0027586669
41885	385,86035	-1	-1,0454618	-0,016346574	-0,0026604235	-0,0036907569	-0,0027624667
41885	386,36035	-1	-0,95252323	-0,015768409	-0,0025768131	-0,0036724037	-0,0027541406
41885	386,86035	-1	-0,9610914	-0,016239285	-0,0025645047	-0,0037205324	-0,0026942194
41885	387,36035	-1	-1,0203868	-0,016459823	-0,0025924295	-0,0036162292	-0,0027154833
41885	387,86035	-1	-1,0178052	-0,016131997	-0,0025863796	-0,0037109691	-0,0027220175
41885	388,36035	-1	-0,9765085	-0,01655519	-0,0026654899	-0,0037164274	-0,00269036
41885	388,86035	-1	-0,99384969	-0,016641617	-0,0026214123	-0,0037251578	-0,0027389266
41885	389,36035	-1	-1,0500178	-0,016146898	-0,0026468337	-0,0037018817	-0,0028056726
41885	389,86035	-1	-1,0645334	-0,016519427	-0,0026063919	-0,0037068939	-0,0027785338
41885	390,36035	-1	-0,99296683	-0,016200542	-0,0026268214	-0,0037069088	-0,0026935749
41885	390,86035	-1	-0,99702364	-0,016391277	-0,0025779903	-0,003627711	-0,0027683116
41885	391,36035	-1	-1,0599177	-0,01655221	-0,002564311	-0,0037153715	-0,0027441047
41885	391,86035	-1	-1,0535549	-0,016725063	-0,0026410669	-0,0037179892	-0,0027024932
41885	392,36035	-1	-0,98327172	-0,015807152	-0,0025545806	-0,003635311	-0,0027687736
41885	392,86035	-1	-0,97523814	-0,016763806	-0,0026322007	-0,0036979553	-0,0026935153
41885	393,36035	-1	-1,0525621	-0,016236305	-0,0026115179	-0,0037993435	-0,0027030036
41885	393,86035	-1	-1,0264665	-0,016629696	-0,0026624203	-0,003649916	-0,0026797168
41885	394,36035	-1	-0,95335579	-0,016096234	-0,0026318133	-0,0036662167	-0,0026421957
41885	394,86035	-1	-0,98393857	-0,016108155	-0,0026131123	-0,0036150096	-0,0026457123
41885	395,36035	-1	-1,0491461	-0,015920401	-0,0026151687	-0,003660907	-0,002614513
41885	395,86035	-1	-1,0283831	-0,015988946	-0,0025516152	-0,0037430499	-0,0026975572
41885	396,36035	-1	-1,0048933	-0,016263127	-0,0026191622	-0,0037684527	-0,0027458742
41885	396,86035	-1	-1,0164585	-0,016185641	-0,0026584715	-0,0037870139	-0,0027106814
41885	397,36035	-1	-1,0415875	-0,016185641	-0,0026393533	-0,0036651012	-0,0026816428
41885	397,86035	-1	-1,0256041	-0,015857816	-0,0026534796	-0,0037077565	-0,0027099289
41885	398,36035	-1	-0,9656921	-0,016266108	-0,0025387257	-0,0036898199	-0,0026231334
41885	398,86035	-1	-0,99183249	-0,016021729	-0,0025758296	-0,0036149053	-0,0026388653
41885	399,36035	-1	-1,0415577	-0,015974045	-0,0025655329	-0,0036346565	-0,0026217103
41885	399,86035	-1	-1,0158195	-0,015857816	-0,0026558042	-0,0037127093	-0,002622027
41885	400,36035	-1	-0,95718539	-0,016561151	-0,0025699437	-0,0036707232	-0,002581533
41885	400,86035	-1	-1,0029413	-0,016209483	-0,0025493205	-0,0036679569	-0,0027156249
41885	401,36035	-1	-1,0538138	-0,015965104	-0,0026047677	-0,0037110881	-0,0026434846
41885	401,86035	-1	-1,0262709	-0,015723705	-0,0025806129	-0,0037374874	-0,0026618876
41885	402,36035	-1	-0,99783766	-0,016388297	-0,0026498139	-0,0036680312	-0,002646517
41885	402,86035	-1	-1,0309536	-0,015509129	-0,00262402	-0,0036843913	-0,0027120449
41885	403,36035	-1	-1,0621939	-0,014972687	-0,0026039332	-0,0036319348	-0,0026932359
41885	403,86035	-1	-1,0162964	-0,016245246	-0,0025743842	-0,0036855813	-0,0025670789
41885	404,36035	-1	-0,9630304	-0,016984344	-0,0025684237	-0,0036678675	-0,0026661456
41885	404,86035	-1	-0,9880476	-0,016486645	-0,0025550425	-0,0037004391	-0,0026060641
41885	405,36035	-1	-1,0362175	-0,015866756	-0,0026227385	-0,0037477198	-0,0026097
41885	405,86035	-1	-0,98455322	-0,015860796	-0,0025864393	-0,0036936125	-0,0025796555
41885	406,36035	-1	-0,93814731	-0,015616417	-0,0025181472	-0,003710523	-0,0026314333
41885	406,86035	-1	-0,99195725	-0,015953183	-0,0025278926	-0,0037339625	-0,0026094243
41885	407,36035	-1	-1,0316614	-0,01565814	-0,0025523454	-0,0036256437	-0,0025743283
41885	407,86035	-1	-0,98992699	-0,01629591	-0,0025722682	-0,0037097048	-0,0025683753
41885	408,36035	-1	-0,95374882	-0,015631318	-0,0025868565	-0,0036581706	-0,0025739595
41885	408,86035	-1	-1,0034945	-0,016313791	-0,0025723577	-0,0036530988	-0,002583608
41885	409,36035	-1	-1,061162	-0,01591742	-0,0026010126	-0,0037341262	-0,002665326
41885	409,86035	-1	-1,0107551	-0,015759468	-0,0024816543	-0,0036667818	-0,002632957
41885	410,36035	-1	-0,98761731	-0,016638637	-0,0025292337	-0,0037646154	-0,0026417114
41885	410,86035	-1	-1,0177474	-0,016304851	-0,0025228858	-0,0036458557	-0,0026347004
41885	411,36035	-1	-1,0783821	-0,015640259	-0,00260593	-0,0036620076	-0,0026603565
41885	411,86035	-1	-0,9951908	-0,014945865	-0,0025535971	-0,0037292033	-0,0026038773
41885	412,36035	-1	-0,96600688	-0,016027689	-0,0025571883	-0,0035866173	-0,0025807396
41885	412,86035	-1	-1,01077	-0,015461445	-0,0025414079	-0,0036558504	-0,0026310422
41885	413,36035	-1	-1,0491834	-0,016072392	-0,002489686	-0,0037014207	-0,0026399158
41885	413,86035	-1	-0,9714551	-0,01603663	-0,0025612414	-0,0035446906	-0,0026012473
41885	414,36035	-1	-0,95568228	-0,015988946	-0,0025132746	-0,0035513239	-0,0025298111
41885	414,86035	-1	-1,0088961	-0,016143918	-0,0025574565	-0,0036276663	-0,0025390647
41885	415,36035	-1	-1,0241754	-0,015759468	-0,0025757551	-0,0037063586	-0,0025439672
41885	415,86035	-1	-0,98052806	-0,01603663	-0,0025139749	-0,0035813225	-0,0025689267
41885	416,36035	-1	-0,97299182	-0,015649199	-0,002475515	-0,0035546406	-0,0025703125
41885	416,86035	-1	-1,0353997	-0,015905499	-0,002569586	-0,003671898	-0,0026458502
41885	417,36035	-1	-1,0548923	-0,015690923	-0,0025478154	-0,0036671238	-0,0026527382
41885	417,86035	-1	-0,98543614	-0,016418099	-0,0025674701	-0,0036619778	-0,0026180707
41885	418,36035	-1	-0,97505188	-0,016394258	-0,0025312006	-0,0037977225	-0,0025387891
41885	418,86035	-1	-1,0045413	-0,015887618	-0,0025450289	-0,003646882	-0,0025743507
41885	419,36035	-1	-1,0334756	-0,016060472	-0,0025690347	-0,0036511505	-0,0025996454
41885	419,86035	-1	-0,93989259	-0,015231967	-0,0024790317	-0,0036317266	-0,0025025122
41885	420,36035	-1	-0,94586611	-0,016087294	-0,0025432706	-0,0035633859	-0,00255467
41885	420,86035	-1	-0,98238885	-0,01553297	-0,0025091916	-0,0036991155	-0,0025167689
41885	421,36035	-1	-1,0338333	-0,01630187	-0,0024642944	-0,003668864	-0,0025656447
41885	421,86035	-1	-0,98714048	-0,015544891	-0,0025082231	-0,003663138	-0,0025160462
41885	422,36035	-1	-0,98135322	-0,015854836	-0,0025565773	-0,0035705098	-0,002639126
41885	422,86035	-1	-1,0334067	-0,015708804	-0,0025115907	-0,0036531137	-0,0026495382
41885	423,36035	-1	-1,0547247	-0,014793873	-0,0024584979	-0,0037300212	-0,0025557354
41885	423,86035	-1	-0,96847486	-0,015041232	-0,0025628209	-0,0036474026	-0,0025583543
41885	424,36035	-1	-0,95212829	-0,016716123	-0,0024567246	-0,0036559694	-0,0025540851
41885	424,86035	-1	-1,016086	-0,015994906	-0,0025527626	-0,0036540062	-0,0025392883
41885	425,36035	-1	-1,0226891	-0,016134977	-0,0025718957	-0,0036351474	-0,0024787076
41885	425,86035	-1	-0,94849241	-0,015413761	-0,0024378598	-0,0037016885	-0,0024600737
41885	426,36035	-1	-0,9720605	-0,01578927	-0,0025190264	-0,0035894432	-0,0024912059
41885	426,86035	-1	-1,0483265	-0,016072392	-0,0025794506	-0,0035884762	-0,0025598854
41885	427,36035	-1	-1,0487903	-0,015860796	-0,0025088936	-0,0036632421	-0,0025616251
41885	427,86035	-1	-0,99697894	-0,015538931	-0,0024728626	-0,0036628703	-0,0025226325
41885	428,36035	-1	-1,0018219	-0,016283989	-0,0024682134	-0,0036475067	-0,0025535971
41885	428,86035	-1	-1,0408517	-0,016006827	-0,0024939328	-0,0036553149	-0,0025993697
41885	429,36035	-1	-1,0510404	-0,015470386	-0,0024924278	-0,0036829934	-0,0025359876
41885	429,86035	-1	-0,96744299	-0,014942884	-0,0024272352	-0,0035288809	-0,0025245808
41885	430,36035	-1	-0,97783279	-0,015491247	-0,0025453866	-0,003553659	-0,0025286004
41885	430,86035	-1	-1,0270588	-0,015839934	-0,0024802089	-0,0035712535	-0,0025545694
41885	431,36035	-1	-1,0161754	-0,015640259	-0,00254637	-0,0036415129	-0,0025258809
41885	431,86035	-1	-0,94784796	-0,015506148	-0,0025301576	-0,0035968944	-0,0024608411
41885	432,36035	-1	-0,96056426	-0,015237927	-0,0024409145	-0,0036388508	-0,0024555475
41885	432,86035	-1	-1,0182801	-0,015941262	-0,0024009645	-0,0035625233	-0,0024786368
41885	433,36035	-1	-1,029905	-0,015899539	-0,0025200844	-0,0035574217	-0,0025040023
41885	433,86035	-1	-0,95447898	-0,015604496	-0,0024879873	-0,003556797	-0,0024935901
41885	434,36035	-1	-0,99073911	-0,016501546	-0,0025065094	-0,0036003152	-0,0025381856
41885	434,86035	-1	-1,0567251	-0,014910102	-0,0025264174	-0,0034652101	-0,0025506206
41885	435,36035	-1	-1,0346248	-0,015747547	-0,0025052428	-0,0035964332	-0,0025863647
41885	435,86035	-1	-0,98790228	-0,015676022	-0,0024483204	-0,0035332832	-0,0025614053
41885	436,36035	-1	-0,98988229	-0,015962124	-0,002524212	-0,0035465052	-0,0025211573
41885	436,86035	-1	-1,0393318	-0,015562773	-0,0025846362	-0,003609343	-0,0025101751
41885	437,36035	-1	-1,0243337	-0,015535951	-0,0025012791	-0,0036021741	-0,0025480278
41885	437,86035	-1	-0,96485019	-0,015574694	-0,0025205463	-0,003525475	-0,0025059134
41885	438,36035	-1	-0,9842664	-0,014975667	-0,0024658144	-0,0035693797	-0,0025596172
41885	438,86035	-1	-1,0144413	-0,01514852	-0,0024591982	-0,0036033194	-0,0025409199
41885	439,36035	-1	-1,0074172	-0,015982985	-0,0024295002	-0,0034766474	-0,0024543628
41885	439,86035	-1	-0,94387305	-0,01502037	-0,0024813712	-0,0034589041	-0,0024210028
41885	440,36035	-1	-0,96433049	-0,01642406	-0,0024976879	-0,003538087	-0,0024505705
41885	440,86035	-1	-1,0276046	-0,015202165	-0,0024828315	-0,0035562618	-0,0024538077
41885	441,36035	-1	-1,0059681	-0,015762448	-0,0025103241	-0,0035401841	-0,002499029
41885	441,86035	-1	-0,96108204	-0,015830994	-0,0024378002	-0,0036048216	-0,0025088862
41885	442,36035	-1	-0,98974258	-0,015792251	-0,0024917126	-0,0035819621	-0,0025082603
41885	442,86035	-1	-1,0647197	-0,015240908	-0,0024685115	-0,0035187525	-0,0025162883
41885	443,36035	-1	-1,023259	-0,015893579	-0,0025227964	-0,0035145881	-0,0024868473
41885	443,86035	-1	-0,98650157	-0,015857816	-0,0024757236	-0,0035897405	-0,0024871454
41885	444,36035	-1	-1,0144691	-0,015848875	-0,0024801791	-0,003540779	-0,0025113039
41885	444,86035	-1	-1,0545049	-0,015294552	-0,0024964958	-0,0035112565	-0,0025423802
41885	445,36035	-1	-1,0122787	-0,015854836	-0,0025420338	-0,0036027988	-0,0024552867
41885	445,86035	-1	-0,95679986	-0,01591742	-0,002510801	-0,0034779562	-0,0024890527
41885	446,36035	-1	-0,98025799	-0,016048551	-0,0024882555	-0,0034968001	-0,0025252812
41885	446,86035	-1	-1,0235012	-0,016158819	-0,0024639964	-0,0036399513	-0,0024592727
41885	447,36035	-1	-0,97801161	-0,015965104	-0,0025018454	-0,0036077665	-0,0023812763
41885	447,86035	-1	-0,95131624	-0,015947223	-0,002401039	-0,0035689631	-0,0024129711
41885	448,36035	-1	-0,99912286	-0,015333295	-0,0024001598	-0,0035789576	-0,0024644285
41885	448,86035	-1	-1,0549594	-0,015288591	-0,0024642944	-0,0037473629	-0,0025198832
41885	449,36035	-1	-1,0226406	-0,016006827	-0,0024331361	-0,0036109493	-0,0025589876
41885	449,86035	-1	-0,98171085	-0,014957786	-0,0023512244	-0,0035465052	-0,0024917834
41885	450,36035	-1	-0,99440849	-0,016030669	-0,0025344342	-0,0036118415	-0,0024066344
41885	450,86035	-1	-1,0293517	-0,016006827	-0,0024840385	-0,0036056545	-0,0025104247
41885	451,36035	-1	-0,9907819	-0,015634298	-0,0024677068	-0,0036127339	-0,0024681501
41885	451,86035	-1	-0,94322115	-0,015065074	-0,0024189055	-0,0036467928	-0,0024365224
41885	452,36035	-1	-1,0041837	-0,014486909	-0,0024568141	-0,003452345	-0,0023553707
41885	452,86035	-1	-1,0287203	-0,014707446	-0,0024291873	-0,0036569806	-0,0024490692
41885	453,36035	-1	-0,99758434	-0,015881658	-0,0024324059	-0,0035797162	-0,0024276972
41885	453,86035	-1	-0,96869469	-0,015667081	-0,0024659932	-0,0035601435	-0,0023941249
41885	454,36035	-1	-1,0388083	-0,016102195	-0,0024628043	-0,0035608425	-0,0024438277
41885	454,86035	-1	-1,0564793	-0,015455484	-0,0025490969	-0,0036454245	-0,0024729334
41885	455,36035	-1	-1,0140855	-0,015443563	-0,0024906248	-0,0036298824	-0,0024776906
41885	455,86035	-1	-0,9790622	-0,015598536	-0,0024375021	-0,0035265309	-0,0024332404
41885	456,36035	-1	-1,0316167	-0,01501441	-0,0024752319	-0,0036244092	-0,0024313033
41885	456,86035	-1	-1,0470543	-0,015741587	-0,0025125593	-0,0036779812	-0,0024311729
41885	457,36035	-1	-0,99750608	-0,015753508	-0,0024748743	-0,003516343	-0,0024369732
41885	457,86035	-1	-0,97317809	-0,015440583	-0,0024724603	-0,0036095362	-0,0024666637
41885	458,36035	-1	-1,0290016	-0,015676022	-0,0024343431	-0,0036454988	-0,0024298467
41885	458,86035	-1	-1,0623615	-0,015592575	-0,0025004148	-0,0036193077	-0,0024130829
41885	459,36035	-1	-0,99103153	-0,015345216	-0,0024891943	-0,0036248404	-0,0024213344
41885	459,86035	-1	-0,95401144	-0,015729666	-0,0024389178	-0,0036247512	-0,0023908205
41885	460,36035	-1	-1,0066499	-0,014963746	-0,002445668	-0,0035762656	-0,0023365431
41885	460,86035	-1	-1,0363814	-0,015702844	-0,0024608225	-0,0035464158	-0,0024229586
41885	461,36035	-1	-0,96238405	-0,015059114	-0,0024941415	-0,0035995119	-0,00236715
41885	461,86035	-1	-0,97576714	-0,015282631	-0,002400443	-0,003534934	-0,002413705
41885	462,36035	-1	-1,0457356	-0,015589595	-0,0024733692	-0,0036521172	-0,0024360642
41885	462,86035	-1	-1,0624286	-0,015544891	-0,0024821311	-0,0036122282	-0,0024701096
41885	463,36035	-1	-1,0108073	-0,015476346	-0,0024748743	-0,0035547893	-0,0024722703
41885	463,86035	-1	-1,0058414	-0,014907122	-0,0025225729	-0,0035681897	-0,0024687722
41885	464,36035	-1	-1,0206699	-0,016266108	-0,0025362968	-0,003623591	-0,0024535656
41885	464,86035	-1	-1,0382198	-0,014567375	-0,0025072247	-0,0037320885	-0,0023940317
41885	465,36035	-1	-0,97834694	-0,015982985	-0,0025067031	-0,003559266	-0,0024196804
41885	465,86035	-1	-0,95548296	-0,01514852	-0,0024845302	-0,0036086736	-0,002366323
41885	466,36035	-1	-1,0122825	-0,015628338	-0,0025024861	-0,0036325445	-0,002366852
41885	466,86035	-1	-1,0171309	-0,015747547	-0,0024401397	-0,0035947228	-0,0023924634
41885	467,36035	-1	-0,95949137	-0,015488267	-0,0025051534	-0,0035547148	-0,0023357831
41885	467,86035	-1	-0,94851291	-0,01514852	-0,002432555	-0,0036445917	-0,0023699552
41885	468,36035	-1	-1,0124277	-0,015261769	-0,0025211871	-0,0035671932	-0,0023604073
41885	468,86035	-1	-1,0208209	-0,01552701	-0,0024641305	-0,003700692	-0,0023285151
41885	469,36035	-1	-0,95229411	-0,014960766	-0,0023936033	-0,0036293915	-0,0023475699
41885	469,86035	-1	-0,96958315	-0,015419722	-0,0024197996	-0,0035631924	-0,0023599826
41885	470,36035	-1	-1,0280311	-0,014957786	-0,0024309307	-0,0035550867	-0,0023674294
41885	470,86035	-1	-1,0415055	-0,015291572	-0,0025107265	-0,0035488403	-0,0024346113
41885	471,36035	-1	-0,98953772	-0,015118718	-0,0025327653	-0,003580326	-0,0023832135
41885	471,86035	-1	-0,99251044	-0,015559793	-0,0024805218	-0,0036001068	-0,0024406388
41885	472,36035	-1	-1,047045	-0,015318394	-0,0024529994	-0,0036279638	-0,0023862831
41885	472,86035	-1	-1,0294225	-0,015363097	-0,0024970174	-0,0036014752	-0,0024215244
41885	473,36035	-1	-0,96530652	-0,014954805	-0,0024002045	-0,0034876235	-0,0023475327
41885	473,86035	-1	-0,98155439	-0,015065074	-0,0024755746	-0,0035562618	-0,0023940913
41885	474,36035	-1	-1,0158215	-0,014966726	-0,0024578571	-0,0036596577	-0,0023600832
41885	474,86035	-1	-1,0282509	-0,014939904	-0,0024862736	-0,0036043902	-0,0023968928
41885	475,36035	-1	-0,93064272	-0,014919043	-0,0024697781	-0,0035872567	-0,0023209155
41885	475,86035	-1	-0,96842277	-0,015732646	-0,0024680346	-0,0035883721	-0,0023215711
41885	476,36035	-1	-1,0115169	-0,01463294	-0,0024845153	-0,0035768903	-0,0023095757
41885	476,86035	-1	-0,99210256	-0,015297532	-0,0024277717	-0,003581858	-0,0023452975
41885	477,36035	-1	-0,93672425	-0,015839934	-0,0024175048	-0,0036535154	-0,0023297779
41885	477,86035	-1	-0,95735121	-0,015631318	-0,0024810284	-0,0036645806	-0,0023089424
41885	478,36035	-1	-0,99875218	-0,015231967	-0,0024418682	-0,0036150096	-0,0023173131
41885	478,86035	-1	-0,9881891	-0,014832616	-0,0024542361	-0,0035183954	-0,0023160204
41885	479,36035	-1	-0,93608534	-0,015163422	-0,0024054646	-0,0036243198	-0,0023364164
41885	479,86035	-1	-0,95787275	-0,015306473	-0,0024289936	-0,0035581952	-0,0023116432
41885	480,36035	-1	-1,0138769	-0,01527667	-0,0024596751	-0,003607692	-0,0022957996
41885	480,86035	-1	-0,98457748	-0,015562773	-0,0024710447	-0,0036254651	-0,002372887
41885	481,36035	-1	-0,9433068	-0,014793873	-0,0024459362	-0,0035028534	-0,0023222752
41885	481,86035	-1	-0,94425678	-0,015246868	-0,0024271309	-0,0036475959	-0,0023381636
41885	482,36035	-1	-1,0221283	-0,015035272	-0,0024865568	-0,0036055355	-0,0023903027
41885	482,86035	-1	-1,0015126	-0,015342236	-0,0024595708	-0,0034712486	-0,0023069456
41885	483,36035	-1	-0,94018316	-0,015386939	-0,0024861097	-0,003558106	-0,0023559295
41885	483,86035	-1	-0,97393245	-0,01540482	-0,00248833	-0,0035418649	-0,0023835637
41885	484,36035	-1	-1,0351632	-0,015088916	-0,0024395287	-0,0035761914	-0,0023951419
41885	484,86035	-1	-1,0131299	-0,015589595	-0,0024582595	-0,0035602625	-0,0023868158
41885	485,36035	-1	-0,96685255	-0,014984608	-0,0024720281	-0,0035686954	-0,0023749508
41885	485,86035	-1	-1,0068585	-0,015410781	-0,0025136471	-0,0035913617	-0,0023911819
41885	486,36035	-1	-1,0421276	-0,015822053	-0,0024996251	-0,0034922489	-0,0024465322
41885	486,86035	-1	-1,0159798	-0,014525652	-0,0024569482	-0,0035678179	-0,0024151355
41885	487,36035	-1	-0,96591562	-0,015845895	-0,0024775714	-0,003617642	-0,0023807622
41885	487,86035	-1	-0,9970721	-0,015369058	-0,002504915	-0,0035409278	-0,0023593865
41885	488,36035	-1	-1,0191351	-0,014916062	-0,002502203	-0,0035654681	-0,0024038851
41885	488,86035	-1	-0,99408442	-0,01411438	-0,0025459677	-0,0035972958	-0,0024180859
41885	489,36035	-1	-0,9495672	-0,015759468	-0,002509594	-0,0034911484	-0,0023529939
41885	489,86035	-1	-0,99473631	-0,015181303	-0,0024802089	-0,003554953	-0,002357427
41885	490,36035	-1	-1,0272135	-0,015327334	-0,0025371909	-0,003600806	-0,0023409426
41885	490,86035	-1	-0,99955314	-0,015032291	-0,0024356991	-0,0035544918	-0,0023622289
41885	491,36035	-1	-0,96957386	-0,01539886	-0,0024853647	-0,0034878317	-0,0023444109
41885	491,86035	-1	-1,007991	-0,015237927	-0,0024285167	-0,0035753734	-0,0023999736
41885	492,36035	-1	-1,046814	-0,01514256	-0,002393961	-0,0035667024	-0,0023697354
41885	492,86035	-1	-1,0024495	-0,014340878	-0,0023807138	-0,0034796367	-0,0023570061
41885	493,36035	-1	-0,95020235	-0,014802814	-0,0023926347	-0,0035412996	-0,0023695305
41885	493,86035	-1	-0,9913221	-0,015488267	-0,002431944	-0,0035618539	-0,0023957677
41885	494,36035	-1	-1,0428951	-0,014933944	-0,0024955273	-0,0035189607	-0,0023935251
41885	494,86035	-1	-0,97598881	-0,015625358	-0,0024713129	-0,0034968448	-0,0023292191
41885	495,36035	-1	-0,96033883	-0,015088916	-0,0024628043	-0,0035338036	-0,0023389161
41885	495,86035	-1	-1,0017734	-0,015056133	-0,002457723	-0,0034718732	-0,0023418181
41885	496,36035	-1	-1,026921	-0,014671683	-0,0024238229	-0,003620676	-0,0023554079
41885	496,86035	-1	-0,99293143	-0,015103817	-0,0024580508	-0,0035469364	-0,0023230053
41885	497,36035	-1	-0,93845093	-0,014859438	-0,0024397224	-0,0034699249	-0,0023347475
41885	497,86035	-1	-0,99916571	-0,01488626	-0,0024838299	-0,0034013314	-0,0023427233
41885	498,36035	-1	-1,0286998	-0,014188886	-0,0024576485	-0,0035869593	-0,0023440681
41885	498,86035	-1	-0,98877585	-0,015127659	-0,002465263	-0,0034900329	-0,0023677573
41885	499,36035	-1	-0,95383823	-0,015151501	-0,0024436712	-0,0034654185	-0,0023052432
41885	499,86035	-1	-0,99800158	-0,014156103	-0,0025586486	-0,0035282711	-0,0022884198
41885	500,36035	-1	-1,0495298	-0,014168024	-0,0024646074	-0,003545806	-0,0023439936
41885	500,86035	-1	-1,0067747	-0,014972687	-0,0024574548	-0,0034639162	-0,0023609921
41885	501,36035	-1	-0,97130984	-0,015121698	-0,0024919957	-0,0034690921	-0,0023365058
41885	501,86035	-1	-1,0125078	-0,014913082	-0,0025018901	-0,003554224	-0,0023996979
41885	502,36035	-1	-1,0707657	-0,014403462	-0,0024713278	-0,0034680509	-0,0023918636
41885	502,86035	-1	-0,99347162	-0,015354156	-0,0024466068	-0,0035205372	-0,0024022013
41885	503,36035	-1	-0,97595525	-0,014260411	-0,0024783015	-0,0035434563	-0,0023525208
41885	503,86035	-1	-1,0195765	-0,014549494	-0,0025279969	-0,0034673221	-0,002385512
41885	504,36035	-1	-1,0513551	-0,01513958	-0,0025145411	-0,003496116	-0,0023635961
41885	504,86035	-1	-1,0075681	-0,015354156	-0,0024941415	-0,0034254254	-0,0023334287
41885	505,36035	-1	-0,97819978	-0,014457107	-0,0024456531	-0,0034443883	-0,0023279041
41885	505,86035	-1	-1,0201056	-0,014284253	-0,0024695247	-0,0034805143	-0,0023411177
41885	506,36035	-1	-1,0681338	-0,01501143	-0,0024181008	-0,0035253561	-0,002365794
41885	506,86035	-1	-1,0042713	-0,015217066	-0,0024171323	-0,0034619828	-0,0023239702
41885	507,36035	-1	-0,97578019	-0,014582276	-0,002395317	-0,0035278993	-0,002323512
41885	507,86035	0	0,59462714	0,086221099	-0,0018771887	-0,0027585863	-0,0017770045

Datenerfassung						Zeit:	508,35449	s	03.09.2014 08:52:27
Ch 1 Kraft	Ch 1 W2TK Mittel	1944 A	1944 B	1281068
kN	mm	mm	mm	mm
0,70084816	0,00023124112	0,00032134587	0,11830112	0,0042619486
-138,22148	6,5578533e-05	-0,00014961115	-0,05160141	-0,05496306
