-6.167214399999999763e+00
-8.237126399999999293e+00
-1.038216300000000025e+01
-1.252973000000000070e+01
-1.455285100000000043e+01
-1.645530300000000068e+01
-1.836936199999999886e+01
-2.037135299999999916e+01
-2.224304800000000171e+01
-2.421876699999999971e+01
-2.615419800000000095e+01
-2.810310000000000130e+01
-3.002413400000000010e+01
-3.194639799999999852e+01
-3.394237100000000140e+01
-3.586915199999999970e+01
-3.783835599999999744e+01
-3.977205299999999966e+01
-4.172501400000000160e+01
-4.366640900000000158e+01
-4.560959199999999925e+01
-4.757567999999999842e+01
-4.950495500000000249e+01
-5.149680299999999988e+01
-5.341956299999999658e+01
-5.537799100000000152e+01
-5.732565699999999964e+01
-5.925296000000000163e+01
-6.123363499999999249e+01
-6.316474900000000048e+01
-6.514141800000000160e+01
-6.707835400000000448e+01
-6.900553899999999885e+01
-7.098797600000000330e+01
-7.294522100000000364e+01
-7.488142399999999554e+01
-7.683917200000000491e+01
-7.877637500000000159e+01
-8.073930400000000418e+01
-8.264438599999999724e+01
-8.465730299999999886e+01
-8.656708500000000583e+01
-8.852693200000000218e+01
-9.045941200000000038e+01
-9.242205800000000693e+01
-9.437239800000000400e+01
-9.630877700000000630e+01
-9.828656800000000260e+01
-1.002232800000000026e+02
-1.021886300000000034e+02
-1.041217199999999963e+02
-1.060842499999999973e+02
-1.080129199999999940e+02
