MTS793|MPT|DEU|1|2|,|.|:|49|1|1|A

Bediener Information			Würfeldruckfestigkeit (150mm)			Zeit:	18,871094	s	02.04.2024 08:25:33
Datum	2.4.2024
Prüfer: 	Mac
Probe	20240305_7188_M06_Z03
Protokoll Seite	-
Breite [mm]:	-
Höhe [mm]:	99
Länge Einfüllseite [mm]:	299
Masse [g]:	5460
Bediener Information Ende

Datenerfassung						Zeit:	149,31445	s	02.04.2024 08:27:43
Ch 1 Weg	Ch 1 Prüfkraft
mm	kN
4,9112	3,3234446
-0,80597299	-424,58322

Datenerfassung						Zeit:	149,31934	s	02.04.2024 08:27:43
Datum	Tageszeit	Laufzeit	Ch 1 Weg	Ch 1 Prüfkraft
d	d	s	mm	kN
45384	0,29101655	41,830078	0,00076385506	-14,791897
45384	0,29101887	42,030273	-0,0013218273	-15,446356
45384	0,2910212	42,230469	-0,0011666692	-16,045383
45384	0,29102349	42,430664	-0,0034925481	-16,996525
45384	0,29102582	42,630859	-0,004168381	-17,811916
45384	0,29102814	42,831055	-0,0057304045	-18,454155
45384	0,29103047	43,03125	-0,0071879951	-19,123367
45384	0,29103276	43,231445	-0,0079190284	-19,703468
45384	0,29103509	43,431641	-0,0096481452	-20,883194
45384	0,29103741	43,631836	-0,010917756	-21,314732
45384	0,29103974	43,832031	-0,012367887	-22,316984
45384	0,29104203	44,032227	-0,014714653	-22,918692
45384	0,29104435	44,232422	-0,016087204	-24,12211
45384	0,29104668	44,432617	-0,017429918	-24,885199
45384	0,291049	44,632813	-0,018251957	-25,675259
45384	0,2910513	44,833008	-0,019266453	-26,728621
45384	0,29105362	45,033203	-0,021353627	-27,854553
45384	0,29105595	45,233398	-0,02255461	-28,5634
45384	0,29105827	45,433594	-0,023722772	-29,573849
45384	0,29106057	45,633789	-0,02558616	-30,539593
45384	0,29106289	45,833984	-0,026097883	-31,427553
45384	0,29106522	46,03418	-0,028182074	-31,963549
45384	0,29106754	46,234375	-0,028919075	-32,907833
45384	0,29106984	46,43457	-0,029929094	-33,871643
45384	0,29107216	46,634766	-0,031953607	-34,878662
45384	0,29107448	46,834961	-0,031952117	-35,566051
45384	0,29107681	47,035156	-0,03407957	-36,515259
45384	0,2910791	47,235352	-0,034901612	-37,166439
45384	0,29108143	47,435547	-0,03504185	-38,244686
45384	0,29108375	47,635742	-0,037758607	-39,032509
45384	0,29108608	47,835938	-0,038077876	-39,577744
45384	0,29108837	48,036133	-0,041066159	-40,45438
45384	0,2910907	48,236328	-0,041471958	-41,237286
45384	0,29109302	48,436523	-0,043668043	-42,033009
45384	0,29109535	48,636719	-0,04451992	-42,767189
45384	0,29109764	48,836914	-0,045777593	-43,330898
45384	0,29109997	49,037109	-0,046256494	-44,031105
45384	0,29110229	49,237305	-0,047326192	-44,738312
45384	0,29110461	49,4375	-0,04757683	-45,54089
45384	0,29110691	49,637695	-0,049362641	-46,16346
45384	0,29110923	49,837891	-0,050163794	-47,376862
45384	0,29111156	50,038086	-0,051445339	-48,170944
45384	0,29111388	50,238281	-0,05342808	-48,97546
45384	0,29111618	50,438477	-0,054608177	-50,126572
45384	0,2911185	50,638672	-0,055870328	-50,753017
45384	0,29112083	50,838867	-0,056919135	-51,52758
45384	0,29112315	51,039063	-0,05856023	-52,230766
45384	0,29112545	51,239258	-0,058715388	-52,907429
45384	0,29112777	51,439453	-0,060577285	-53,504368
45384	0,2911301	51,639648	-0,06063696	-54,529865
45384	0,29113242	51,839844	-0,062084109	-55,118313
45384	0,29113472	52,040039	-0,063217953	-56,093296
45384	0,29113704	52,240234	-0,064668089	-57,001225
45384	0,29113936	52,44043	-0,065546818	-57,235321
45384	0,29114166	52,640625	-0,066762723	-58,412365
45384	0,29114398	52,84082	-0,067263998	-58,810673
45384	0,29114631	53,041016	-0,069651045	-59,229843
45384	0,29114863	53,241211	-0,071230978	-59,857777
45384	0,29115093	53,441406	-0,072500587	-60,597469
45384	0,29115325	53,641602	-0,072857149	-61,242989
45384	0,29115558	53,841797	-0,074569859	-62,039307
45384	0,2911579	54,041992	-0,075282983	-62,679161
45384	0,2911602	54,242188	-0,076470539	-63,366703
45384	0,29116252	54,442383	-0,077267222	-63,979141
45384	0,29116485	54,642578	-0,079239517	-64,973938
45384	0,29116717	54,842773	-0,080383807	-65,567154
45384	0,29116946	55,042969	-0,080995485	-66,261848
45384	0,29117179	55,243164	-0,083327338	-67,065018
45384	0,29117411	55,443359	-0,084764041	-67,887268
45384	0,29117644	55,643555	-0,085700952	-68,426544
45384	0,29117873	55,84375	-0,087049633	-69,14254
45384	0,29118106	56,043945	-0,088549003	-70,026924
45384	0,29118338	56,244141	-0,089714177	-71,124992
45384	0,29118571	56,444336	-0,092068404	-72,072258
45384	0,291188	56,644531	-0,092560731	-72,563255
45384	0,29119033	56,844727	-0,093109749	-73,598137
45384	0,29119265	57,044922	-0,094221219	-74,427238
45384	0,29119498	57,245117	-0,095866792	-75,226387
45384	0,29119727	57,445313	-0,096371055	-75,784584
45384	0,29119959	57,645508	-0,097877875	-76,410286
45384	0,29120192	57,845703	-0,09866859	-76,856873
45384	0,29120424	58,045898	-0,10147188	-77,70356
45384	0,29120654	58,246094	-0,10222827	-78,78553
45384	0,29120886	58,446289	-0,10330393	-79,705826
45384	0,29121119	58,646484	-0,10477197	-80,340614
45384	0,29121351	58,84668	-0,10556566	-81,220085
45384	0,29121581	59,046875	-0,1070516	-82,222038
45384	0,29121813	59,24707	-0,10977283	-82,676666
45384	0,29122046	59,447266	-0,10919695	-83,403694
45384	0,29122278	59,647461	-0,11083209	-83,971733
45384	0,29122508	59,847656	-0,1121375	-84,674171
45384	0,2912274	60,047852	-0,11370549	-85,807259
45384	0,29122972	60,248047	-0,1154734	-86,358154
45384	0,29123205	60,448242	-0,11600452	-87,568123
45384	0,29123434	60,648438	-0,11647297	-88,363106
45384	0,29123667	60,848633	-0,1182185	-89,64624
45384	0,29123899	61,048828	-0,12043249	-90,430038
45384	0,29124132	61,249023	-0,12180802	-91,511566
45384	0,29124361	61,449219	-0,12250922	-92,2155
45384	0,29124594	61,649414	-0,12399366	-93,231758
45384	0,29124826	61,849609	-0,12423237	-93,953125
45384	0,29125059	62,049805	-0,12548557	-94,609367
45384	0,29125288	62,25	-0,12702522	-95,603127
45384	0,29125521	62,450195	-0,12872151	-96,380966
45384	0,29125753	62,650391	-0,12970467	-97,386055
45384	0,29125986	62,850586	-0,13058043	-98,240189
45384	0,29126215	63,050781	-0,13209471	-99,278053
45384	0,29126447	63,250977	-0,13340609	-99,901817
45384	0,2912668	63,451172	-0,13443848	-100,98811
45384	0,29126912	63,651367	-0,13505016	-101,55719
45384	0,29127142	63,851563	-0,13750137	-101,97427
45384	0,29127374	64,051758	-0,13948262	-103,03315
45384	0,29127607	64,251953	-0,13973176	-104,06595
45384	0,29127839	64,452148	-0,14023006	-104,35786
45384	0,29128069	64,652344	-0,14188756	-104,77271
45384	0,29128301	64,852539	-0,14285581	-105,63325
45384	0,29128534	65,052734	-0,14407469	-106,60168
45384	0,29128766	65,25293	-0,14530551	-107,26672
45384	0,29128996	65,453125	-0,14664525	-108,34303
45384	0,29129228	65,65332	-0,14674819	-109,51888
45384	0,2912946	65,853516	-0,14871302	-110,21432
45384	0,29129693	66,053711	-0,15011244	-110,84001
45384	0,29129922	66,253906	-0,15151185	-111,37154
45384	0,29130155	66,454102	-0,15204147	-112,35412
45384	0,29130387	66,654297	-0,15455981	-112,94555
45384	0,2913062	66,854492	-0,15619493	-113,84975
45384	0,29130849	67,054688	-0,15644707	-115,01517
45384	0,29131082	67,254883	-0,15835074	-115,41318
45384	0,29131314	67,455078	-0,15964422	-116,40366
45384	0,29131547	67,655273	-0,16012909	-117,19089
45384	0,29131776	67,855469	-0,16150312	-118,16468
45384	0,29132009	68,055664	-0,16253105	-118,83166
45384	0,29132241	68,255859	-0,16383348	-119,22221
45384	0,29132473	68,456055	-0,16553724	-119,72498
45384	0,29132703	68,65625	-0,16669793	-120,21478
45384	0,29132935	68,856445	-0,16787356	-120,71576
45384	0,29133168	69,056641	-0,16988614	-121,51118
45384	0,291334	69,256836	-0,16999803	-122,26697
45384	0,2913363	69,457031	-0,17132582	-122,83873
45384	0,29133862	69,657227	-0,17301615	-123,52552
45384	0,29134095	69,857422	-0,173043	-124,35507
45384	0,29134327	70,057617	-0,17397097	-125,01847
45384	0,29134557	70,257813	-0,17478555	-125,62643
45384	0,29134789	70,458008	-0,17861527	-126,35168
45384	0,29135022	70,658203	-0,17734267	-127,05128
45384	0,29135254	70,858398	-0,18071885	-127,7795
45384	0,29135484	71,058594	-0,1804712	-128,72797
45384	0,29135716	71,258789	-0,18237337	-129,2355
45384	0,29135948	71,458984	-0,18365492	-130,07443
45384	0,29136181	71,65918	-0,18467538	-131,05209
45384	0,2913641	71,859375	-0,18596737	-132,25566
45384	0,29136643	72,05957	-0,18654324	-132,68825
45384	0,29136875	72,259766	-0,18752342	-133,37683
45384	0,29137108	72,459961	-0,18904369	-134,2843
45384	0,29137337	72,660156	-0,19020885	-135,2748
45384	0,2913757	72,860352	-0,19178729	-135,73657
45384	0,29137802	73,060547	-0,19235571	-136,34648
45384	0,29138035	73,260742	-0,19375959	-137,13832
45384	0,29138264	73,460938	-0,19467711	-138,12448
45384	0,29138497	73,661133	-0,19573189	-138,73976
45384	0,29138729	73,861328	-0,19710891	-139,63353
45384	0,29138961	74,061523	-0,19909017	-140,10931
45384	0,29139191	74,261719	-0,19982567	-141,30722
45384	0,29139423	74,461914	-0,20166966	-141,91907
45384	0,29139656	74,662109	-0,20260359	-142,81165
45384	0,29139888	74,862305	-0,20422082	-143,44301
45384	0,29140118	75,0625	-0,20565902	-144,23099
45384	0,2914035	75,262695	-0,20539197	-145,36302
45384	0,29140583	75,462891	-0,20818034	-146,53023
45384	0,29140815	75,663086	-0,20827283	-147,34294
45384	0,29141045	75,863281	-0,21090455	-148,26935
45384	0,29141277	76,063477	-0,21109253	-149,09592
45384	0,2914151	76,263672	-0,21263814	-150,20844
45384	0,29141742	76,463867	-0,21324834	-150,85872
45384	0,29141971	76,664063	-0,21435533	-151,81165
45384	0,29142204	76,864258	-0,21563837	-152,49174
45384	0,29142436	77,064453	-0,21685278	-153,4165
45384	0,29142669	77,264648	-0,21870573	-154,29895
45384	0,29142898	77,464844	-0,21895188	-155,38391
45384	0,29143131	77,665039	-0,21947554	-156,20601
45384	0,29143363	77,865234	-0,22147769	-157,05775
45384	0,29143596	78,06543	-0,22319187	-157,7681
45384	0,29143825	78,265625	-0,22404376	-158,20767
45384	0,29144058	78,46582	-0,22472556	-159,31512
45384	0,2914429	78,666016	-0,22571917	-159,89539
45384	0,29144523	78,866211	-0,22858064	-160,63925
45384	0,29144752	79,066406	-0,22871491	-161,06854
45384	0,29144984	79,266602	-0,22978012	-161,87038
45384	0,29145217	79,466797	-0,23083788	-162,69144
45384	0,29145446	79,666992	-0,23251478	-163,45914
45384	0,29145679	79,867188	-0,23327716	-164,54886
45384	0,29145911	80,067383	-0,23462881	-165,30019
45384	0,29146144	80,267578	-0,23536433	-166,39198
45384	0,29146373	80,467773	-0,23642209	-167,136
45384	0,29146606	80,667969	-0,23747836	-167,85692
45384	0,29146838	80,868164	-0,23875095	-168,71881
45384	0,29147071	81,068359	-0,23945811	-169,36984
45384	0,291473	81,268555	-0,241414	-170,05663
45384	0,29147533	81,46875	-0,24256127	-171,1465
45384	0,29147765	81,668945	-0,2435504	-171,50085
45384	0,29147997	81,869141	-0,24403229	-172,26141
45384	0,29148227	82,069336	-0,24629253	-173,3644
45384	0,29148459	82,269531	-0,24783665	-174,51535
45384	0,29148692	82,469727	-0,24870194	-174,72696
45384	0,29148924	82,669922	-0,24905702	-175,10709
45384	0,29149154	82,870117	-0,25104424	-175,87434
45384	0,29149386	83,070313	-0,25233474	-176,3242
45384	0,29149619	83,270508	-0,25386393	-177,22946
45384	0,29149851	83,470703	-0,2547397	-177,9462
45384	0,29150081	83,670898	-0,25596604	-178,42096
45384	0,29150313	83,871094	-0,25604808	-178,8808
45384	0,29150546	84,071289	-0,25806811	-179,71095
45384	0,29150778	84,271484	-0,25928402	-180,47775
45384	0,29151008	84,47168	-0,2599718	-181,36572
45384	0,2915124	84,671875	-0,26214251	-181,957
45384	0,29151472	84,87207	-0,26283029	-182,63768
45384	0,29151705	85,072266	-0,26403725	-183,26576
45384	0,29151934	85,272461	-0,26479512	-183,80608
45384	0,29152167	85,472656	-0,26573801	-184,64502
45384	0,29152399	85,672852	-0,26724333	-185,53134
45384	0,29152632	85,873047	-0,26930067	-186,26149
45384	0,29152861	86,073242	-0,27051359	-187,24095
45384	0,29153094	86,273438	-0,27083585	-187,81985
45384	0,29153326	86,473633	-0,27173993	-189,12057
45384	0,29153559	86,673828	-0,27294689	-189,75299
45384	0,29153788	86,874023	-0,27494752	-190,66986
45384	0,29154021	87,074219	-0,27551296	-191,24667
45384	0,29154253	87,274414	-0,2768527	-192,24818
45384	0,29154485	87,474609	-0,27774784	-192,86241
45384	0,29154715	87,674805	-0,27983055	-193,27428
45384	0,29154947	87,875	-0,28077641	-194,19919
45384	0,2915518	88,075195	-0,28192219	-195,09669
45384	0,29155412	88,275391	-0,28280687	-195,97318
45384	0,29155642	88,475586	-0,28385422	-196,54137
45384	0,29155874	88,675781	-0,2850686	-197,23277
45384	0,29156107	88,875977	-0,28591451	-198,18466
45384	0,29156339	89,076172	-0,28715578	-198,77132
45384	0,29156569	89,276367	-0,28920269	-199,45781
45384	0,29156801	89,476563	-0,29042754	-200,33578
45384	0,29157034	89,676758	-0,29180604	-201,382
45384	0,29157266	89,876953	-0,29307565	-202,44371
45384	0,29157495	90,077148	-0,29321143	-203,10934
45384	0,29157728	90,277344	-0,29501215	-204,07658
45384	0,2915796	90,477539	-0,29702324	-204,94337
45384	0,29158193	90,677734	-0,29696655	-205,98199
45384	0,29158422	90,87793	-0,29878816	-206,91525
45384	0,29158655	91,078125	-0,30024874	-207,70546
45384	0,29158887	91,27832	-0,30241498	-208,67061
45384	0,2915912	91,478516	-0,3021524	-209,55484
45384	0,29159349	91,678711	-0,30395612	-210,26891
45384	0,29159582	91,878906	-0,305269	-211,15135
45384	0,29159814	92,079102	-0,30618653	-212,04512
45384	0,29160047	92,279297	-0,30872276	-212,86409
45384	0,29160276	92,479492	-0,30893609	-213,86917
45384	0,29160509	92,679688	-0,30966115	-214,66698
45384	0,29160741	92,879883	-0,31006101	-215,45914
45384	0,29160973	93,080078	-0,31208104	-216,15799
45384	0,29161203	93,280273	-0,31399068	-217,07367
45384	0,29161435	93,480469	-0,31433979	-217,68373
45384	0,29161668	93,680664	-0,31473961	-218,31688
45384	0,291619	93,880859	-0,31656271	-219,15193
45384	0,2916213	94,081055	-0,31776518	-219,79655
45384	0,29162362	94,28125	-0,31886771	-220,78719
45384	0,29162595	94,481445	-0,32068932	-221,2375
45384	0,29162827	94,681641	-0,32199624	-222,32141
45384	0,29163057	94,881836	-0,3220962	-223,03473
45384	0,29163289	95,082031	-0,32394764	-223,9212
45384	0,29163522	95,282227	-0,32507703	-224,82779
45384	0,29163754	95,482422	-0,32613477	-225,80426
45384	0,29163983	95,682617	-0,32701349	-226,20033
45384	0,29164216	95,882813	-0,32877842	-227,26085
45384	0,29164448	96,083008	-0,33004355	-227,683
45384	0,29164681	96,283203	-0,3307015	-228,56454
45384	0,2916491	96,483398	-0,33211583	-229,52657
45384	0,29165143	96,683594	-0,33337349	-230,32751
45384	0,29165375	96,883789	-0,33432233	-231,2347
45384	0,29165608	97,083984	-0,33616933	-231,73521
45384	0,29165837	97,28418	-0,33682576	-232,65865
45384	0,2916607	97,484375	-0,33906063	-233,28598
45384	0,29166302	97,68457	-0,3407256	-233,90036
45384	0,29166535	97,884766	-0,34045705	-234,47197
45384	0,29166764	98,084961	-0,34305745	-234,9193
45384	0,29166996	98,285156	-0,34356618	-235,40926
45384	0,29167229	98,485352	-0,34508196	-236,1041
45384	0,29167461	98,685547	-0,3461054	-237,10039
45384	0,29167691	98,885742	-0,34756449	-237,78688
45384	0,29167923	99,085938	-0,3485193	-238,30856
45384	0,29168156	99,286133	-0,34957409	-239,10832
45384	0,29168388	99,486328	-0,35070047	-239,71703
45384	0,29168618	99,686523	-0,35269663	-240,53719
45384	0,2916885	99,886719	-0,35348883	-241,21489
45384	0,29169083	100,08691	-0,35426912	-241,86623
45384	0,29169315	100,28711	-0,35538056	-242,69681
45384	0,29169545	100,4873	-0,35711566	-243,19228
45384	0,29169777	100,6875	-0,35858518	-244,12315
45384	0,29170009	100,8877	-0,3594878	-244,83945
45384	0,29170242	101,08789	-0,36048737	-245,70819
45384	0,29170471	101,28809	-0,36188081	-246,50763
45384	0,29170704	101,48828	-0,36327723	-247,48038
45384	0,29170936	101,68848	-0,36405003	-248,49471
45384	0,29171169	101,88867	-0,36511973	-249,38684
45384	0,29171398	102,08887	-0,36757988	-249,87709
45384	0,29171631	102,28906	-0,36871523	-250,82867
45384	0,29171863	102,48926	-0,36921501	-251,59384
45384	0,29172096	102,68945	-0,37102169	-252,09825
45384	0,29172325	102,88965	-0,37197205	-252,80309
45384	0,29172558	103,08984	-0,37266579	-253,28662
45384	0,2917279	103,29004	-0,37510654	-254,10112
45384	0,29173023	103,49023	-0,37563616	-254,96121
45384	0,29173252	103,69043	-0,37681326	-255,84843
45384	0,29173484	103,89063	-0,37792772	-256,80136
45384	0,29173717	104,09082	-0,37940171	-257,26285
45384	0,29173949	104,29102	-0,38063106	-258,57355
45384	0,29174179	104,49121	-0,38138446	-258,98334
45384	0,29174411	104,69141	-0,38329113	-259,80215
45384	0,29174644	104,8916	-0,38316879	-260,44485
45384	0,29174876	105,0918	-0,38468456	-261,13327
45384	0,29175106	105,29199	-0,38625106	-261,96579
45384	0,29175338	105,49219	-0,38743564	-262,69745
45384	0,29175571	105,69238	-0,38809505	-263,62073
45384	0,29175803	105,89258	-0,39003751	-264,25656
45384	0,29176033	106,09277	-0,39055818	-265,25061
45384	0,29176265	106,29297	-0,39357033	-266,30353
45384	0,29176497	106,49316	-0,39312127	-267,38028
45384	0,29176727	106,69336	-0,3952547	-268,28629
45384	0,29176959	106,89355	-0,39590964	-269,36169
45384	0,29177192	107,09375	-0,398422	-269,93405
45384	0,29177424	107,29395	-0,39874876	-270,95969
45384	0,29177654	107,49414	-0,40079266	-271,94363
45384	0,29177886	107,69434	-0,40172061	-272,75723
45384	0,29178119	107,89453	-0,40302604	-273,51196
45384	0,29178351	108,09473	-0,40454629	-274,43121
45384	0,29178581	108,29492	-0,404688	-275,06631
45384	0,29178813	108,49512	-0,40685576	-275,97543
45384	0,29179046	108,69531	-0,40754351	-276,98422
45384	0,29179278	108,89551	-0,4087624	-277,62915
45384	0,29179507	109,0957	-0,41046616	-278,69177
45384	0,2917974	109,2959	-0,41047063	-279,27484
45384	0,29179972	109,49609	-0,41202071	-280,12152
45384	0,29180205	109,69629	-0,41442567	-281,17609
45384	0,29180434	109,89648	-0,41517311	-281,93649
45384	0,29180667	110,09668	-0,41542822	-282,76022
45384	0,29180899	110,29688	-0,41788539	-283,49396
45384	0,29181132	110,49707	-0,4190461	-284,15945
45384	0,29181361	110,69727	-0,42084682	-284,7464
45384	0,29181594	110,89746	-0,42262816	-285,98618
45384	0,29181826	111,09766	-0,4229877	-286,25769
45384	0,29182059	111,29785	-0,42378139	-287,44186
45384	0,29182288	111,49805	-0,42478994	-288,2142
45384	0,29182521	111,69824	-0,42758277	-288,84808
45384	0,29182753	111,89844	-0,42835557	-289,30005
45384	0,29182985	112,09863	-0,43058151	-290,1044
45384	0,29183215	112,29883	-0,43062028	-290,65829
45384	0,29183447	112,49902	-0,43113053	-291,68378
45384	0,2918368	112,69922	-0,43210623	-292,49545
45384	0,29183912	112,89941	-0,43387413	-293,24289
45384	0,29184142	113,09961	-0,43525416	-294,24081
45384	0,29184374	113,2998	-0,43715781	-294,80692
45384	0,29184607	113,5	-0,4387646	-295,76715
45384	0,29184839	113,7002	-0,43853784	-296,60474
45384	0,29185069	113,90039	-0,43987906	-297,49002
45384	0,29185301	114,10059	-0,44263759	-298,35919
45384	0,29185534	114,30078	-0,4430792	-298,94766
45384	0,29185766	114,50098	-0,44512907	-299,64398
45384	0,29185995	114,70117	-0,44595408	-300,42496
45384	0,29186228	114,90137	-0,44727144	-301,25958
45384	0,2918646	115,10156	-0,44897071	-302,245
45384	0,29186693	115,30176	-0,44914079	-302,80423
45384	0,29186922	115,50195	-0,45075801	-303,56268
45384	0,29187155	115,70215	-0,45165464	-304,39984
45384	0,29187387	115,90234	-0,45446989	-305,21478
45384	0,2918762	116,10254	-0,4555321	-306,02631
45384	0,29187849	116,30273	-0,45763719	-306,95227
45384	0,29188082	116,50293	-0,45816681	-307,68793
45384	0,29188314	116,70313	-0,45978552	-308,49826
45384	0,29188547	116,90332	-0,46102828	-309,32333
45384	0,29188776	117,10352	-0,46146095	-309,99643
45384	0,29189008	117,30371	-0,46335268	-310,81882
45384	0,29189241	117,50391	-0,46462527	-311,25958
45384	0,29189473	117,7041	-0,46578449	-311,87292
45384	0,29189703	117,9043	-0,46642601	-312,47925
45384	0,29189935	118,10449	-0,46923375	-313,57077
45384	0,29190168	118,30469	-0,46999314	-314,08215
45384	0,291904	118,50488	-0,47066003	-314,53458
45384	0,2919063	118,70508	-0,47285461	-315,31509
45384	0,29190862	118,90527	-0,47449422	-315,94644
45384	0,29191095	119,10547	-0,47474933	-316,48276
45384	0,29191327	119,30566	-0,4765799	-317,55847
45384	0,29191557	119,50586	-0,47913107	-318,14273
45384	0,29191789	119,70605	-0,47879091	-318,83072
45384	0,29192021	119,90625	-0,48140174	-319,67337
45384	0,29192254	120,10645	-0,48222527	-320,48312
45384	0,29192483	120,30664	-0,48366198	-320,98141
45384	0,29192716	120,50684	-0,48425725	-321,85461
45384	0,29192948	120,70703	-0,48651299	-322,50745
45384	0,29193181	120,90723	-0,48901194	-323,27798
45384	0,2919341	121,10742	-0,48895526	-324,05624
45384	0,29193643	121,30762	-0,48940432	-324,7897
45384	0,29193875	121,50781	-0,4917675	-325,29932
45384	0,29194108	121,70801	-0,49367115	-326,29321
45384	0,29194337	121,9082	-0,49436489	-327,15973
45384	0,2919457	122,1084	-0,49593437	-327,77039
45384	0,29194802	122,30859	-0,49726814	-328,36746
45384	0,29195035	122,50879	-0,4995448	-329,13263
45384	0,29195264	122,70898	-0,50022209	-329,91821
45384	0,29195496	122,90918	-0,50170803	-330,73242
45384	0,29195729	123,10938	-0,50293142	-331,4368
45384	0,29195961	123,30957	-0,50432634	-332,30136
45384	0,29196191	123,50977	-0,50569588	-333,24939
45384	0,29196423	123,70996	-0,50716543	-333,93393
45384	0,29196656	123,91016	-0,50890201	-334,80252
45384	0,29196888	124,11035	-0,50911832	-335,54849
45384	0,29197118	124,31055	-0,51041627	-336,52957
45384	0,2919735	124,51074	-0,51319718	-337,1824
45384	0,29197583	124,71094	-0,51448321	-338,10074
45384	0,29197815	124,91113	-0,51494271	-338,82288
45384	0,29198045	125,11133	-0,51667929	-339,74228
45384	0,29198277	125,31152	-0,51864564	-340,66299
45384	0,29198509	125,51172	-0,520518	-341,04181
45384	0,29198742	125,71191	-0,52188456	-341,83484
45384	0,29198971	125,91211	-0,52316761	-342,48288
45384	0,29199204	126,1123	-0,5254159	-343,07446
45384	0,29199436	126,3125	-0,52595896	-344,01309
45384	0,29199669	126,5127	-0,52783132	-344,86633
45384	0,29199898	126,71289	-0,52866822	-345,59708
45384	0,29200131	126,91309	-0,53028846	-346,31815
45384	0,29200363	127,11328	-0,53153419	-347,33261
45384	0,29200596	127,31348	-0,53349757	-348,20166
45384	0,29200825	127,51367	-0,53566974	-349,1741
45384	0,29201058	127,71387	-0,5370602	-349,73529
45384	0,2920129	127,91406	-0,53743917	-350,30228
45384	0,29201522	128,11426	-0,54021859	-351,10471
45384	0,29201752	128,31445	-0,54178208	-351,85394
45384	0,29201984	128,51465	-0,54398715	-352,72684
45384	0,29202217	128,71484	-0,54518515	-353,13498
45384	0,29202449	128,91504	-0,54672927	-354,18597
45384	0,29202679	129,11523	-0,54805255	-355,04175
45384	0,29202911	129,31543	-0,54902083	-356,08185
45384	0,29203144	129,51563	-0,55117661	-356,96606
45384	0,29203376	129,71582	-0,55278337	-357,97681
45384	0,29203606	129,91602	-0,55418432	-359,04926
45384	0,29203838	130,11621	-0,55565381	-359,93735
45384	0,29204071	130,31641	-0,55780214	-360,80325
45384	0,29204303	130,5166	-0,55908072	-361,44073
45384	0,29204533	130,7168	-0,56055325	-362,40082
45384	0,29204765	130,91699	-0,56235844	-363,09567
45384	0,29204997	131,11719	-0,56390554	-363,91971
45384	0,2920523	131,31738	-0,56626874	-364,69159
45384	0,29205459	131,51758	-0,5668118	-365,81482
45384	0,29205692	131,71777	-0,56859159	-366,56122
45384	0,29205924	131,91797	-0,56980157	-367,49075
45384	0,29206157	132,11816	-0,57243329	-368,37381
45384	0,29206386	132,31836	-0,57329559	-369,24551
45384	0,29206619	132,51855	-0,57608247	-369,793
45384	0,29206851	132,71875	-0,57771015	-370,65533
45384	0,29207084	132,91895	-0,57878876	-371,62122
45384	0,29207313	133,11914	-0,5807417	-372,3718
45384	0,29207546	133,31934	-0,58299893	-373,25797
45384	0,29207778	133,51953	-0,58392096	-373,90704
45384	0,29208007	133,71973	-0,58556205	-374,53363
45384	0,2920824	133,91992	-0,58765221	-375,0881
45384	0,29208472	134,12012	-0,58894122	-375,90247
45384	0,29208705	134,32031	-0,59071207	-376,67108
45384	0,29208934	134,52051	-0,59247404	-377,28186
45384	0,29209167	134,7207	-0,59495807	-378,30826
45384	0,29209399	134,9209	-0,59605312	-379,0545
45384	0,29209632	135,12109	-0,59869081	-380,14795
45384	0,29209861	135,32129	-0,6004408	-381,2323
45384	0,29210094	135,52148	-0,60199833	-381,72971
45384	0,29210326	135,72168	-0,60395122	-382,59964
45384	0,29210559	135,92188	-0,60581762	-383,41608
45384	0,29210788	136,12207	-0,60823452	-383,97339
45384	0,2921102	136,32227	-0,60968763	-384,91245
45384	0,29211253	136,52246	-0,61159873	-385,34622
45384	0,29211485	136,72266	-0,61184043	-386,55634
45384	0,29211715	136,92285	-0,61483914	-387,51553
45384	0,29211947	137,12305	-0,61587304	-388,24734
45384	0,2921218	137,32324	-0,6184451	-389,0365
45384	0,29212412	137,52344	-0,62034428	-389,79257
45384	0,29212642	137,72363	-0,62264627	-390,27106
45384	0,29212874	137,92383	-0,6245932	-390,78873
45384	0,29213107	138,12402	-0,62618208	-391,60263
45384	0,29213339	138,32422	-0,62785453	-392,0744
45384	0,29213569	138,52441	-0,63005805	-392,86624
45384	0,29213801	138,72461	-0,63191104	-393,52084
45384	0,29214033	138,9248	-0,63432342	-393,99664
45384	0,29214266	139,125	-0,63693428	-394,62308
45384	0,29214495	139,3252	-0,63893491	-395,3157
45384	0,29214728	139,52539	-0,64180535	-396,15076
45384	0,2921496	139,72559	-0,64315253	-396,83755
45384	0,29215193	139,92578	-0,64522475	-397,59766
45384	0,29215422	140,12598	-0,64779681	-398,36401
45384	0,29215655	140,32617	-0,64958858	-398,80972
45384	0,29215887	140,52637	-0,65267235	-399,63763
45384	0,2921612	140,72656	-0,65387034	-400,01016
45384	0,29216349	140,92676	-0,65665126	-401,09528
45384	0,29216582	141,12695	-0,65856987	-401,79724
45384	0,29216814	141,32715	-0,66130453	-402,57553
45384	0,29217046	141,52734	-0,6632753	-403,32581
45384	0,29217276	141,72754	-0,66558927	-404,30319
45384	0,29217508	141,92773	-0,66856414	-404,84186
45384	0,29217741	142,12793	-0,67098999	-405,72491
45384	0,29217973	142,32813	-0,67369926	-406,57724
45384	0,29218203	142,52832	-0,67545074	-407,5889
45384	0,29218435	142,72852	-0,67951024	-408,39935
45384	0,29218668	142,92871	-0,68197632	-409,06128
45384	0,292189	143,12891	-0,68493032	-409,87592
45384	0,2921913	143,3291	-0,68727261	-410,59863
45384	0,29219362	143,5293	-0,69108444	-411,50537
45384	0,29219595	143,72949	-0,69365048	-411,8606
45384	0,29219827	143,92969	-0,69640756	-412,60312
45384	0,29220057	144,12988	-0,70047593	-413,3075
45384	0,29220289	144,33008	-0,70226175	-414,06509
45384	0,29220521	144,53027	-0,70645702	-414,85217
45384	0,29220754	144,73047	-0,70897532	-415,67575
45384	0,29220983	144,93066	-0,71289754	-416,50543
45384	0,29221216	145,13086	-0,71639013	-417,22174
45384	0,29221448	145,33105	-0,72147751	-417,96188
45384	0,29221681	145,53125	-0,72491187	-418,66373
45384	0,2922191	145,73145	-0,72876394	-419,50089
45384	0,29222143	145,93164	-0,73434669	-420,00409
45384	0,29222375	146,13184	-0,73886716	-420,75003
45384	0,29222608	146,33203	-0,74442595	-421,23285
45384	0,29222837	146,53223	-0,75135738	-421,66571
45384	0,2922307	146,73242	-0,75736529	-422,04196
45384	0,29223302	146,93262	-0,76632267	-422,25342
45384	0,29223534	147,13281	-0,77990943	-421,19156
45384	0,29223764	147,33301	-0,79707676	-397,82147
45384	0,29223996	147,5332	-0,26262143	-38,695595
45384	0,29224229	147,7334	0,31829929	2,4472563
45384	0,29224461	147,93359	0,9012326	2,7273982
45384	0,29224691	148,13379	1,4835124	2,2811084
45384	0,29224923	148,33398	2,0663548	1,8504648
45384	0,29225156	148,53418	2,64782	1,8303483
45384	0,29225388	148,73438	3,2317677	1,5718131
45384	0,29225618	148,93457	3,8132508	1,596698
45384	0,2922585	149,13477	4,3959007	1,6819327
