MTS793|MPT|DEU|1|2|,|.|:|49|1|1|A

Bediener Information						Zeit:	40,182617	s	11.09.2014 13:14:09
Datum : 	11.09.2014
Prüfer : 	Kh
Probenbezeichnung :  	BA Los M VI-5
Bemerkungen	Kraftgeregelt 3,9 kN/s
Masse :	5340,6
Durchmesser :	98,5
Länge :	300,2
Bediener Information Ende

Datenerfassung						Zeit:	482,07813	s	11.09.2014 13:21:31
Datum	Laufzeit	Ch 1 Kraft Sollwert	Ch 1 Kraft	Ch 1 Weg	1944 B	1281068	2157
d	s	kN	kN	mm	mm	mm	mm
41893	40,691406	-1	-0,96855688	0,065132976	0,23169777	0,0010023166	-0,10282146
41893	41,191406	-1	-0,97157431	0,065746903	0,2316604	0,0011013623	-0,10288075
41893	41,691406	-1	-0,98012018	0,066441298	0,23174411	0,0010260983	-0,10288616
41893	42,191406	-1	-1,0222346	0,065591931	0,23163196	0,0010580024	-0,10282528
41893	42,691406	-1	-1,0549519	0,065609813	0,23169172	0,0010262601	-0,10296436
41893	43,191406	-1	-0,97555667	0,064963102	0,23174128	0,00095281604	-0,10289036
41893	43,691406	-1	-0,96588582	0,065124035	0,2317149	0,00099443586	-0,10283904
41893	44,191406	-1	-1,0060109	0,065499544	0,23162904	0,00094255933	-0,1028919
41893	44,691406	-1	-1,0017083	0,064945221	0,23173031	0,00096370484	-0,10284276
41893	45,191406	-1	-1,0187272	0,065240264	0,23169515	0,0010545352	-0,10292152
41893	45,691406	-1	-0,96826255	0,065472722	0,23172709	0,0010364293	-0,10286921
41893	46,191406	-1	-0,9483695	0,065490603	0,23170733	0,0010989548	-0,10279377
41893	46,691406	-1	-1,017686	0,065129995	0,23167834	0,00096561597	-0,10294422
41893	47,191406	-1	-1,039302	0,065627694	0,23173314	0,00096667197	-0,10292428
41893	47,691406	-1	-1,0158122	0,065147877	0,23171479	0,00091746513	-0,10291192
41893	48,191406	-1	-0,97213316	0,066107512	0,23173395	0,00097174547	-0,10290059
41893	48,691406	-1	-0,94890594	0,065293908	0,23172781	0,0010463867	-0,10282609
41893	49,191406	-1	-1,0236837	0,06505847	0,23169875	0,00099569629	-0,10298246
41893	49,691406	-1	-1,0314267	0,065934658	0,23166728	0,00087538239	-0,10288933
41893	50,191406	-1	-1,0046158	0,065654516	0,2317113	0,0010756825	-0,10286191
41893	50,691406	-2,7786133	-2,5873873	-0,010606647	-0,00087866187	-0,00077160151	0,00012670364
41893	51,191406	-4,7286134	-4,4999661	-0,022336841	-0,001738131	-0,0017128967	0,00011243578
41893	51,691406	-6,6786132	-5,781157	-0,027942657	-0,0021965802	-0,0021095704	-8,4489584e-05
41893	52,191406	-8,6286135	-8,6104069	-0,041082501	-0,0031713545	-0,0033645376	-0,00045402814
41893	52,691406	-10,578613	-10,531229	-0,048437715	-0,003765583	-0,004138093	-0,00071257167
41893	53,191406	-12,528613	-12,752863	-0,056934357	-0,004509896	-0,0051714811	-0,0011741621
41893	53,691406	-14,478614	-14,773837	-0,063955784	-0,0051327348	-0,0059755687	-0,0015584948
41893	54,191406	-16,428614	-16,716635	-0,071379542	-0,0057373047	-0,0067740674	-0,0019402076
41893	54,691406	-18,378614	-18,747623	-0,077271461	-0,0063357651	-0,0076152165	-0,002446074
41893	55,191406	-20,328613	-20,604876	-0,083276629	-0,0069093406	-0,0083481446	-0,0028199572
41893	55,691406	-22,278614	-22,458885	-0,088837743	-0,0073743761	-0,0091180624	-0,0033598859
41893	56,191406	-24,228613	-24,319756	-0,093483925	-0,0080006421	-0,0099830227	-0,0037757298
41893	56,691406	-26,178614	-26,349375	-0,09881556	-0,0085480511	-0,010672635	-0,0042666635
41893	57,191406	-28,128614	-28,336737	-0,10413229	-0,009175092	-0,011411283	-0,0047950866
41893	57,691406	-30,078613	-30,24906	-0,10904968	-0,009688288	-0,012126171	-0,0052910587
41893	58,191406	-32,028614	-32,09861	-0,11486113	-0,010221809	-0,01293333	-0,005851144
41893	58,691406	-33,978615	-34,008923	-0,11978149	-0,010811746	-0,013711846	-0,0063765179
41893	59,191406	-35,928616	-36,043503	-0,1250118	-0,011498898	-0,014419852	-0,0068753669
41893	59,691406	-37,878613	-38,071419	-0,13017654	-0,011998445	-0,015207636	-0,0074809794
41893	60,191406	-39,828613	-39,946976	-0,13445616	-0,012603939	-0,015928706	-0,0079751369
41893	60,691406	-41,778614	-41,834583	-0,14029741	-0,013076425	-0,016629713	-0,0085028829
41893	61,191406	-43,728615	-43,731529	-0,14436543	-0,01366502	-0,017464604	-0,0090921614
41893	61,691406	-45,678616	-45,810112	-0,14874935	-0,014328033	-0,01814313	-0,0096926969
41893	62,191406	-47,628613	-47,815884	-0,15356541	-0,01484707	-0,018954543	-0,010252004
41893	62,691406	-49,578613	-49,685791	-0,15872121	-0,015473187	-0,019667068	-0,010743565
41893	63,191406	-51,528614	-51,563374	-0,16287565	-0,016088873	-0,020241925	-0,011492429
41893	63,691406	-53,478615	-53,506229	-0,16722381	-0,016698807	-0,021163151	-0,011946967
41893	64,191406	-55,428616	-55,52882	-0,1724869	-0,017207861	-0,021802124	-0,012567055
41893	64,691406	-57,378616	-57,61026	-0,17688274	-0,01785326	-0,022703113	-0,013256967
41893	65,191406	-59,328613	-59,46376	-0,18074512	-0,018404812	-0,023335064	-0,013780231
41893	65,691406	-61,278614	-61,301201	-0,18574893	-0,019008309	-0,023983816	-0,014354952
41893	66,191406	-63,228615	-63,249985	-0,19097626	-0,019559264	-0,024707036	-0,014973844
41893	66,691406	-65,178612	-65,289581	-0,19437373	-0,020146549	-0,025445761	-0,015537162
41893	67,191406	-67,128616	-67,33416	-0,199157	-0,0208022	-0,026135096	-0,016242864
41893	67,691406	-69,078613	-69,192467	-0,20343065	-0,02142486	-0,026907822	-0,016779494
41893	68,191406	-71,028618	-70,999878	-0,20826757	-0,021920264	-0,027588814	-0,017372973
41893	68,691406	-72,978615	-73,013466	-0,21155775	-0,022519708	-0,028306458	-0,018041052
41893	69,191406	-74,928612	-75,053452	-0,2160877	-0,023145974	-0,029158575	-0,018591732
41893	69,691406	-76,878616	-77,069595	-0,22060275	-0,0237813	-0,029721297	-0,019243548
41893	70,191406	-78,828613	-78,953484	-0,22522509	-0,024297029	-0,030459333	-0,019912744
41893	70,691406	-80,778618	-80,761238	-0,22876263	-0,024872035	-0,031205777	-0,020462465
41893	71,191406	-82,728615	-82,760017	-0,23341179	-0,025499046	-0,031714026	-0,021070549
41893	71,691406	-84,678612	-84,831894	-0,23829341	-0,026221097	-0,032599322	-0,021790266
41893	72,191406	-86,628616	-86,824203	-0,24146736	-0,026827991	-0,03325817	-0,022353277
41893	72,691406	-88,578613	-88,676857	-0,24647415	-0,027386039	-0,033993945	-0,02295302
41893	73,191406	-90,528618	-90,536438	-0,24974346	-0,027917311	-0,034737989	-0,023529105
41893	73,691406	-92,478615	-92,516907	-0,25506318	-0,028575972	-0,035334554	-0,024161968
41893	74,191406	-94,428612	-94,581711	-0,25858283	-0,029178679	-0,036162823	-0,024880698
41893	74,691406	-96,378616	-96,572945	-0,26243031	-0,029775515	-0,036863439	-0,025527764
41893	75,191406	-98,328613	-98,388893	-0,26673079	-0,030327991	-0,037502389	-0,02605756
41893	75,691406	-100,27862	-100,28719	-0,27138293	-0,030986086	-0,038177323	-0,026726115
41893	76,191406	-102,22861	-102,24172	-0,27493834	-0,031551182	-0,03892152	-0,02729791
41893	76,691406	-104,17862	-104,32263	-0,27932823	-0,032198682	-0,039676312	-0,027962901
41893	77,191406	-106,12862	-106,33566	-0,28236508	-0,032906756	-0,040480379	-0,02865329
41893	77,691406	-108,07861	-108,14003	-0,28699338	-0,033394337	-0,041030925	-0,029255815
41893	78,191406	-110,02862	-110,02779	-0,29111803	-0,034043044	-0,041747127	-0,029843103
41893	78,691406	-111,97861	-112,02689	-0,29545426	-0,034588218	-0,042427268	-0,03046295
41893	79,191406	-113,92862	-114,07409	-0,29887259	-0,035336152	-0,043268297	-0,031093199
41893	79,691406	-115,87862	-116,06963	-0,30333102	-0,035892904	-0,043963157	-0,031798884
41893	80,191406	-117,82861	-117,84512	-0,30750334	-0,036518008	-0,044583883	-0,032295361
41893	80,691406	-119,77862	-119,77546	-0,31013489	-0,03709054	-0,04527121	-0,033004727
41893	81,191406	-121,72861	-121,77596	-0,31549633	-0,037750363	-0,04606146	-0,033606954
41893	81,691406	-123,67862	-123,83271	-0,31839609	-0,038424417	-0,04671324	-0,034181897
41893	82,191406	-125,62862	-125,82636	-0,32219589	-0,039023295	-0,04749601	-0,034905221
41893	82,691406	-127,57861	-127,61571	-0,32561421	-0,039651722	-0,048141371	-0,035448156
41893	83,191406	-129,52861	-129,49223	-0,33035278	-0,040214196	-0,048790701	-0,035990398
41893	83,691406	-131,47862	-131,57564	-0,33361912	-0,040914536	-0,049677629	-0,036741432
41893	84,191406	-133,42862	-133,60591	-0,33684671	-0,041582748	-0,050341632	-0,037397794
41893	84,691406	-135,37862	-135,52658	-0,341326	-0,042200506	-0,050997943	-0,03795252
41893	85,191406	-137,32861	-137,37419	-0,34503639	-0,042747051	-0,05166636	-0,038565934
41893	85,691406	-139,27861	-139,26927	-0,34889877	-0,043445736	-0,052391089	-0,039203823
41893	86,191406	-141,22862	-141,32634	-0,35324395	-0,044080302	-0,053174827	-0,039821062
41893	86,691406	-143,17862	-143,35585	-0,35642684	-0,04470855	-0,053779189	-0,040529735
41893	87,191406	-145,12862	-145,30444	-0,3598541	-0,0454555	-0,054514915	-0,041189734
41893	87,691406	-147,07861	-147,10651	-0,36390722	-0,045966521	-0,055287614	-0,041730676
41893	88,191406	-149,02861	-149,00375	-0,36754906	-0,046565667	-0,055945586	-0,042289812
41893	88,691406	-150,97862	-151,1011	-0,37119985	-0,04721269	-0,05671265	-0,043084707
41893	89,191406	-152,92862	-153,1058	-0,37505329	-0,047823071	-0,057432432	-0,043694969
41893	89,691406	-154,87862	-155,0079	-0,37763417	-0,048501447	-0,058044903	-0,044255823
41893	90,191406	-156,82861	-156,86533	-0,38156211	-0,049142465	-0,058897324	-0,044915639
41893	90,691406	-158,77861	-158,77275	-0,38481951	-0,049762934	-0,059495542	-0,045484472
41893	91,191406	-160,72862	-160,82643	-0,39015114	-0,050387949	-0,060248774	-0,046133373
41893	91,691406	-162,67862	-162,86481	-0,39290786	-0,051132634	-0,060910437	-0,04686632
41893	92,191406	-164,62862	-164,70648	-0,39640665	-0,051664576	-0,061676614	-0,04741158
41893	92,691406	-166,57861	-166,55464	-0,39979517	-0,052283391	-0,06238313	-0,048034791
41893	93,191406	-168,52861	-168,5587	-0,40405691	-0,052978247	-0,062973954	-0,048638199
41893	93,691406	-170,47862	-170,59836	-0,40721893	-0,053602427	-0,063790485	-0,04930352
41893	94,191406	-172,42862	-172,60057	-0,41086972	-0,054261953	-0,06445381	-0,049926933
41893	94,691406	-174,37862	-174,45612	-0,4145056	-0,054785356	-0,065119132	-0,050608955
41893	95,191406	-176,32861	-176,30075	-0,4183501	-0,055454001	-0,065862946	-0,051139627
41893	95,691406	-178,27861	-178,28966	-0,42220354	-0,056129158	-0,066470839	-0,051791273
41893	96,191406	-180,22862	-180,3851	-0,42614639	-0,056773499	-0,067341261	-0,052519377
41893	96,691406	-182,17862	-182,32335	-0,42954981	-0,057464018	-0,068072028	-0,053060547
41893	97,191406	-184,12862	-184,17413	-0,43263435	-0,058067709	-0,068633407	-0,05371033
41893	97,691406	-186,07861	-186,04243	-0,43633878	-0,058656558	-0,069339961	-0,054325767
41893	98,191406	-188,02861	-188,02776	-0,43985248	-0,059369802	-0,070055254	-0,054895308
41893	98,691406	-189,97862	-190,13673	-0,44248998	-0,060060844	-0,070820317	-0,055613745
41893	99,191406	-191,92862	-192,09654	-0,44711232	-0,06073457	-0,071575873	-0,056236248
41893	99,691406	-193,87862	-193,88554	-0,45081079	-0,061267614	-0,072170876	-0,05677915
41893	100,19141	-195,82861	-195,8228	-0,45417845	-0,061968327	-0,072880261	-0,057514664
41893	100,69141	-197,77863	-197,83228	-0,45766234	-0,062527508	-0,073705249	-0,058118105
41893	101,19141	-199,72862	-199,89178	-0,46087801	-0,063233152	-0,074301891	-0,058810849
41893	101,69141	-201,67862	-201,85451	-0,46438873	-0,063899592	-0,075037524	-0,059465483
41893	102,19141	-203,62862	-203,63286	-0,46856701	-0,064480945	-0,075630128	-0,059946001
41893	102,69141	-205,57861	-205,58873	-0,47208667	-0,065154672	-0,076421395	-0,060605921
41893	103,19141	-207,52863	-207,62033	-0,4750222	-0,065817505	-0,077177234	-0,061281122
41893	103,69141	-209,47862	-209,6777	-0,47907829	-0,066448048	-0,0778585	-0,061963432
41893	104,19141	-211,42862	-211,58528	-0,48235059	-0,067146093	-0,078601696	-0,062584639
41893	104,69141	-213,37862	-213,36238	-0,48626363	-0,067685351	-0,079224259	-0,063210025
41893	105,19141	-215,32861	-215,29977	-0,4894644	-0,068306088	-0,079946578	-0,063831523
41893	105,69141	-217,27863	-217,40596	-0,49347878	-0,069018841	-0,080575511	-0,064480349
41893	106,19141	-219,22862	-219,44946	-0,49645603	-0,069638848	-0,081335098	-0,065186679
41893	106,69141	-221,17862	-221,28094	-0,50037205	-0,070346758	-0,082137749	-0,065735303
41893	107,19141	-223,12862	-223,09126	-0,50336719	-0,070918009	-0,082734644	-0,066378661
41893	107,69141	-225,07861	-225,06618	-0,50712228	-0,071500033	-0,0833859	-0,066998094
41893	108,19141	-227,02863	-227,17854	-0,5099535	-0,072223157	-0,084252186	-0,067677118
41893	108,69141	-228,97862	-229,17047	-0,51415563	-0,072938234	-0,084830672	-0,068325989
41893	109,19141	-230,92862	-230,92776	-0,51681697	-0,073485553	-0,085559033	-0,068902418
41893	109,69141	-232,87862	-232,80153	-0,52112937	-0,074114248	-0,086242564	-0,069589876
41893	110,19141	-234,82861	-234,82965	-0,52437484	-0,074808955	-0,086926684	-0,07019528
41893	110,69141	-236,77863	-236,93456	-0,52758753	-0,075516835	-0,0877169	-0,070963472
41893	111,19141	-238,72862	-238,90999	-0,53201318	-0,076170519	-0,088477314	-0,071594395
41893	111,69141	-240,67862	-240,68825	-0,53488314	-0,076761827	-0,089132421	-0,072163902
41893	112,19141	-242,62862	-242,57835	-0,53766072	-0,07735464	-0,089892454	-0,072848476
41893	112,69141	-244,57861	-244,60278	-0,54123104	-0,078128621	-0,090526626	-0,073463291
41893	113,19141	-246,52863	-246,6981	-0,54475665	-0,078763634	-0,091223285	-0,074087754
41893	113,69141	-248,47862	-248,66974	-0,548473	-0,079428911	-0,091890112	-0,074801393
41893	114,19141	-247,58701	-247,6535	-0,54667592	-0,079222411	-0,091850474	-0,074595563
41893	114,69141	-245,63701	-245,59093	-0,54565668	-0,078614041	-0,09125372	-0,074107856
41893	115,19141	-243,68701	-243,68513	-0,54265261	-0,078235418	-0,090641469	-0,073545545
41893	115,69141	-241,73701	-241,84163	-0,53923428	-0,077697083	-0,090096302	-0,073002569
41893	116,19141	-239,78702	-239,80559	-0,53626299	-0,076998919	-0,089444257	-0,072440833
41893	116,69141	-237,83701	-237,67288	-0,53304136	-0,076504067	-0,088853613	-0,071844511
41893	117,19141	-235,88701	-235,7399	-0,53066611	-0,075997427	-0,088297285	-0,071374774
41893	117,69141	-233,93701	-233,88187	-0,52678287	-0,075381145	-0,087782703	-0,070835613
41893	118,19141	-231,98701	-232,05879	-0,52399635	-0,07487765	-0,087193273	-0,070401922
41893	118,69141	-230,03702	-229,97125	-0,51991343	-0,074327901	-0,086570881	-0,069776498
41893	119,19141	-228,08701	-227,87781	-0,51725209	-0,073646352	-0,085830852	-0,069116287
41893	119,69141	-226,13701	-225,97466	-0,51456988	-0,073146239	-0,085313611	-0,06869027
41893	120,19141	-224,18701	-224,12665	-0,51116943	-0,072618291	-0,084670752	-0,068105206
41893	120,69141	-222,23701	-222,31097	-0,50823987	-0,072042421	-0,084201768	-0,067621149
41893	121,19141	-220,28702	-220,18964	-0,50545335	-0,071443453	-0,083549537	-0,066970319
41893	121,69141	-218,33701	-218,10092	-0,50210655	-0,07088688	-0,082829505	-0,066372216
41893	122,19141	-216,38701	-216,24646	-0,49870908	-0,070395514	-0,082353815	-0,065895453
41893	122,69141	-214,43701	-214,38052	-0,49676597	-0,069707751	-0,081729934	-0,065326378
41893	123,19141	-212,48701	-212,5351	-0,49290955	-0,069209784	-0,081076182	-0,064806737
41893	123,69141	-210,53702	-210,41606	-0,48899949	-0,06854704	-0,080463111	-0,064199485
41893	124,19141	-208,58701	-208,34433	-0,48656464	-0,06800139	-0,079808623	-0,06352438
41893	124,69141	-206,63701	-206,49281	-0,48339963	-0,067505106	-0,079226188	-0,063147441
41893	125,19141	-204,68701	-204,64748	-0,47998726	-0,06696251	-0,078714848	-0,062497884
41893	125,69141	-202,73701	-202,76659	-0,47663152	-0,066378295	-0,078048803	-0,062031154
41893	126,19141	-200,78702	-200,62364	-0,47265589	-0,065705866	-0,077483892	-0,061374251
41893	126,69141	-198,83701	-198,6198	-0,47068596	-0,06517151	-0,076757878	-0,06078089
41893	127,19141	-196,88701	-196,74947	-0,46688318	-0,064600572	-0,076253332	-0,060305815
41893	127,69141	-194,93701	-194,88943	-0,46408474	-0,064027116	-0,075707808	-0,05974571
41893	128,19141	-192,98701	-192,99289	-0,46170056	-0,063491642	-0,07492961	-0,05926786
41893	128,69141	-191,03702	-190,86206	-0,45765936	-0,062883064	-0,074298494	-0,058554433
41893	129,19141	-189,08701	-188,8647	-0,45463145	-0,062297046	-0,073533632	-0,057992317
41893	129,69141	-187,13701	-187,02565	-0,45153797	-0,061731994	-0,0730749	-0,057487104
41893	130,19141	-185,18701	-185,1308	-0,44851303	-0,061154112	-0,072474852	-0,056870658
41893	130,69141	-183,23701	-183,24429	-0,44522583	-0,060570374	-0,071832381	-0,056393404
41893	131,19141	-181,287	-181,09358	-0,4417181	-0,060000837	-0,071165621	-0,05575699
41893	131,69141	-179,33701	-179,13014	-0,4383713	-0,059329733	-0,070620693	-0,055146128
41893	132,19141	-177,38701	-177,25175	-0,43473244	-0,058754534	-0,069917984	-0,054609478
41893	132,69141	-175,43701	-175,41351	-0,43171346	-0,058212385	-0,069309756	-0,054023985
41893	133,19141	-173,48701	-173,47401	-0,42884052	-0,05759275	-0,068680152	-0,053575855
41893	133,69141	-171,537	-171,3492	-0,42569041	-0,056990236	-0,06802842	-0,052907009
41893	134,19141	-169,58701	-169,37566	-0,42174757	-0,05642578	-0,067363314	-0,052268583
41893	134,69141	-167,63701	-167,53914	-0,41863322	-0,055889398	-0,066720232	-0,051794488
41893	135,19141	-165,68701	-165,65608	-0,41555166	-0,055308402	-0,066141494	-0,051212661
41893	135,69141	-163,73701	-163,69052	-0,41176677	-0,054651469	-0,065443411	-0,050643008
41893	136,19141	-161,787	-161,60957	-0,40856302	-0,054097161	-0,064768463	-0,050055485
41893	136,69141	-159,83701	-159,62767	-0,40529072	-0,0534762	-0,064164422	-0,049425025
41893	137,19141	-157,88701	-157,78098	-0,4022181	-0,052915752	-0,063537166	-0,04892261
41893	137,69141	-155,93701	-155,91583	-0,39857626	-0,052336678	-0,063005477	-0,048398245
41893	138,19141	-153,98701	-153,86171	-0,39418638	-0,051774338	-0,062377539	-0,047739498
41893	138,69141	-152,037	-151,84895	-0,39217174	-0,051093087	-0,06156164	-0,047246788
41893	139,19141	-150,08701	-149,90312	-0,38736165	-0,050552323	-0,060953017	-0,04661753
41893	139,69141	-148,13701	-148,04482	-0,38478076	-0,050025865	-0,060229763	-0,046023086
41893	140,19141	-146,18701	-146,18677	-0,38152039	-0,049404845	-0,059748437	-0,045574278
41893	140,69141	-144,23701	-144,1926	-0,37751794	-0,048825756	-0,05910103	-0,044923764
41893	141,19141	-142,287	-142,13425	-0,37464201	-0,048200414	-0,058319088	-0,044271093
41893	141,69141	-140,33701	-140,23227	-0,37129819	-0,047537491	-0,057726767	-0,043791108
41893	142,19141	-138,38701	-138,35486	-0,36741197	-0,046991035	-0,057060648	-0,043218344
41893	142,69141	-136,43701	-136,43825	-0,36443472	-0,046393111	-0,05638174	-0,042565413
41893	143,19141	-134,48701	-134,39207	-0,36067963	-0,045788556	-0,055811513	-0,04201116
41893	143,69141	-132,537	-132,32227	-0,35760701	-0,045186818	-0,055019647	-0,041383401
41893	144,19141	-130,58701	-130,4436	-0,35390854	-0,044602096	-0,054320496	-0,040766854
41893	144,69141	-128,63701	-128,6256	-0,34997761	-0,044046968	-0,053831361	-0,040300358
41893	145,19141	-126,68701	-126,68405	-0,34687817	-0,04348135	-0,053101763	-0,039670609
41893	145,69141	-124,73701	-124,57969	-0,34331679	-0,042793974	-0,052469313	-0,038950406
41893	146,19141	-122,78701	-122,60949	-0,33982396	-0,042236924	-0,051676054	-0,038457427
41893	146,69141	-120,83701	-120,68692	-0,33620596	-0,041664213	-0,051138993	-0,037861057
41893	147,19141	-118,88701	-118,85573	-0,33231676	-0,041039452	-0,050551772	-0,037280243
41893	147,69141	-116,93701	-116,95019	-0,32817423	-0,040442407	-0,049784049	-0,03672016
41893	148,19141	-114,98701	-114,82616	-0,32481253	-0,039832309	-0,049175244	-0,036019042
41893	148,69141	-113,03701	-112,82575	-0,32188296	-0,039277464	-0,048385657	-0,035463553
41893	149,19141	-111,08701	-110,95027	-0,31781197	-0,038690358	-0,047689199	-0,034864847
41893	149,69141	-109,13701	-109,07972	-0,31493604	-0,038120747	-0,04706553	-0,034250353
41893	150,19141	-107,18701	-107,18076	-0,30992925	-0,037397608	-0,046402946	-0,033697486
41893	150,69141	-105,23701	-105,07607	-0,30691028	-0,036853462	-0,045733586	-0,033012863
41893	151,19141	-103,28701	-103,07957	-0,3023982	-0,036277741	-0,045060877	-0,032475039
41893	151,69141	-101,33701	-101,20516	-0,29876232	-0,035650596	-0,044358142	-0,03186658
41893	152,19141	-99,387009	-99,374634	-0,29453933	-0,035153165	-0,043788753	-0,031321976
41893	152,69141	-97,437012	-97,387924	-0,29073358	-0,034486681	-0,042966619	-0,030644735
41893	153,19141	-95,487007	-95,310059	-0,28683841	-0,033970594	-0,042315699	-0,030010227
41893	153,69141	-93,53701	-93,350685	-0,28330684	-0,033326924	-0,041635521	-0,029400419
41893	154,19141	-91,587006	-91,43969	-0,27905405	-0,032744154	-0,040894207	-0,028787538
41893	154,69141	-89,637009	-89,615021	-0,27414858	-0,032160878	-0,040261272	-0,028219029
41893	155,19141	-87,687004	-87,65226	-0,27083457	-0,031633422	-0,039561182	-0,027562819
41893	155,69141	-85,737007	-85,528709	-0,26734769	-0,030888379	-0,038742933	-0,026843045
41893	156,19141	-83,78701	-83,622314	-0,2625525	-0,030357167	-0,038189895	-0,026330002
41893	156,69141	-81,837006	-81,727768	-0,25921762	-0,029805467	-0,037469629	-0,025728127
41893	157,19141	-79,887009	-79,848808	-0,2551645	-0,029218495	-0,03679011	-0,02510215
41893	157,69141	-77,937004	-77,872536	-0,2502799	-0,028619394	-0,036147594	-0,024438968
41893	158,19141	-75,987007	-75,805771	-0,24634302	-0,027965307	-0,035335105	-0,023785414
41893	158,69141	-74,03701	-73,853157	-0,24152994	-0,027421832	-0,034743428	-0,023180179
41893	159,19141	-72,087006	-72,000916	-0,2368331	-0,026842833	-0,033941314	-0,022557519
41893	159,69141	-70,137009	-70,148338	-0,23385584	-0,026306719	-0,033327077	-0,021988826
41893	160,19141	-68,187004	-68,108452	-0,22855401	-0,025626898	-0,032606043	-0,021340668
41893	160,69141	-66,237007	-66,067734	-0,22476614	-0,025023162	-0,031757552	-0,020674039
41893	161,19141	-64,28701	-64,119667	-0,22083223	-0,024454176	-0,031139392	-0,020114362
41893	161,69141	-62,337006	-62,252323	-0,2160579	-0,023883343	-0,030439703	-0,019438779
41893	162,19141	-60,387009	-60,392647	-0,21124184	-0,023337871	-0,029787347	-0,018810112
41893	162,69141	-58,437008	-58,358841	-0,20613968	-0,0227516	-0,029078126	-0,018222274
41893	163,19141	-56,487007	-56,272003	-0,20184219	-0,022078305	-0,028233333	-0,017483003
41893	163,69141	-54,537006	-54,370502	-0,19833744	-0,021480024	-0,027545573	-0,0169845
41893	164,19141	-52,587006	-52,527622	-0,19372404	-0,020928413	-0,026842616	-0,016286843
41893	164,69141	-50,637009	-50,621159	-0,18841624	-0,020319641	-0,025967967	-0,015654733
41893	165,19141	-48,687008	-48,614197	-0,18310249	-0,019720018	-0,025336493	-0,015116707
41893	165,69141	-46,737007	-46,530865	-0,17871261	-0,019058138	-0,024544796	-0,014354498
41893	166,19141	-44,787006	-44,645546	-0,17398298	-0,018446773	-0,023846813	-0,013877975
41893	166,69141	-42,837006	-42,776165	-0,16958714	-0,017896146	-0,023203248	-0,013209638
41893	167,19141	-40,887005	-40,882919	-0,16450882	-0,017292351	-0,022312028	-0,012571704
41893	167,69141	-38,937008	-38,865635	-0,15989244	-0,016814649	-0,021560203	-0,012063051
41893	168,19141	-36,987007	-36,806568	-0,15482605	-0,016050041	-0,020667089	-0,011327015
41893	168,69141	-35,037006	-34,927383	-0,14941394	-0,015510738	-0,019928651	-0,010820476
41893	169,19141	-33,087006	-33,036205	-0,14318526	-0,014897764	-0,01925477	-0,010207108
41893	169,69141	-31,137007	-31,108551	-0,13854504	-0,014322519	-0,018468801	-0,009563772
41893	170,19141	-29,187006	-29,105474	-0,13254583	-0,013692349	-0,017637299	-0,0090528848
41893	170,69141	-27,237007	-27,055441	-0,12772977	-0,013015777	-0,016675791	-0,0083364099
41893	171,19141	-25,287006	-25,15567	-0,12241006	-0,012437254	-0,015879827	-0,0078237914
41893	171,69141	-23,337006	-23,300207	-0,11698902	-0,011807144	-0,015187969	-0,0072569111
41893	172,19141	-21,387007	-21,328243	-0,1113534	-0,011221856	-0,014234704	-0,0066301748
41893	172,69141	-19,437006	-19,346186	-0,1045078	-0,010528117	-0,013396118	-0,0062319292
41893	173,19141	-17,487005	-17,30776	-0,099167228	-0,0099210441	-0,01267632	-0,0056168847
41893	173,69141	-15,537006	-15,415565	-0,093024969	-0,0092473924	-0,011618776	-0,0050827209
41893	174,19141	-13,587006	-13,552898	-0,085902214	-0,0085943639	-0,010851186	-0,0046781152
41893	174,69141	-11,637006	-11,604468	-0,078240037	-0,0079355836	-0,0099011473	-0,00419439
41893	175,19141	-9,687006	-9,6095076	-0,07173419	-0,0072389543	-0,0088816732	-0,0038116351
41893	175,69141	-7,7370057	-7,588161	-0,063499808	-0,0064397454	-0,0079464903	-0,003413613
41893	176,19141	-5,7870059	-5,737772	-0,053730607	-0,0055783987	-0,0069154063	-0,0031919228
41893	176,69141	-3,9993634	-3,883034	-0,042024255	-0,0047218204	-0,0059740143	-0,0030779522
41893	177,19141	-5,9493632	-5,5879483	-0,049898028	-0,0053650439	-0,006616421	-0,0031247893
41893	177,69141	-7,8993635	-7,6771955	-0,059169531	-0,0062034428	-0,0075397906	-0,0033814218
41893	178,19141	-9,8493633	-9,6407375	-0,066661835	-0,0067960024	-0,008441044	-0,003652364
41893	178,69141	-11,799363	-11,721676	-0,074583292	-0,0074539781	-0,0093110744	-0,0040814504
41893	179,19141	-13,749364	-13,81647	-0,081303716	-0,008087635	-0,010226166	-0,004484253
41893	179,69141	-15,699364	-15,833942	-0,087291002	-0,0086570978	-0,011030742	-0,0049245767
41893	180,19141	-17,649364	-17,684341	-0,093716383	-0,0092668235	-0,011833962	-0,0053683491
41893	180,69141	-19,599363	-19,588497	-0,098580122	-0,0097943544	-0,012534598	-0,0058343811
41893	181,19141	-21,549364	-21,644211	-0,10462999	-0,010359466	-0,013404684	-0,0064065875
41893	181,69141	-23,499363	-23,657089	-0,1103282	-0,011000127	-0,014272093	-0,0068366574
41893	182,19141	-25,449364	-25,63286	-0,11602938	-0,011588246	-0,014931243	-0,0073650889
41893	182,69141	-27,399364	-27,46463	-0,12083352	-0,01211372	-0,015601886	-0,0078829508
41893	183,19141	-29,349363	-29,356041	-0,12632906	-0,0126248	-0,016484352	-0,0082756719
41893	183,69141	-31,299364	-31,401117	-0,13065636	-0,013266772	-0,017291395	-0,0089773433
41893	184,19141	-33,249363	-33,42522	-0,13600588	-0,013861179	-0,018000802	-0,0094762361
41893	184,69141	-35,199364	-35,364826	-0,13995171	-0,014408559	-0,018788684	-0,0099881664
41893	185,19141	-37,149364	-37,243725	-0,14549494	-0,015005648	-0,019399151	-0,010578545
41893	185,69141	-39,099365	-39,108185	-0,14939606	-0,015612811	-0,020243736	-0,01107564
41893	186,19141	-41,049366	-41,119473	-0,15445948	-0,016177475	-0,020869905	-0,011606814
41893	186,69141	-42,999363	-43,178425	-0,16003549	-0,016770989	-0,021753283	-0,012272077
41893	187,19141	-44,949364	-45,103657	-0,16426146	-0,017334461	-0,022474464	-0,012789208
41893	187,69141	-46,899364	-46,993134	-0,16793311	-0,017912209	-0,023024967	-0,01340575
41893	188,19141	-48,849365	-48,863094	-0,17370284	-0,018546551	-0,023894846	-0,01395731
41893	188,69141	-50,799366	-50,856739	-0,17836988	-0,019033492	-0,024446603	-0,014472838
41893	189,19141	-52,749363	-52,94582	-0,18172264	-0,019655973	-0,025335865	-0,015136858
41893	189,69141	-54,699364	-54,855446	-0,18683672	-0,020251602	-0,025960715	-0,015693931
41893	190,19141	-56,649364	-56,696892	-0,19130707	-0,02072674	-0,026698193	-0,016284326
41893	190,69141	-58,599365	-58,593102	-0,19517839	-0,021288782	-0,027401464	-0,016861895
41893	191,19141	-60,549366	-60,621948	-0,20021498	-0,021941066	-0,028006628	-0,017443353
41893	191,69141	-62,499363	-62,693089	-0,20494759	-0,022536784	-0,028889325	-0,018188493
41893	192,19141	-64,449364	-64,615967	-0,20873249	-0,023104936	-0,029591955	-0,018729106
41893	192,69141	-66,399368	-66,470879	-0,21320581	-0,023733646	-0,030156072	-0,019294145
41893	193,19141	-68,349365	-68,364807	-0,21754801	-0,024242401	-0,030857222	-0,019893868
41893	193,69141	-70,299362	-70,370987	-0,22081137	-0,024847776	-0,031604834	-0,02041412
41893	194,19141	-72,249367	-72,450859	-0,22464097	-0,025455356	-0,032259304	-0,021147273
41893	194,69141	-74,199364	-74,359856	-0,22946	-0,026019454	-0,032991443	-0,021650072
41893	195,19141	-76,149368	-76,224487	-0,23412704	-0,026665211	-0,03351289	-0,022312786
41893	195,69141	-78,099365	-78,128502	-0,23856759	-0,027224049	-0,034335919	-0,022885691
41893	196,19141	-80,049362	-80,121956	-0,24232268	-0,027780131	-0,035039954	-0,023502346
41893	196,69141	-81,999367	-82,20105	-0,2460748	-0,028438941	-0,03571881	-0,024153613
41893	197,19141	-83,949364	-84,124153	-0,25026798	-0,02902925	-0,036366832	-0,024745377
41893	197,69141	-85,899368	-85,986153	-0,25473237	-0,029493079	-0,037052698	-0,025405779
41893	198,19141	-87,849365	-87,871841	-0,25806129	-0,030091405	-0,037644375	-0,025918279
41893	198,69141	-89,799362	-89,901115	-0,26196539	-0,030745983	-0,038432542	-0,026532594
41893	199,19141	-91,749367	-91,952118	-0,26625097	-0,031268641	-0,03912545	-0,027194541
41893	199,69141	-93,699364	-93,874794	-0,27070343	-0,031904817	-0,039830584	-0,027763758
41893	200,19141	-95,649368	-95,712608	-0,27484894	-0,032443494	-0,040642653	-0,028375015
41893	200,69141	-97,599365	-97,604019	-0,27859211	-0,03301239	-0,041196786	-0,028987281
41893	201,19141	-99,549362	-99,624977	-0,28238297	-0,033652738	-0,041852951	-0,029524513
41893	201,69141	-101,49937	-101,7342	-0,28603077	-0,03425768	-0,042536113	-0,030267794
41893	202,19141	-103,44936	-103,61775	-0,29040277	-0,034871623	-0,043280657	-0,030864725
41893	202,69141	-105,39937	-105,45606	-0,29448867	-0,035419956	-0,043939643	-0,03141313
41893	203,19141	-107,34937	-107,38114	-0,29763579	-0,035955146	-0,04461569	-0,031977274
41893	203,69141	-109,29936	-109,37501	-0,30215085	-0,036584333	-0,045268286	-0,032603513
41893	204,19141	-111,24937	-111,48135	-0,30667782	-0,037215292	-0,04598356	-0,033333737
41893	204,69141	-113,19936	-113,37976	-0,30913055	-0,037757084	-0,046677027	-0,033881649
41893	205,19141	-115,14937	-115,21252	-0,31305254	-0,038373396	-0,04730368	-0,034398582
41893	205,69141	-117,09937	-117,14017	-0,31674206	-0,038917586	-0,047929328	-0,035048518
41893	206,19141	-119,04937	-119,15221	-0,32062829	-0,039592117	-0,048673145	-0,035617046
41893	206,69141	-120,99937	-121,19821	-0,32399297	-0,040209785	-0,049383879	-0,036246039
41893	207,19141	-122,94936	-123,13984	-0,32860935	-0,040744886	-0,049993824	-0,036870878
41893	207,69141	-124,89937	-124,9495	-0,33253729	-0,041313902	-0,050725356	-0,037375093
41893	208,19141	-126,84937	-126,9026	-0,33609867	-0,042011604	-0,051319476	-0,038071364
41893	208,69141	-128,79936	-128,90245	-0,33927858	-0,042562321	-0,052161947	-0,038617916
41893	209,19141	-130,74936	-130,99495	-0,34302473	-0,043180361	-0,052845564	-0,039309215
41893	209,69141	-132,69937	-132,87515	-0,34656227	-0,043774351	-0,05339158	-0,039883293
41893	210,19141	-134,64937	-134,69177	-0,3506124	-0,044366121	-0,054046843	-0,04039358
41893	210,69141	-136,59937	-136,64107	-0,35378933	-0,044940665	-0,054615185	-0,041101683
41893	211,19141	-138,54936	-138,68015	-0,3577143	-0,045590341	-0,055395346	-0,04165059
41893	211,69141	-140,49936	-140,72049	-0,36129653	-0,046295047	-0,056120347	-0,042257607
41893	212,19141	-142,44937	-142,63737	-0,36484003	-0,046876058	-0,05679876	-0,042881016
41893	212,69141	-144,39937	-144,43132	-0,36801696	-0,04739286	-0,05744794	-0,043431923
41893	213,19141	-146,34937	-146,40375	-0,3721565	-0,04793264	-0,058147743	-0,04410506
41893	213,69141	-148,29936	-148,42879	-0,37609935	-0,048577294	-0,058782801	-0,04468213
41893	214,19141	-150,24937	-150,45659	-0,37887096	-0,049233064	-0,059397962	-0,045246225
41893	214,69141	-152,19937	-152,38808	-0,38223565	-0,049875066	-0,06018585	-0,045923486
41893	215,19141	-154,14937	-154,19597	-0,38626492	-0,050430179	-0,06076118	-0,046412796
41893	215,69141	-156,09937	-156,11406	-0,38931668	-0,051035449	-0,061475594	-0,047002103
41893	216,19141	-158,04936	-158,1996	-0,39269626	-0,051622286	-0,062171154	-0,047725607
41893	216,69141	-159,99937	-160,21301	-0,39610565	-0,052295968	-0,062803783	-0,048288297
41893	217,19141	-161,94937	-162,10083	-0,40023327	-0,052830413	-0,063506842	-0,048756979
41893	217,69141	-163,89937	-163,91548	-0,40245652	-0,053399414	-0,064040326	-0,049472459
41893	218,19141	-165,84937	-165,88013	-0,40722191	-0,054124042	-0,06484478	-0,050001208
41893	218,69141	-167,79936	-167,92453	-0,40969849	-0,054679394	-0,065498471	-0,050666612
41893	219,19141	-169,74937	-169,9726	-0,41468143	-0,055328533	-0,066178001	-0,051232722
41893	219,69141	-171,69937	-171,85149	-0,41801929	-0,055907071	-0,066821359	-0,051870674
41893	220,19141	-173,64937	-173,64857	-0,42079091	-0,056473106	-0,067487366	-0,05241175
41893	220,69141	-175,59937	-175,59358	-0,42434037	-0,057115525	-0,068170249	-0,05299142
41893	221,19141	-177,54936	-177,71159	-0,42728484	-0,057741091	-0,068815045	-0,053684637
41893	221,69141	-179,49937	-179,72713	-0,43120682	-0,058310509	-0,069593973	-0,054272648
41893	222,19141	-181,44937	-181,55777	-0,43484569	-0,058906928	-0,070109308	-0,054798152
41893	222,69141	-183,39937	-183,40091	-0,43810606	-0,059552997	-0,070814624	-0,055381592
41893	223,19141	-185,34937	-185,37242	-0,44115782	-0,060070381	-0,071484998	-0,056017742
41893	223,69141	-187,29936	-187,42563	-0,44492483	-0,060750082	-0,072108231	-0,056609336
41893	224,19141	-189,24937	-189,46698	-0,4489392	-0,061420754	-0,072894134	-0,05721109
41893	224,69141	-191,19937	-191,35005	-0,45140982	-0,062011123	-0,073530279	-0,0578015
41893	225,19141	-193,14937	-193,15427	-0,45508146	-0,062552616	-0,074085154	-0,058418076
41893	225,69141	-195,09937	-195,11916	-0,4589349	-0,063104942	-0,074791476	-0,058936641
41893	226,19141	-197,04936	-197,20602	-0,46256781	-0,063812628	-0,075444333	-0,059619315
41893	226,69141	-198,99937	-199,24255	-0,46598911	-0,064483374	-0,076174609	-0,060240075
41893	227,19141	-200,94937	-201,01698	-0,46903193	-0,064993769	-0,076813266	-0,060760796
41893	227,69141	-202,89937	-202,88275	-0,47118068	-0,065506101	-0,077434383	-0,061344005
41893	228,19141	-204,84937	-204,91945	-0,47540665	-0,066216186	-0,078064792	-0,062006023
41893	228,69141	-206,79936	-206,97342	-0,47954917	-0,066853672	-0,078731924	-0,062584035
41893	229,19141	-208,74937	-208,97067	-0,48287511	-0,067462802	-0,079536475	-0,063185148
41893	229,69141	-210,69937	-210,767	-0,48542917	-0,068073764	-0,080084123	-0,063865386
41893	230,19141	-212,64937	-212,62436	-0,4892081	-0,068659633	-0,080634668	-0,064356655
41893	230,69141	-214,59937	-214,62904	-0,49244463	-0,069222882	-0,081328392	-0,064915024
41893	231,19141	-216,54936	-216,76427	-0,49568117	-0,069927305	-0,082067899	-0,065636247
41893	231,69141	-218,49937	-218,71843	-0,49908459	-0,07050094	-0,082710706	-0,066185795
41893	232,19141	-220,44937	-220,43304	-0,50244331	-0,071022183	-0,083359756	-0,066733479
41893	232,69141	-222,39937	-222,36874	-0,50579309	-0,071658924	-0,083926499	-0,067366369
41893	233,19141	-224,34937	-224,40886	-0,50951838	-0,072309539	-0,084660828	-0,067965455
41893	233,69141	-226,29936	-226,4601	-0,51238239	-0,072955176	-0,085283883	-0,068544522
41893	234,19141	-228,24937	-228,45244	-0,51572919	-0,073548123	-0,086019635	-0,069243923
41893	234,69141	-230,19937	-230,2114	-0,51889122	-0,074136347	-0,086587809	-0,069779113
41893	235,19141	-232,14937	-232,07706	-0,52253604	-0,074750617	-0,08722005	-0,070342742
41893	235,69141	-234,09937	-234,14792	-0,5251646	-0,07539618	-0,087970935	-0,071017645
41893	236,19141	-236,04936	-236,22345	-0,52910149	-0,076083392	-0,088769838	-0,071658328
41893	236,69141	-237,99937	-238,19199	-0,53232312	-0,07664825	-0,089283116	-0,072284557
41893	237,19141	-239,94937	-239,93201	-0,53603351	-0,077223048	-0,089971527	-0,072829835
41893	237,69141	-241,89937	-241,87227	-0,53896904	-0,077802077	-0,090601765	-0,07347621
41893	238,19141	-243,84937	-243,92502	-0,54361224	-0,078483909	-0,091330491	-0,074091516
41893	238,69141	-245,79936	-245,9321	-0,54696202	-0,079155162	-0,092017621	-0,074642062
41893	239,19141	-247,74937	-247,88181	-0,54964125	-0,079761997	-0,09273421	-0,075298823
41893	239,69141	-246,3166	-246,31453	-0,54693222	-0,079326004	-0,092288055	-0,074891582
41893	240,19141	-244,36661	-244,27357	-0,54433942	-0,078709573	-0,091582298	-0,074317351
41893	240,69141	-242,4166	-242,4649	-0,54143965	-0,078301609	-0,091143668	-0,073933937
41893	241,19141	-240,4666	-240,5948	-0,53866804	-0,077717036	-0,090608768	-0,073338635
41893	241,69141	-238,5166	-238,5226	-0,53536296	-0,077207029	-0,089898087	-0,072784513
41893	242,19141	-236,5666	-236,37538	-0,53260028	-0,076474145	-0,089327976	-0,072183281
41893	242,69141	-234,61661	-234,44102	-0,52865744	-0,075989306	-0,088677593	-0,071598187
41893	243,19141	-232,6666	-232,65468	-0,52642822	-0,075530931	-0,088130668	-0,0711632
41893	243,69141	-230,7166	-230,76871	-0,52364767	-0,074919254	-0,08765354	-0,070634641
41893	244,19141	-228,7666	-228,66951	-0,51975846	-0,074297637	-0,086944818	-0,070001557
41893	244,69141	-226,8166	-226,65276	-0,51699281	-0,073730066	-0,086377367	-0,06951452
41893	245,19141	-224,86661	-224,68634	-0,51341951	-0,073244452	-0,085662544	-0,06887801
41893	245,69141	-222,9166	-222,89465	-0,51108599	-0,072706684	-0,085113809	-0,068354592
41893	246,19141	-220,9666	-221,03819	-0,50748289	-0,072078481	-0,084554054	-0,067916967
41893	246,69141	-219,0166	-218,92264	-0,50466657	-0,071507901	-0,083868869	-0,067263871
41893	247,19141	-217,0666	-216,84956	-0,50105751	-0,070858285	-0,083238818	-0,066584311
41893	247,69141	-215,11661	-214,94016	-0,49836636	-0,070259422	-0,082638681	-0,066107042
41893	248,19141	-213,1666	-213,11102	-0,49490333	-0,069744527	-0,082023144	-0,065532029
41893	248,69141	-211,2166	-211,25786	-0,49252212	-0,069251701	-0,081508592	-0,065059759
41893	249,19141	-209,2666	-209,15215	-0,48896074	-0,068650305	-0,080811597	-0,064463355
41893	249,69141	-207,3166	-207,05482	-0,48557222	-0,068007216	-0,080073893	-0,063810892
41893	250,19141	-205,36661	-205,21259	-0,48246384	-0,067466885	-0,079625838	-0,06336759
41893	250,69141	-203,4166	-203,37462	-0,47932863	-0,06694001	-0,078980051	-0,06280937
41893	251,19141	-201,4666	-201,4549	-0,47676265	-0,066425875	-0,078447722	-0,062210687
41893	251,69141	-199,5166	-199,40067	-0,47265589	-0,065794006	-0,07778699	-0,061678749
41893	252,19141	-197,5666	-197,34779	-0,46943724	-0,06514284	-0,077055506	-0,06105528
41893	252,69141	-195,61661	-195,4351	-0,46732724	-0,064581752	-0,076483026	-0,060527127
41893	253,19141	-193,6666	-193,64944	-0,46234429	-0,064047605	-0,07585866	-0,0600246
41893	253,69141	-191,7166	-191,71394	-0,45987368	-0,063482642	-0,075313464	-0,059406746
41893	254,19141	-189,7666	-189,62357	-0,45651793	-0,062854707	-0,074600913	-0,058886081
41893	254,69141	-187,8166	-187,61224	-0,45318305	-0,062308177	-0,073886961	-0,058310423
41893	255,19141	-185,86661	-185,71629	-0,45099854	-0,061662719	-0,073271662	-0,057658236
41893	255,69141	-183,9166	-183,92204	-0,4471302	-0,061117783	-0,072740525	-0,057228565
41893	256,19141	-181,9666	-181,95865	-0,44407547	-0,060633898	-0,072065912	-0,056572795
41893	256,69141	-180,0166	-179,86935	-0,44064224	-0,059948042	-0,071424335	-0,05601012
41893	257,19141	-178,0666	-177,85757	-0,43717623	-0,059349656	-0,070774406	-0,055415493
41893	257,69141	-176,11659	-175,93925	-0,43449998	-0,058831677	-0,070125565	-0,054820053
41893	258,19141	-174,1666	-174,13824	-0,43098032	-0,058221638	-0,069661796	-0,054305494
41893	258,69141	-172,2166	-172,21489	-0,42813718	-0,057672128	-0,068968952	-0,053766962
41893	259,19141	-170,2666	-170,13838	-0,42458773	-0,057008341	-0,068298623	-0,053166173
41893	259,69141	-168,3166	-168,1169	-0,4206568	-0,056417361	-0,067584395	-0,052579366
41893	260,19141	-166,36659	-166,21761	-0,4175961	-0,055885985	-0,066976115	-0,051942557
41893	260,69141	-164,4166	-164,41496	-0,41478276	-0,055215403	-0,066406541	-0,051481519
41893	261,19141	-162,4666	-162,44453	-0,41052699	-0,054678142	-0,06564229	-0,05086726
41893	261,69141	-160,5166	-160,36043	-0,40746927	-0,054108456	-0,065090649	-0,050319314
41893	262,19141	-158,5666	-158,33984	-0,40423572	-0,053450182	-0,064508431	-0,049704321
41893	262,69141	-156,61659	-156,47366	-0,40062368	-0,05296284	-0,063747391	-0,049090572
41893	263,19141	-154,6666	-154,69275	-0,3975451	-0,052315772	-0,063152686	-0,048640303
41893	263,69141	-152,7166	-152,6861	-0,39433837	-0,051728472	-0,062496204	-0,047998559
41893	264,19141	-150,7666	-150,56685	-0,39055943	-0,051060304	-0,061803751	-0,047345363
41893	264,69141	-148,8166	-148,63977	-0,38773119	-0,050449535	-0,061186265	-0,046894968
41893	265,19141	-146,86659	-146,76907	-0,38354993	-0,049938619	-0,060538132	-0,046262458
41893	265,69141	-144,9166	-144,95587	-0,38066506	-0,049377158	-0,059969142	-0,045701146
41893	266,19141	-142,9666	-142,94914	-0,37705004	-0,048731357	-0,0592421	-0,045153137
41893	266,69141	-141,0166	-140,8304	-0,37380159	-0,048140109	-0,05855887	-0,044513423
41893	267,19141	-139,0666	-138,88533	-0,36965311	-0,047515512	-0,05788172	-0,043947056
41893	267,69141	-137,11659	-137,03705	-0,36642849	-0,046956986	-0,057244897	-0,043360461
41893	268,19141	-135,1666	-135,18416	-0,36377907	-0,046367079	-0,056667194	-0,04274337
41893	268,69141	-133,2166	-133,20107	-0,3597647	-0,045787603	-0,056026585	-0,042191934
41893	269,19141	-131,2666	-131,12976	-0,35620034	-0,045159131	-0,055191744	-0,041606337
41893	269,69141	-129,3166	-129,09276	-0,35246909	-0,044536814	-0,054577947	-0,040945962
41893	270,19141	-127,3666	-127,27041	-0,34899414	-0,043985486	-0,053898953	-0,040393621
41893	270,69141	-125,4166	-125,41178	-0,34582317	-0,043426707	-0,053335343	-0,039866131
41893	271,19141	-123,4666	-123,38869	-0,34214556	-0,042777523	-0,052659582	-0,039191045
41893	271,69141	-121,5166	-121,36429	-0,33831298	-0,042168319	-0,05189259	-0,038597301
41893	272,19141	-119,5666	-119,39123	-0,33469498	-0,041517407	-0,051313963	-0,038010035
41893	272,69141	-117,6166	-117,50132	-0,33049285	-0,040931851	-0,050616305	-0,03739417
41893	273,19141	-115,6666	-115,66864	-0,32730103	-0,040400311	-0,049959201	-0,036844455
41893	273,69141	-113,7166	-113,67731	-0,32343864	-0,039856151	-0,049272615	-0,036275521
41893	274,19141	-111,7666	-111,57102	-0,31959713	-0,039205775	-0,04842861	-0,0355944
41893	274,69141	-109,8166	-109,61845	-0,31555891	-0,038582072	-0,047759965	-0,034999397
41893	275,19141	-107,8666	-107,80022	-0,31248033	-0,037989751	-0,047163997	-0,034443721
41893	275,69141	-105,9166	-105,90697	-0,30938089	-0,037419468	-0,046503935	-0,033821102
41893	276,19141	-103,9666	-103,93127	-0,30508041	-0,036871418	-0,045809247	-0,03319088
41893	276,69141	-102,0166	-101,84829	-0,3003329	-0,036242738	-0,045088917	-0,032557905
41893	277,19141	-100,0666	-99,88913	-0,29699504	-0,035613716	-0,044467285	-0,031954713
41893	277,69141	-98,1166	-98,058144	-0,29316545	-0,035007194	-0,043798279	-0,031398408
41893	278,19141	-96,166595	-96,167831	-0,28948188	-0,034504786	-0,043180466	-0,030815102
41893	278,69141	-94,216599	-94,137993	-0,28564334	-0,033786476	-0,042454433	-0,030082816
41893	279,19141	-92,266602	-92,103737	-0,28111935	-0,033205986	-0,041657042	-0,029536759
41893	279,69141	-90,316597	-90,154884	-0,27711987	-0,032670528	-0,04110679	-0,028899105
41893	280,19141	-88,3666	-88,271233	-0,27269423	-0,032054201	-0,040297959	-0,028250411
41893	280,69141	-86,416595	-86,456993	-0,26863813	-0,031580701	-0,039590377	-0,027727516
41893	281,19141	-84,466599	-84,411232	-0,26499331	-0,030857578	-0,038999408	-0,027054511
41893	281,69141	-82,516594	-82,33783	-0,26127398	-0,030326694	-0,03823797	-0,026368171
41893	282,19141	-80,566597	-80,451988	-0,25611222	-0,029650897	-0,037523925	-0,025828086
41893	282,69141	-78,6166	-78,534225	-0,2524972	-0,029117629	-0,036842942	-0,025189087
41893	283,19141	-76,666595	-76,657784	-0,24782121	-0,028633192	-0,036177222	-0,024537273
41893	283,69141	-74,716599	-74,688652	-0,24485886	-0,027998745	-0,035465457	-0,023991898
41893	284,19141	-72,766594	-72,591827	-0,23947656	-0,027339727	-0,034709584	-0,023260128
41893	284,69141	-70,816597	-70,640961	-0,23580492	-0,026709497	-0,03395484	-0,022628827
41893	285,19141	-68,8666	-68,832245	-0,23166239	-0,026244283	-0,033322524	-0,02207629
41893	285,69141	-66,916595	-66,906136	-0,22699535	-0,025678486	-0,032573394	-0,021381211
41893	286,19141	-64,966599	-64,898453	-0,222525	-0,024945259	-0,031842161	-0,020769559
41893	286,69141	-63,016598	-62,883877	-0,21797717	-0,024311364	-0,031098764	-0,020190025
41893	287,19141	-61,066597	-60,902393	-0,21378994	-0,023697197	-0,030384056	-0,019527808
41893	287,69141	-59,116596	-59,032509	-0,20971894	-0,023184508	-0,029730881	-0,018923471
41893	288,19141	-57,166595	-57,197884	-0,20504892	-0,022614896	-0,029050175	-0,018312287
41893	288,69141	-55,216599	-55,169941	-0,20025373	-0,021999002	-0,028210338	-0,017691029
41893	289,19141	-53,266598	-53,094978	-0,1955837	-0,021339953	-0,027472936	-0,016976489
41893	289,69141	-51,316597	-51,171207	-0,19136071	-0,020766497	-0,026642313	-0,016400475
41893	290,19141	-49,366596	-49,302116	-0,1863867	-0,020232499	-0,026051389	-0,015825329
41893	290,69141	-47,416595	-47,453232	-0,18186867	-0,019561231	-0,025296314	-0,01513488
41893	291,19141	-45,466599	-45,45208	-0,17669499	-0,019000083	-0,024508612	-0,014599216
41893	291,69141	-43,516598	-43,371941	-0,17144084	-0,018342733	-0,023692152	-0,013959083
41893	292,19141	-41,566597	-41,419846	-0,16703904	-0,017733395	-0,022927815	-0,013197568
41893	292,69141	-39,616596	-39,598946	-0,16229153	-0,017260075	-0,022195399	-0,012749225
41893	293,19141	-37,666595	-37,693768	-0,15724301	-0,016634881	-0,02148767	-0,012118082
41893	293,69141	-35,716595	-35,662632	-0,15183687	-0,016001672	-0,020519484	-0,011443397
41893	294,19141	-33,766598	-33,654518	-0,14735758	-0,01543358	-0,019831037	-0,01093908
41893	294,69141	-31,816597	-31,669495	-0,14115274	-0,014729112	-0,019038713	-0,010251548
41893	295,19141	-29,866596	-29,808834	-0,13673902	-0,014175743	-0,018196704	-0,0096868221
41893	295,69141	-27,916595	-27,936686	-0,13055503	-0,0135943	-0,017446138	-0,0091150468
41893	296,19141	-25,966597	-25,906076	-0,12560189	-0,0129098	-0,016550221	-0,0084758773
41893	296,69141	-24,016596	-23,877098	-0,11975765	-0,012196362	-0,015768461	-0,0079338318
41893	297,19141	-22,066597	-21,932161	-0,11440516	-0,011634827	-0,015034989	-0,0073673744
41893	297,69141	-20,116596	-20,056999	-0,10904372	-0,01098755	-0,01402631	-0,0068516675
41893	298,19141	-18,166595	-18,203348	-0,1022011	-0,010454148	-0,013218353	-0,0064391913
41893	298,69141	-16,216597	-16,171156	-0,095850229	-0,0097581446	-0,012311052	-0,0058030551
41893	299,19141	-14,266596	-14,138654	-0,089138746	-0,0091008544	-0,011299308	-0,0052624764
41893	299,69141	-12,316596	-12,205423	-0,082394481	-0,0084662437	-0,010579864	-0,004870031
41893	300,19141	-10,366596	-10,371719	-0,075241923	-0,0077581406	-0,0095556322	-0,0044443067
41893	300,69141	-8,4165955	-8,4458895	-0,067213178	-0,0069710314	-0,0085912393	-0,0040550549
41893	301,19141	-6,4665956	-6,5073781	-0,057601929	-0,0061686337	-0,0076482734	-0,0038750134
41893	301,69141	-4,5165958	-4,4867582	-0,046908855	-0,005225271	-0,0065646875	-0,003643631
41893	302,19141	-3,927	-3,7053971	-0,042015314	-0,0048426688	-0,0060369489	-0,0035449425
41893	302,69141	-3,927	-3,9001963	-0,041022897	-0,0048910975	-0,0060895784	-0,0035855426
41893	303,19141	-3,927	-3,9304924	-0,040787458	-0,0048063397	-0,0061002625	-0,0035337312
41893	303,69141	-3,927	-3,9345269	-0,04209578	-0,0047779083	-0,0061180168	-0,0035585994
41893	304,19141	-3,927	-3,9395168	-0,041615963	-0,004791528	-0,0060582543	-0,0035819104
41893	304,69141	-3,927	-3,9059539	-0,042033195	-0,0047033429	-0,0059953849	-0,0035111569
41893	305,19141	-3,927	-3,8739424	-0,041854382	-0,0047222674	-0,0059714005	-0,0035081264
41893	305,69141	-3,927	-3,7890506	-0,040841103	-0,004655838	-0,0057698828	-0,0034602638
41893	306,19141	-3,927	-3,7861521	-0,040704012	-0,0046127737	-0,0058357581	-0,0034433547
41893	306,69141	-3,927	-3,8140938	-0,040358305	-0,00461936	-0,0057710167	-0,0035015363
41893	307,19141	-3,927	-3,8286951	-0,04093647	-0,0046524704	-0,0058371304	-0,0034630196
41893	307,69141	-3,927	-3,8875229	-0,040450692	-0,0046449602	-0,0059210057	-0,0034285681
41893	308,19141	-3,927	-3,9612837	-0,040614605	-0,0046465993	-0,0058209505	-0,003454187
41893	308,69141	-3,927	-3,9078593	-0,04093647	-0,0046940446	-0,0058909217	-0,0034646261
41893	309,19141	-3,927	-3,8498082	-0,041610003	-0,0046027005	-0,0058215139	-0,0033594985
41893	309,69141	-3,927	-3,9170423	-0,041157007	-0,0046341121	-0,0057793139	-0,0034743892
41893	310,19141	-3,927	-3,9340892	-0,041091442	-0,0046436191	-0,0058369203	-0,0034190491
41893	310,69141	-3,927	-3,9579067	-0,040960312	-0,0046183765	-0,0058495882	-0,0033929953
41893	311,19141	-3,927	-3,9340575	-0,040727854	-0,004673034	-0,005873628	-0,00340477
41893	311,69141	-3,927	-3,8641393	-0,041115284	-0,0046047568	-0,005795592	-0,0033448711
41893	312,19141	-3,927	-3,9210618	-0,040474534	-0,0045388341	-0,0057474729	-0,0034501655
41893	312,69141	-3,927	-3,9281454	-0,040790439	-0,0046249926	-0,0057598324	-0,003377364
41893	313,19141	-3,927	-3,9663203	-0,04144311	-0,0046160817	-0,0057489099	-0,0032947287
41893	313,69141	-3,927	-3,9577336	-0,040408969	-0,0046197474	-0,0058083194	-0,0033865776
41893	314,19141	-3,927	-3,8759112	-0,040796399	-0,0045124292	-0,0057755918	-0,0033608256
41893	314,69141	-3,927	-3,9294102	-0,040468574	-0,0045567751	-0,0057246247	-0,0033806628
41893	315,19141	-3,927	-3,9435494	-0,040376186	-0,0046064258	-0,0057075634	-0,0033288468
41893	315,69141	-3,927	-3,9506648	-0,040745735	-0,0045870245	-0,0056362073	-0,003312516
41893	316,19141	-3,927	-3,9629209	-0,040569901	-0,0045473874	-0,0057225721	-0,0033833366
41893	316,69141	-3,927	-3,8920436	-0,040978193	-0,004527986	-0,0057808217	-0,0034002643
41893	317,19141	-3,927	-3,8880501	-0,040698051	-0,004545927	-0,0056132921	-0,0032846583
41893	317,69141	-3,927	-3,9504561	-0,040665269	-0,0045816302	-0,0057548387	-0,0033609122
41893	318,19141	-3,927	-3,9916708	-0,040495396	-0,0045123696	-0,0056820456	-0,0033104857
41893	318,69141	-3,927	-3,9521494	-0,040951371	-0,004513979	-0,0056354431	-0,0032778429
41893	319,19141	-3,927	-3,9212108	-0,040125847	-0,004450798	-0,0056622755	-0,0033660624
41893	319,69141	-3,927	-3,9074793	-0,039681792	-0,0045716166	-0,0056454507	-0,003292704
41893	320,19141	-3,927	-3,9239564	-0,040709972	-0,0045872033	-0,0056170565	-0,0032767076
41893	320,69141	-3,927	-4,0154905	-0,040465593	-0,0045438409	-0,0056438483	-0,0033189813
41893	321,19141	-3,927	-3,935786	-0,040411949	-0,0045035779	-0,005609626	-0,0032635843
41893	321,69141	-3,927	-3,9050412	-0,040450692	-0,0045160949	-0,0056521604	-0,0033285804
41893	322,19141	-3,927	-3,9058533	-0,039857626	-0,0044524968	-0,0055804378	-0,0032678219
41893	322,69141	-3,927	-3,938889	-0,039789081	-0,0044719577	-0,0055991537	-0,0032376694
41893	323,19141	-3,927	-4,0116777	-0,040900707	-0,0045615435	-0,0057292706	-0,0033088457
41893	323,69141	-3,927	-3,949888	-0,040987134	-0,0045711696	-0,0056589236	-0,003246109
41893	324,19141	-3,927	-3,8670228	-0,040531158	-0,0044726133	-0,0055452208	-0,0032239677
41893	324,69141	-3,927	-3,9351583	-0,040212274	-0,0044519901	-0,0055653197	-0,0032847412
41893	325,19141	-3,927	-3,938524	-0,040271878	-0,0045122206	-0,0055951267	-0,0032789847
41893	325,69141	-3,927	-3,9920471	-0,039866567	-0,0044935048	-0,0057409997	-0,0032256823
41893	326,19141	-3,927	-3,979955	-0,03991425	-0,0044771731	-0,0056751668	-0,0033375984
41893	326,69141	-3,927	-3,8966517	-0,040158629	-0,0044384003	-0,005598722	-0,0032551605
41893	327,19141	-3,927	-3,8828366	-0,03991127	-0,0045196712	-0,0055719418	-0,0032279976
41893	327,69141	-3,927	-3,9503741	-0,03952682	-0,0044908822	-0,0055947658	-0,0032654312
41893	328,19141	-3,927	-3,9773173	-0,04118979	-0,0043958724	-0,005645222	-0,0032156492
41893	328,69141	-3,927	-3,965389	-0,039249659	-0,004435271	-0,0055655278	-0,0032237954
41893	329,19141	-3,927	-3,8892627	-0,039765239	-0,0044690967	-0,0054779602	-0,0032167798
41893	329,69141	-3,927	-3,886003	-0,040239096	-0,0044289827	-0,0055640796	-0,0031999741
41893	330,19141	-3,927	-3,955586	-0,040054321	-0,0044675171	-0,0055354959	-0,0032437909
41893	330,69141	-3,927	-4,0103531	-0,040706992	-0,0045885444	-0,0055569853	-0,0032431372
41893	331,19141	-3,927	-3,9459448	-0,039538741	-0,0045318305	-0,0056093209	-0,0031165415
41893	331,69141	-3,927	-3,9023459	-0,03991425	-0,0044859946	-0,0054976242	-0,0032486804
41893	332,19141	-5,2600079	-4,9978418	-0,044927001	-0,0049480498	-0,006095821	-0,0032536248
41893	332,69141	-7,2100081	-6,1008668	-0,050067902	-0,0053395331	-0,0065096212	-0,0032748589
41893	333,19141	-9,1600084	-9,5079641	-0,064787269	-0,0065817535	-0,0081665898	-0,0037889061
41893	333,69141	-11,110008	-11,494199	-0,071647763	-0,0072051585	-0,0089833681	-0,0041204309
41893	334,19141	-13,060008	-13,329187	-0,078055263	-0,0078340173	-0,0097776409	-0,0045292266
41893	334,69141	-15,010008	-15,178053	-0,084486604	-0,00837937	-0,01061499	-0,0049705738
41893	335,19141	-16,960009	-17,132547	-0,090813637	-0,0089165568	-0,011359393	-0,0054290574
41893	335,69141	-18,910007	-19,162909	-0,096917152	-0,0095818043	-0,012270336	-0,0059669614
41893	336,19141	-20,860008	-21,113512	-0,10152757	-0,010242105	-0,013033485	-0,0064571602
41893	336,69141	-22,810009	-22,920958	-0,10676086	-0,010770321	-0,013784139	-0,0068511022
41893	337,19141	-24,760008	-24,860588	-0,11183918	-0,011422873	-0,014604842	-0,0074199382
41893	337,69141	-26,710009	-26,842026	-0,11851192	-0,011924148	-0,015298663	-0,0079094879
41893	338,19141	-28,660009	-28,885635	-0,12338758	-0,012502611	-0,016124899	-0,0084470678
41893	338,69141	-30,610008	-30,812729	-0,12782812	-0,01310885	-0,016860059	-0,0090220161
41893	339,19141	-32,560009	-32,647617	-0,13332069	-0,013708949	-0,017664354	-0,0095106717
41893	339,69141	-34,51001	-34,580452	-0,13815165	-0,014214575	-0,018358603	-0,010137754
41893	340,19141	-36,460011	-36,539047	-0,14278591	-0,014755338	-0,019080754	-0,010642821
41893	340,69141	-38,410007	-38,582951	-0,1470238	-0,01541838	-0,019916898	-0,011237355
41893	341,19141	-40,360008	-40,553055	-0,15232861	-0,0160245	-0,020708671	-0,011825409
41893	341,69141	-42,310009	-42,368111	-0,15682578	-0,016587555	-0,021306118	-0,012291079
41893	342,19141	-44,26001	-44,282021	-0,16132593	-0,017126352	-0,022124594	-0,012934793
41893	342,69141	-46,210011	-46,272495	-0,16702414	-0,017695457	-0,0226887	-0,013496399
41893	343,19141	-48,160007	-48,316296	-0,17032325	-0,018277854	-0,0235766	-0,014083342
41893	343,69141	-50,110008	-50,305599	-0,17541647	-0,018892467	-0,024342971	-0,014756999
41893	344,19141	-52,060009	-52,102997	-0,17910004	-0,019421577	-0,024938298	-0,015218354
41893	344,69141	-54,01001	-53,980297	-0,18336773	-0,019999355	-0,025620447	-0,015809875
41893	345,19141	-55,960011	-56,030155	-0,18950701	-0,020642936	-0,02636488	-0,01648006
41893	345,69141	-57,910007	-58,037758	-0,19293427	-0,021250993	-0,027148988	-0,017090112
41893	346,19141	-59,860008	-60,044666	-0,19684434	-0,021820545	-0,027870066	-0,01767185
41893	346,69141	-61,810009	-61,851498	-0,2016902	-0,022388279	-0,028564211	-0,018284466
41893	347,19141	-63,76001	-63,748383	-0,20708442	-0,022941172	-0,029225936	-0,018805493
41893	347,69141	-65,710007	-65,789841	-0,21082461	-0,023583621	-0,029952953	-0,019482903
41893	348,19141	-67,660011	-67,851738	-0,21422505	-0,024178088	-0,030696247	-0,020094838
41893	348,69141	-69,610008	-69,787758	-0,21883547	-0,024746567	-0,031481456	-0,020639837
41893	349,19141	-71,560013	-71,64608	-0,22334158	-0,02536267	-0,032007672	-0,021241125
41893	349,69141	-73,51001	-73,505608	-0,22796392	-0,02591157	-0,032758832	-0,021841604
41893	350,19141	-75,460007	-75,518059	-0,232324	-0,02654022	-0,033508148	-0,022420816
41893	350,69141	-77,410011	-77,58374	-0,23625791	-0,027194619	-0,034153301	-0,0230501
41893	351,19141	-79,360008	-79,536774	-0,24023354	-0,027781934	-0,034976628	-0,023753421
41893	351,69141	-81,310013	-81,372917	-0,2450794	-0,028271168	-0,035548311	-0,024232421
41893	352,19141	-83,26001	-83,265045	-0,24878085	-0,028886497	-0,036290187	-0,02487809
41893	352,69141	-85,210007	-85,281578	-0,25219023	-0,029464319	-0,036987558	-0,025563974
41893	353,19141	-87,160011	-87,304825	-0,2556324	-0,030105054	-0,037649389	-0,026132185
41893	353,69141	-89,110008	-89,281189	-0,26111305	-0,030671433	-0,038321078	-0,026763741
41893	354,19141	-91,060013	-91,165184	-0,26512146	-0,031323105	-0,039005451	-0,027408451
41893	354,69141	-93,01001	-92,999527	-0,26925504	-0,031764343	-0,039582636	-0,027887236
41893	355,19141	-94,960007	-95,007996	-0,27242303	-0,032440811	-0,040422894	-0,028543899
41893	355,69141	-96,910011	-97,098541	-0,27647614	-0,033079535	-0,041110601	-0,029241037
41893	356,19141	-98,860008	-99,064095	-0,28117895	-0,033733189	-0,041785069	-0,029798698
41893	356,69141	-100,81001	-100,90019	-0,2853781	-0,034199625	-0,042487871	-0,030382201
41893	357,19141	-102,76001	-102,82037	-0,28965771	-0,034805313	-0,043177992	-0,031039227
41893	357,69141	-104,71001	-104,75525	-0,29302537	-0,035408527	-0,043877907	-0,031615451
41893	358,19141	-106,66001	-106,78246	-0,29710531	-0,03604573	-0,044517178	-0,032208592
41893	358,69141	-108,61001	-108,85114	-0,30004978	-0,036681741	-0,045278136	-0,03294507
41893	359,19141	-110,56001	-110,65747	-0,30480623	-0,037203684	-0,045920677	-0,033489302
41893	359,69141	-112,51001	-112,51738	-0,30891895	-0,03783527	-0,046488494	-0,034025025
41893	360,19141	-114,46001	-114,49651	-0,31272173	-0,0383531	-0,047300074	-0,034665633
41893	360,69141	-116,41001	-116,59892	-0,31624734	-0,039015785	-0,047971323	-0,035385456
41893	361,19141	-118,36001	-118,54391	-0,31927526	-0,039656192	-0,048597362	-0,035958633
41893	361,69141	-120,31001	-120,40293	-0,32368004	-0,040176049	-0,049248081	-0,036491569
41893	362,19141	-122,26001	-122,28107	-0,32736957	-0,040768221	-0,049927536	-0,0371124
41893	362,69141	-124,21001	-124,25935	-0,33068359	-0,041497916	-0,050664179	-0,037774704
41893	363,19141	-126,16001	-126,31873	-0,33512712	-0,04208003	-0,051492158	-0,038372926
41893	363,69141	-128,11002	-128,30991	-0,33835769	-0,042571038	-0,052067794	-0,038966395
41893	364,19141	-130,06001	-130,17628	-0,34188926	-0,043299943	-0,052702151	-0,039658461
41893	364,69141	-132,01001	-132,01053	-0,34640133	-0,043777213	-0,053408146	-0,040245298
41893	365,19141	-133,96001	-134,00459	-0,34987032	-0,04445453	-0,054021075	-0,040750995
41893	365,69141	-135,91	-136,06824	-0,35365522	-0,045123771	-0,054802261	-0,041402448
41893	366,19141	-137,86002	-138,1011	-0,35687387	-0,045761302	-0,055504825	-0,042121328
41893	366,69141	-139,81001	-139,89037	-0,36099851	-0,046311602	-0,056099996	-0,042597003
41893	367,19141	-141,76001	-141,75052	-0,3636688	-0,046882555	-0,056701474	-0,043187294
41893	367,69141	-143,71001	-143,78368	-0,36782324	-0,047545344	-0,057453334	-0,043906935
41893	368,19141	-145,66002	-145,81961	-0,37097931	-0,048172861	-0,05813314	-0,044478379
41893	368,69141	-147,61002	-147,80392	-0,37505329	-0,048706681	-0,058782682	-0,045065045
41893	369,19141	-149,56001	-149,67786	-0,37905872	-0,049324751	-0,059493162	-0,045685172
41893	369,69141	-151,51001	-151,50134	-0,38168728	-0,049888939	-0,060004737	-0,046208195
41893	370,19141	-153,46001	-153,49976	-0,38504303	-0,050592154	-0,060765062	-0,046836834
41893	370,69141	-155,41002	-155,57648	-0,38939118	-0,051104352	-0,061487954	-0,047478456
41893	371,19141	-157,36002	-157,59763	-0,39273202	-0,051897556	-0,062141065	-0,048127443
41893	371,69141	-159,31001	-159,36971	-0,39606988	-0,052361816	-0,062802687	-0,048644412
41893	372,19141	-161,26001	-161,22681	-0,39947033	-0,05283764	-0,063407972	-0,049168963
41893	372,69141	-163,21001	-163,28168	-0,40322542	-0,053553671	-0,063996129	-0,04984932
41893	373,19141	-165,16002	-165,31221	-0,4062444	-0,054217711	-0,064850532	-0,05043187
41893	373,69141	-167,11002	-167,31589	-0,41019022	-0,054861054	-0,065471597	-0,051030058
41893	374,19141	-169,06001	-169,11346	-0,41322112	-0,055437937	-0,066100694	-0,051650483
41893	374,69141	-171,01001	-170,96945	-0,41654408	-0,056022912	-0,066760942	-0,052190438
41893	375,19141	-172,96001	-172,97694	-0,42085648	-0,056540698	-0,067425355	-0,052751411
41893	375,69141	-174,91002	-175,03197	-0,42331517	-0,05725804	-0,068160504	-0,053467549
41893	376,19141	-176,86002	-177,037	-0,42726696	-0,057827145	-0,068827592	-0,054019559
41893	376,69141	-178,81001	-178,8409	-0,43097436	-0,058454707	-0,069481879	-0,05455891
41893	377,19141	-180,76001	-180,7426	-0,43471158	-0,059072107	-0,070203088	-0,055150323
41893	377,69141	-182,71001	-182,73174	-0,43702722	-0,059598461	-0,070732899	-0,05577324
41893	378,19141	-184,66002	-184,73495	-0,44088662	-0,060295731	-0,071452789	-0,056347769
41893	378,69141	-186,61002	-186,82977	-0,44521093	-0,060856164	-0,07215587	-0,057010431
41893	379,19141	-188,56001	-188,62727	-0,44749975	-0,061468199	-0,072789155	-0,057572939
41893	379,69141	-190,51001	-190,47379	-0,45129061	-0,062068895	-0,073387332	-0,05812449
41893	380,19141	-192,46001	-192,49527	-0,45453608	-0,062612236	-0,074110791	-0,058767255
41893	380,69141	-194,41002	-194,50531	-0,45838952	-0,063331395	-0,074808836	-0,059377152
41893	381,19141	-196,36002	-196,57921	-0,46164095	-0,063951716	-0,075567052	-0,059965994
41893	381,69141	-198,31001	-198,36827	-0,46519935	-0,064488366	-0,075997941	-0,060538083
41893	382,19141	-200,26001	-200,20804	-0,4678309	-0,065162316	-0,076738499	-0,061072096
41893	382,69141	-202,21001	-202,29626	-0,47058463	-0,065698817	-0,077335358	-0,061836649
41893	383,19141	-204,16002	-204,29538	-0,47436059	-0,066300824	-0,078083865	-0,062408388
41893	383,69141	-206,11002	-206,30637	-0,47893524	-0,066946834	-0,078735381	-0,06298697
41893	384,19141	-208,06001	-208,13126	-0,48212707	-0,067553237	-0,079288885	-0,06357751
41893	384,69141	-210,01001	-209,98102	-0,48572123	-0,06811893	-0,080056995	-0,064171545
41893	385,19141	-211,96001	-212,00867	-0,48857331	-0,068677604	-0,080605149	-0,064724073
41893	385,69141	-213,91002	-214,06326	-0,4920274	-0,069332734	-0,081384636	-0,065360181
41893	386,19141	-215,86002	-216,09837	-0,49532354	-0,069988966	-0,082112126	-0,066012472
41893	386,69141	-217,81001	-217,82039	-0,49833655	-0,070503458	-0,082655884	-0,066528216
41893	387,19141	-219,76001	-219,67119	-0,50283074	-0,071193263	-0,083242327	-0,067112409
41893	387,69141	-221,71001	-221,78204	-0,50487518	-0,071776852	-0,083989635	-0,067759037
41893	388,19141	-223,66002	-223,827	-0,50823987	-0,07239984	-0,08456476	-0,068367228
41893	388,69141	-225,61002	-225,77934	-0,51195025	-0,072985902	-0,085347749	-0,068966925
41893	389,19141	-227,56001	-227,58557	-0,51465929	-0,073576123	-0,085952178	-0,069583938
41893	389,69141	-229,51001	-229,42415	-0,51799715	-0,07420221	-0,086574495	-0,070142023
41893	390,19141	-231,46001	-231,51129	-0,52160323	-0,074820891	-0,087328255	-0,070739917
41893	390,69141	-233,41002	-233,58707	-0,52549541	-0,075445786	-0,087851562	-0,07134524
41893	391,19141	-235,36002	-235,57799	-0,52915514	-0,076122597	-0,088642582	-0,07209944
41893	391,69141	-237,31001	-237,2323	-0,53174198	-0,076611415	-0,089162938	-0,072510377
41893	392,19141	-239,26001	-239,07935	-0,53411424	-0,077195451	-0,089840129	-0,073118329
41893	392,69141	-241,21001	-241,20782	-0,53817928	-0,077855274	-0,090557829	-0,073732279
41893	393,19141	-243,16002	-243,33946	-0,54233372	-0,078501627	-0,091218226	-0,074480578
41893	393,69141	-245,11002	-245,25449	-0,54436624	-0,079148114	-0,091956675	-0,075023256
41893	394,19141	-247,06001	-247,01126	-0,54858625	-0,079601243	-0,092561245	-0,075548053
41893	394,69141	-248	-248,03835	-0,55038929	-0,079974115	-0,092869364	-0,075925864
41893	395,19141	-248	-248,08986	-0,55038929	-0,080097243	-0,092978649	-0,075943999
41893	395,69141	-248	-248,16812	-0,55029094	-0,080084056	-0,0930911	-0,075968139
41893	396,19141	-248	-248,1114	-0,55088699	-0,080160365	-0,092993446	-0,075972289
41893	396,69141	-248	-247,97615	-0,55110157	-0,080189303	-0,093051255	-0,076001823
41893	397,19141	-248	-247,93517	-0,55078864	-0,080136329	-0,092987753	-0,076071136
41893	397,69141	-248	-248,04317	-0,55086315	-0,080179751	-0,093202077	-0,076105706
41893	398,19141	-248	-248,09833	-0,55063367	-0,080189601	-0,09306936	-0,076078221
41893	398,69141	-248	-248,06853	-0,55146515	-0,080271795	-0,093082674	-0,076177783
41893	399,19141	-248	-247,90392	-0,55152178	-0,080213204	-0,093236335	-0,076099247
41893	399,69141	-248	-247,89749	-0,55137277	-0,080288321	-0,09315414	-0,076133169
41893	400,19141	-248	-248,04475	-0,55071712	-0,080365285	-0,093258068	-0,076181836
41893	400,69141	-248	-248,13095	-0,55117309	-0,080331087	-0,093204074	-0,076229095
41893	401,19141	-248	-248,01854	-0,55163801	-0,08028236	-0,093189068	-0,076162532
41893	401,69141	-248	-247,89423	-0,5508244	-0,080270052	-0,09316916	-0,076137669
41893	402,19141	-248	-247,94302	-0,55161119	-0,080330789	-0,093217887	-0,076223671
41893	402,69141	-248	-248,02985	-0,55156648	-0,080421254	-0,093321919	-0,076256797
41893	403,19141	-248	-248,08476	-0,55131018	-0,080425858	-0,093306541	-0,076317795
41893	403,69141	-248	-247,99777	-0,55092871	-0,080389053	-0,093267933	-0,076250561
41893	404,19141	-248	-247,89714	-0,55149794	-0,080376267	-0,093322657	-0,07626982
41893	404,69141	-248	-247,92088	-0,5515188	-0,080389917	-0,093319014	-0,07625287
41893	405,19141	-248	-248,03062	-0,55185258	-0,080440477	-0,093227997	-0,076279089
41893	405,69141	-248	-248,13211	-0,5512327	-0,08047305	-0,093322054	-0,07636863
41893	406,19141	-248	-247,97215	-0,5512476	-0,080453843	-0,09331692	-0,07628464
41893	406,69141	-248	-247,87512	-0,55164099	-0,080483288	-0,093300641	-0,076235458
41893	407,19141	-248	-247,96461	-0,5523622	-0,080460042	-0,09343189	-0,076391235
41893	407,69141	-248	-248,07199	-0,55222213	-0,080508873	-0,093439087	-0,076378942
41893	408,19141	-248	-248,07962	-0,5521059	-0,080508724	-0,093428187	-0,076383531
41893	408,69141	-248	-247,93973	-0,55256486	-0,080456719	-0,093385622	-0,076363355
41893	409,19141	-248	-247,89938	-0,55248737	-0,080527291	-0,093403213	-0,076384246
41893	409,69141	-248	-247,93973	-0,55205822	-0,080454662	-0,093448535	-0,076400541
41893	410,19141	-248	-248,08713	-0,55234134	-0,080499366	-0,093468532	-0,076446436
41893	410,69141	-248	-248,08592	-0,5520016	-0,080512837	-0,093435533	-0,076471403
41893	411,19141	-248	-247,92157	-0,55221915	-0,080530345	-0,09342695	-0,076430388
41893	411,69141	-248	-247,8882	-0,5528152	-0,080548033	-0,093368314	-0,0764452
41893	412,19141	-248	-247,97636	-0,55191219	-0,080532029	-0,093528114	-0,076479614
41893	412,69141	-248	-248,08752	-0,55229664	-0,080551907	-0,093443342	-0,076466113
41893	413,19141	-248	-248,06699	-0,5523771	-0,080570981	-0,093471527	-0,076446392
41893	413,69141	-248	-247,94606	-0,55173337	-0,080604881	-0,093540423	-0,076552935
41893	414,19141	-248	-247,89352	-0,55223405	-0,080613658	-0,09342844	-0,076488711
41893	414,69141	-248	-247,99168	-0,55215359	-0,080652356	-0,093585521	-0,076487452
41893	415,19141	-248	-248,13182	-0,55178106	-0,080633104	-0,093527712	-0,076604247
41893	415,69141	-248	-248,05609	-0,55202246	-0,080655679	-0,09356194	-0,076532282
41893	416,19141	-248	-247,89142	-0,55196285	-0,080628291	-0,093535624	-0,076485619
41893	416,69141	-248	-247,89986	-0,55277944	-0,080631196	-0,093476549	-0,076481447
41893	417,19141	-248	-248,03612	-0,5520612	-0,080648318	-0,093493447	-0,076643109
41893	417,69141	-248	-248,10683	-0,55277646	-0,080663487	-0,093491137	-0,076601081
41893	418,19141	-248	-248,0244	-0,55265725	-0,080612481	-0,093514159	-0,076597661
41893	418,69141	-248	-247,92598	-0,55214167	-0,080673382	-0,093458019	-0,076543204
41893	419,19141	-248	-247,91393	-0,55214763	-0,080653533	-0,093502656	-0,076533295
41893	419,69141	-248	-248,00381	-0,55247545	-0,080763057	-0,093598261	-0,076541774
41893	420,19141	-248	-248,10638	-0,5525589	-0,080724791	-0,093547538	-0,07658264
41893	420,69141	-248	-248,04253	-0,553146	-0,080721766	-0,093595073	-0,076651663
41893	421,19141	-248	-247,92184	-0,55318773	-0,080698431	-0,093534507	-0,076547317
41893	421,69141	-248	-247,9068	-0,55234432	-0,080613136	-0,093473472	-0,076537997
41893	422,19141	-248	-248,06747	-0,55294633	-0,080736756	-0,093617	-0,076665878
41893	422,69141	-248	-248,12029	-0,55350065	-0,080847204	-0,093573444	-0,076678418
41893	423,19141	-248	-248,00426	-0,55224299	-0,080680624	-0,093560234	-0,076599322
41893	423,69141	-248	-247,9006	-0,55316389	-0,080673531	-0,093636639	-0,076575086
41893	424,19141	-248	-247,94403	-0,55257082	-0,080829978	-0,093535163	-0,076623939
41893	424,69141	-246,74023	-246,87091	-0,55188835	-0,080471665	-0,093282253	-0,076332204
41893	425,19141	-244,24023	-244,38733	-0,54693818	-0,079773724	-0,09250506	-0,075616539
41893	425,69141	-241,74023	-241,74361	-0,54344833	-0,079022095	-0,091743037	-0,074878953
41893	426,19141	-239,24023	-239,05559	-0,53919852	-0,078220189	-0,090866335	-0,074099347
41893	426,69141	-236,74023	-236,64815	-0,53600967	-0,077593297	-0,090075478	-0,073516794
41893	427,19141	-234,24023	-234,24318	-0,53141415	-0,076777458	-0,089356489	-0,072771467
41893	427,69141	-231,74023	-231,79477	-0,52715838	-0,076143876	-0,08864931	-0,072032399
41893	428,19141	-229,24023	-229,15555	-0,52378178	-0,075301364	-0,087757081	-0,071364172
41893	428,69141	-226,74023	-226,52895	-0,51944256	-0,074494645	-0,08700344	-0,070628308
41893	429,19141	-224,24023	-224,05461	-0,5153656	-0,073770821	-0,086254336	-0,069839127
41893	429,69141	-221,74023	-221,7119	-0,51084459	-0,073185995	-0,085434929	-0,069247283
41893	430,19141	-219,24023	-219,28474	-0,50827265	-0,072417453	-0,084790438	-0,068496123
41893	430,69141	-216,74023	-216,62085	-0,50369203	-0,071639523	-0,083842829	-0,067714408
41893	431,19141	-214,24023	-213,98727	-0,49974322	-0,070839182	-0,083077222	-0,06691286
41893	431,69141	-211,74023	-211,59178	-0,49559176	-0,070183024	-0,082224026	-0,066302933
41893	432,19141	-209,24023	-209,20808	-0,49169064	-0,069467336	-0,081583768	-0,065615661
41893	432,69141	-206,74023	-206,74661	-0,48717856	-0,068737477	-0,0807992	-0,064841561
41893	433,19141	-204,24023	-204,09729	-0,48397481	-0,067952394	-0,079913162	-0,064093865
41893	433,69141	-201,74023	-201,50916	-0,47947168	-0,067249164	-0,079128496	-0,06340348
41893	434,19141	-199,24023	-199,06609	-0,47552884	-0,066377863	-0,078283377	-0,062619194
41893	434,69141	-196,74023	-196,68323	-0,47125816	-0,065762118	-0,077628925	-0,061937697
41893	435,19141	-194,24023	-194,2755	-0,46660006	-0,064986318	-0,076866135	-0,061285958
41893	435,69141	-191,74023	-191,58411	-0,46221614	-0,0641734	-0,075941183	-0,060490705
41893	436,19141	-189,24023	-188,97319	-0,45873821	-0,06342262	-0,075097725	-0,059681073
41893	436,69141	-186,74023	-186,57341	-0,45434237	-0,062692732	-0,07433255	-0,059045751
41893	437,19141	-184,24023	-184,17801	-0,45030713	-0,062069535	-0,073524982	-0,058294538
41893	437,69141	-181,74023	-181,73302	-0,44676363	-0,061261103	-0,072828025	-0,057619244
41893	438,19141	-179,24023	-179,0787	-0,44210851	-0,060455233	-0,071749568	-0,056765296
41893	438,69141	-176,74023	-176,51781	-0,43832362	-0,059667557	-0,071070991	-0,056128681
41893	439,19141	-174,24023	-174,08183	-0,43307245	-0,05892925	-0,070284441	-0,055355925
41893	439,69141	-171,74023	-171,69722	-0,42895377	-0,058206871	-0,069525234	-0,054621875
41893	440,19141	-169,24023	-169,24977	-0,42460263	-0,057472825	-0,068622142	-0,05400807
41893	440,69141	-166,74023	-166,56487	-0,42015612	-0,056663185	-0,067868315	-0,053093582
41893	441,19141	-164,24023	-163,98196	-0,41576922	-0,055832073	-0,066906944	-0,052358475
41893	441,69141	-161,74023	-161,59509	-0,41199923	-0,055089071	-0,066111252	-0,05166975
41893	442,19141	-159,24023	-159,18362	-0,40798187	-0,054411843	-0,065293752	-0,050927721
41893	442,69141	-156,74023	-156,68678	-0,402987	-0,053671196	-0,064469591	-0,050187048
41893	443,19141	-154,24023	-154,08488	-0,3988415	-0,052895784	-0,063680567	-0,049388401
41893	443,69141	-151,74023	-151,56119	-0,39436221	-0,052067623	-0,062750846	-0,048642859
41893	444,19141	-149,24023	-149,09712	-0,38921237	-0,051351324	-0,061956555	-0,047964793
41893	444,69141	-146,74023	-146,69391	-0,38621128	-0,050695032	-0,061114248	-0,047190476
41893	445,19141	-144,24023	-144,21153	-0,38099885	-0,049837381	-0,060309403	-0,046479627
41893	445,69141	-141,74023	-141,56293	-0,37642121	-0,049055725	-0,059467051	-0,045683324
41893	446,19141	-139,24023	-139,01749	-0,37195683	-0,048319712	-0,058522429	-0,044924747
41893	446,69141	-136,74023	-136,5835	-0,36756694	-0,047501966	-0,057689302	-0,044212673
41893	447,19141	-134,24023	-134,22116	-0,36283731	-0,046815112	-0,056884728	-0,043437436
41893	447,69141	-131,74023	-131,71968	-0,35907924	-0,046043858	-0,056008883	-0,042693708
41893	448,19141	-129,24023	-129,09776	-0,35423636	-0,045223385	-0,055154976	-0,041950978
41893	448,69141	-126,74023	-126,49428	-0,35018921	-0,044499025	-0,054261483	-0,041112348
41893	449,19141	-124,24023	-124,0789	-0,3451407	-0,043660492	-0,053467367	-0,040385615
41893	449,69141	-121,74023	-121,73664	-0,34002066	-0,042928562	-0,052677631	-0,039702807
41893	450,19141	-119,24023	-119,18831	-0,33537745	-0,042096749	-0,051721074	-0,038871896
41893	450,69141	-116,74023	-116,54768	-0,32957494	-0,041331112	-0,050842069	-0,038030684
41893	451,19141	-114,24023	-113,99204	-0,32664239	-0,040518388	-0,049900047	-0,037189785
41893	451,69141	-111,74023	-111,61027	-0,32104254	-0,039834008	-0,049075268	-0,03657674
41893	452,19141	-109,24023	-109,1664	-0,31632781	-0,039117947	-0,048294447	-0,035826415
41893	452,69141	-106,74023	-106,69285	-0,31202734	-0,038308755	-0,047381978	-0,035013627
41893	453,19141	-104,24023	-104,03012	-0,30705631	-0,037551388	-0,046392333	-0,03413317
41893	453,69141	-101,74023	-101,506	-0,30191541	-0,036689043	-0,045486152	-0,033377565
41893	454,19141	-99,240234	-99,077187	-0,29754937	-0,03597562	-0,044766426	-0,032598644
41893	454,69141	-96,740234	-96,660385	-0,29157698	-0,035299823	-0,043869764	-0,031812735
41893	455,19141	-94,240234	-94,182823	-0,28630793	-0,034518346	-0,042932481	-0,031027485
41893	455,69141	-91,740234	-91,547958	-0,28144419	-0,033603743	-0,041964713	-0,03017978
41893	456,19141	-89,240234	-89,022614	-0,27578175	-0,032874778	-0,041199781	-0,029484833
41893	456,69141	-86,740234	-86,564629	-0,27102828	-0,032170057	-0,040240556	-0,028624909
41893	457,19141	-84,240234	-84,15728	-0,26437938	-0,031384364	-0,039361816	-0,027866047
41893	457,69141	-81,740234	-81,674652	-0,26067197	-0,03057389	-0,038419645	-0,027014609
41893	458,19141	-79,240234	-79,088936	-0,25435686	-0,029872656	-0,037509605	-0,026280137
41893	458,69141	-76,740234	-76,519745	-0,24941564	-0,029104784	-0,036728006	-0,025395192
41893	459,19141	-74,240234	-74,081902	-0,24439991	-0,028383732	-0,035752293	-0,024622308
41893	459,69141	-71,740234	-71,65889	-0,23878813	-0,027589396	-0,03489266	-0,02378802
41893	460,19141	-69,240234	-69,203827	-0,23266375	-0,02681163	-0,033896998	-0,02305208
41893	460,69141	-66,740234	-66,570137	-0,22754371	-0,025971085	-0,033024907	-0,022163996
41893	461,19141	-64,240234	-63,983898	-0,22177994	-0,025264353	-0,032031473	-0,021333989
41893	461,69141	-61,740234	-61,585266	-0,21679103	-0,024468213	-0,031089604	-0,020565901
41893	462,19141	-59,240234	-59,19833	-0,21148026	-0,023815244	-0,030234039	-0,019839343
41893	462,69141	-56,740234	-56,725567	-0,20450652	-0,023030579	-0,029379565	-0,018990386
41893	463,19141	-54,240234	-54,061073	-0,19882023	-0,022210866	-0,028229004	-0,018066538
41893	463,69141	-51,740234	-51,547295	-0,19280016	-0,021453321	-0,02734958	-0,017332572
41893	464,19141	-49,240234	-49,119232	-0,18707812	-0,020646185	-0,0263124	-0,016573429
41893	464,69141	-46,740234	-46,686932	-0,18116236	-0,019844472	-0,025456484	-0,015772022
41893	465,19141	-44,240234	-44,20612	-0,17453134	-0,019170403	-0,024517888	-0,014936491
41893	465,69141	-41,740234	-41,584461	-0,16926527	-0,018354833	-0,023341741	-0,014046274
41893	466,19141	-39,240234	-39,049332	-0,16222894	-0,017533302	-0,02256369	-0,013355284
41893	466,69141	-36,740234	-36,59977	-0,15594363	-0,016818166	-0,021423493	-0,012566443
41893	467,19141	-34,240234	-34,173618	-0,14873147	-0,016018301	-0,020451421	-0,011814408
41893	467,69141	-31,740234	-31,699266	-0,14201403	-0,015198678	-0,019502658	-0,011004524
41893	468,19141	-29,240234	-29,109951	-0,13615787	-0,01442647	-0,01835864	-0,010262512
41893	468,69141	-26,740234	-26,571293	-0,12829006	-0,013668269	-0,017300775	-0,0094794501
41893	469,19141	-24,240234	-24,098083	-0,12177229	-0,012832999	-0,016204564	-0,0087127397
41893	469,69141	-21,740234	-21,645927	-0,11453032	-0,012017697	-0,015111142	-0,0079875812
41893	470,19141	-19,240234	-19,183153	-0,10701716	-0,011233389	-0,014128078	-0,0073339371
41893	470,69141	-16,740234	-16,642611	-0,098833442	-0,010418326	-0,012872901	-0,0067369351
41893	471,19141	-14,240234	-14,037983	-0,089985132	-0,0095852315	-0,011692312	-0,0060772365
41893	471,69141	-11,740234	-11,580848	-0,08084178	-0,0086092651	-0,01043709	-0,0054264516
41893	472,19141	-9,2402344	-9,2504826	-0,07160902	-0,0077964365	-0,0093541034	-0,0050116181
41893	472,69141	-6,7402344	-6,7430043	-0,059771538	-0,0067985654	-0,0081227003	-0,0046157287
41893	473,19141	-4,2402344	-4,1692128	-0,045198202	-0,0055723488	-0,0067135966	-0,0043469742
41893	473,69141	-1,7402344	-2,1748896	-0,032037497	-0,0044169724	-0,0055007734	-0,004452873
41893	474,19141	-1	-1,3919119	-0,025072694	-0,003935039	-0,0050324141	-0,0044744899
41893	474,69141	-1	-0,80828929	-0,018501282	-0,0036052763	-0,0045349901	-0,0045515578
41893	475,19141	-1	-0,67451036	-0,016155839	-0,0034213662	-0,0045040264	-0,0045020971
41893	475,69141	-1	-0,70907545	-0,016286969	-0,0034004152	-0,0044309283	-0,0045510875
41893	476,19141	-1	-0,70479697	-0,016391277	-0,0033251047	-0,0044165836	-0,0045270016
41893	476,69141	-1	-0,7713176	-0,016859174	-0,0033760965	-0,0044980198	-0,004457104
41893	477,19141	-1	-0,88311917	-0,017926097	-0,0034338832	-0,0043404028	-0,0045302566
41893	477,69141	-1	-0,88645333	-0,017651916	-0,0034062266	-0,0044514583	-0,0044158213
41893	478,19141	-1	-0,88454783	-0,017592311	-0,0034180582	-0,0043724892	-0,0043599252
41893	478,69141	-1	-0,91923028	-0,017625093	-0,0034067333	-0,0043048477	-0,0044565005
41893	479,19141	-1	-0,93135422	-0,017723441	-0,0033946335	-0,0043968898	-0,0044130366
41893	479,69141	-1	-0,97265095	-0,018176436	-0,0033656955	-0,0043971022	-0,0043590618
41893	480,19141	-1	-0,97649544	-0,017759204	-0,0033465624	-0,0043229256	-0,0043713627
41893	480,69141	-1	-0,98739564	-0,017505884	-0,0033297241	-0,0044415495	-0,0044058282
41893	481,19141	-1	-0,96608514	-0,017651916	-0,0033388138	-0,0018994319	-0,0043932293
41893	481,69141	0	0,14589913	1,0085166	-0,001521647	0,12388707	-0,0073779402

Datenerfassung						Zeit:	482,08789	s	11.09.2014 13:21:31
Ch 1 Kraft	Ch 1 W2TK Mittel	1944 A	1944 B	1281068
kN	mm	mm	mm	mm
0,22651814	2,0341177	0,00039481532	0,23185977	0,134497
-249,06313	2,0339427	-0,0002644388	-0,080916733	-0,09378162
