MTS793|MPT|DEU|1|2|,|.|:|49|1|1|A

Bediener Information						Zeit:	46,270508	s	18.07.2023 09:59:40
Datum	18.07.2023
Probe	Pittrich _TP2_CEMIII_A_oF_20.6.23 Druck Probe 1
Prüfer: 	Be
Masse	5368
Länge	299,2
Durchmesser	99,0
Bediener Information Ende

Datenerfassung						Zeit:	149,85645	s	18.07.2023 10:01:23
Ch 1 Weg	Ch 1 Kraft
mm	kN
0,96137971	0,2396442
-1,0990143	-356,95255

Datenerfassung						Zeit:	149,8623	s	18.07.2023 10:01:23
Datum	Tageszeit	Laufzeit	Ch 1 Kraft Sollwert	Ch 1 Kraft	Ch 1 Weg
d	d	s	kN	kN	mm
45125	0,45494783	56,493164	-1,7617188	-1,3077296	-0,0025436282
45125	0,45495015	56,693359	-2,5424805	-2,1653919	-0,008328259
45125	0,45495248	56,893555	-3,3232422	-2,7478206	-0,014938414
45125	0,4549548	57,09375	-4,1040039	-3,0730367	-0,018303096
45125	0,4549571	57,293945	-4,8847656	-3,6685002	-0,023292005
45125	0,45495942	57,494141	-5,6655273	-4,9896669	-0,035977364
45125	0,45496175	57,694336	-6,4462891	-6,034637	-0,044162571
45125	0,45496407	57,894531	-7,2270508	-6,7999959	-0,049957633
45125	0,45496637	58,094727	-8,0078125	-7,5256414	-0,054647028
45125	0,45496869	58,294922	-8,7885742	-8,2742033	-0,059214234
45125	0,45497102	58,495117	-9,5693359	-9,0820475	-0,063432753
45125	0,45497334	58,695313	-10,350098	-10,004372	-0,068578124
45125	0,45497563	58,895508	-11,130859	-10,87632	-0,073412061
45125	0,45497796	59,095703	-11,911621	-11,765471	-0,077848136
45125	0,45498028	59,295898	-12,692383	-12,613704	-0,081895292
45125	0,45498261	59,496094	-13,473145	-13,418465	-0,085400045
45125	0,4549849	59,696289	-14,253906	-14,211893	-0,088438392
45125	0,45498723	59,896484	-15,034668	-14,995027	-0,092603266
45125	0,45498955	60,09668	-15,81543	-15,789438	-0,095903873
45125	0,45499185	60,296875	-16,596191	-16,555178	-0,099909306
45125	0,45499417	60,49707	-17,376953	-17,348633	-0,10319501
45125	0,4549965	60,697266	-18,157715	-18,137003	-0,1057446
45125	0,45499882	60,897461	-18,938477	-18,916519	-0,1088962
45125	0,45500112	61,097656	-19,719238	-19,674044	-0,11186302
45125	0,45500344	61,297852	-20,5	-20,480972	-0,11486262
45125	0,45500576	61,498047	-21,280762	-21,277472	-0,11787117
45125	0,45500809	61,698242	-22,061523	-22,059105	-0,12077838
45125	0,45501038	61,898438	-22,842285	-22,814276	-0,1234889
45125	0,45501271	62,098633	-23,623047	-23,601614	-0,12694001
45125	0,45501503	62,298828	-24,403809	-24,372076	-0,12955964
45125	0,45501736	62,499023	-25,18457	-25,141417	-0,13255179
45125	0,45501965	62,699219	-25,965332	-25,952513	-0,13486147
45125	0,45502198	62,899414	-26,746094	-26,745735	-0,13745278
45125	0,4550243	63,099609	-27,526855	-27,507717	-0,14116764
45125	0,45502663	63,299805	-28,307617	-28,293585	-0,14288425
45125	0,45502892	63,5	-29,088379	-29,104342	-0,14538616
45125	0,45503125	63,700195	-29,869141	-29,874487	-0,14813989
45125	0,45503357	63,900391	-30,649902	-30,607365	-0,15110224
45125	0,4550359	64,100586	-31,430664	-31,40086	-0,15344471
45125	0,45503819	64,300781	-32,211426	-32,200336	-0,15614182
45125	0,45504051	64,500977	-32,992188	-32,97961	-0,15877932
45125	0,45504284	64,701172	-33,772949	-33,746117	-0,16126484
45125	0,45504516	64,901367	-34,553711	-34,555649	-0,16379952
45125	0,45504746	65,101563	-35,334473	-35,326691	-0,16617775
45125	0,45504978	65,301758	-36,115234	-36,096748	-0,16826838
45125	0,45505211	65,501953	-36,895996	-36,862194	-0,17100275
45125	0,45505443	65,702148	-37,676758	-37,644337	-0,17353594
45125	0,45505673	65,902344	-38,45752	-38,423393	-0,17558932
45125	0,45505905	66,102539	-39,238281	-39,207352	-0,17851591
45125	0,45506138	66,302734	-40,019043	-40,018875	-0,18060207
45125	0,4550637	66,50293	-40,799805	-40,803596	-0,18347353
45125	0,455066	66,703125	-41,580566	-41,550457	-0,18515736
45125	0,45506832	66,90332	-42,361328	-42,33588	-0,1879245
45125	0,45507064	67,103516	-43,14209	-43,115337	-0,19010007
45125	0,45507297	67,303711	-43,922852	-43,892818	-0,19249469
45125	0,45507526	67,503906	-44,703613	-44,67889	-0,19464493
45125	0,45507759	67,704102	-45,484375	-45,454899	-0,19709915
45125	0,45507991	67,904297	-46,265137	-46,242462	-0,19927919
45125	0,45508224	68,104492	-47,045898	-47,032307	-0,20166188
45125	0,45508453	68,304688	-47,82666	-47,810635	-0,20378381
45125	0,45508686	68,504883	-48,607422	-48,570099	-0,20617992
45125	0,45508918	68,705078	-49,388184	-49,33934	-0,20883977
45125	0,45509151	68,905273	-50,168945	-50,159401	-0,21118671
45125	0,4550938	69,105469	-50,949707	-50,922375	-0,21250397
45125	0,45509613	69,305664	-51,730469	-51,684299	-0,21508485
45125	0,45509845	69,505859	-52,51123	-52,502663	-0,21760315
45125	0,45510077	69,706055	-53,291992	-53,254604	-0,21953732
45125	0,45510307	69,90625	-54,072754	-54,023121	-0,2219215
45125	0,45510539	70,106445	-54,853516	-54,805908	-0,22400618
45125	0,45510772	70,306641	-55,634277	-55,606216	-0,22649169
45125	0,45511004	70,506836	-56,415039	-56,374664	-0,22868365
45125	0,45511234	70,707031	-57,195801	-57,158596	-0,23038238
45125	0,45511466	70,907227	-57,976563	-57,954445	-0,23281723
45125	0,45511699	71,107422	-58,757324	-58,721924	-0,23482591
45125	0,45511931	71,307617	-59,538086	-59,488514	-0,23736805
45125	0,45512161	71,507813	-60,318848	-60,267372	-0,23955554
45125	0,45512393	71,708008	-61,099609	-61,062263	-0,24121553
45125	0,45512626	71,908203	-61,880371	-61,845127	-0,24394989
45125	0,45512858	72,108398	-62,661133	-62,633884	-0,2457723
45125	0,45513088	72,308594	-63,441895	-63,411259	-0,24827123
45125	0,4551332	72,508789	-64,222656	-64,171532	-0,24958551
45125	0,45513552	72,708984	-65,003418	-64,937218	-0,25235116
45125	0,45513785	72,90918	-65,78418	-65,729919	-0,25430769
45125	0,45514014	73,109375	-66,564941	-66,544548	-0,25650561
45125	0,45514247	73,30957	-67,345703	-67,317833	-0,25847405
45125	0,45514479	73,509766	-68,126465	-68,097923	-0,26100278
45125	0,45514712	73,709961	-68,907227	-68,883423	-0,26287138
45125	0,45514941	73,910156	-69,687988	-69,637299	-0,26430935
45125	0,45515174	74,110352	-70,46875	-70,422165	-0,26702732
45125	0,45515406	74,310547	-71,249512	-71,215607	-0,26907623
45125	0,45515639	74,510742	-72,030273	-71,982307	-0,27081817
45125	0,45515868	74,710938	-72,811035	-72,7593	-0,27284622
45125	0,45516101	74,911133	-73,591797	-73,573036	-0,27491003
45125	0,45516333	75,111328	-74,372559	-74,337936	-0,27755201
45125	0,45516565	75,311523	-75,15332	-75,115578	-0,27903914
45125	0,45516795	75,511719	-75,934082	-75,865662	-0,28135329
45125	0,45517027	75,711914	-76,714844	-76,683968	-0,28320998
45125	0,4551726	75,912109	-77,495605	-77,470062	-0,2855286
45125	0,45517492	76,112305	-78,276367	-78,258636	-0,28700978
45125	0,45517722	76,3125	-79,057129	-79,020737	-0,28937608
45125	0,45517954	76,512695	-79,837891	-79,792587	-0,29157698
45125	0,45518187	76,712891	-80,618652	-80,536797	-0,29384941
45125	0,45518419	76,913086	-81,399414	-81,364441	-0,29527247
45125	0,45518649	77,113281	-82,180176	-82,14827	-0,29754937
45125	0,45518881	77,313477	-82,960938	-82,925903	-0,29960275
45125	0,45519114	77,513672	-83,741699	-83,698975	-0,30194521
45125	0,45519346	77,713867	-84,522461	-84,480614	-0,30380934
45125	0,45519575	77,914063	-85,303223	-85,274651	-0,30538738
45125	0,45519808	78,114258	-86,083984	-86,034454	-0,30780435
45125	0,4552004	78,314453	-86,864746	-86,84343	-0,30949712
45125	0,45520273	78,514648	-87,645508	-87,613243	-0,31173974
45125	0,45520502	78,714844	-88,42627	-88,388763	-0,31350851
45125	0,45520735	78,915039	-89,207031	-89,193184	-0,31512082
45125	0,45520967	79,115234	-89,987793	-89,952347	-0,31759143
45125	0,455212	79,31543	-90,768555	-90,715553	-0,31926334
45125	0,45521429	79,515625	-91,549316	-91,502731	-0,32150894
45125	0,45521662	79,71582	-92,330078	-92,298386	-0,32352805
45125	0,45521894	79,916016	-93,11084	-93,055611	-0,32512099
45125	0,45522127	80,116211	-93,891602	-93,840065	-0,32721311
45125	0,45522356	80,316406	-94,672363	-94,632355	-0,32900125
45125	0,45522588	80,516602	-95,453125	-95,424957	-0,33135265
45125	0,45522821	80,716797	-96,233887	-96,178062	-0,33285469
45125	0,45523053	80,916992	-97,014648	-96,940071	-0,33504069
45125	0,45523283	81,117188	-97,79541	-97,755142	-0,33673495
45125	0,45523515	81,317383	-98,576172	-98,53907	-0,33818632
45125	0,45523748	81,517578	-99,356934	-99,324989	-0,34075379
45125	0,4552398	81,717773	-100,1377	-100,1106	-0,34298003
45125	0,4552421	81,917969	-100,91846	-100,90549	-0,3442362
45125	0,45524442	82,118164	-101,69922	-101,67539	-0,34676492
45125	0,45524675	82,318359	-102,47998	-102,44321	-0,34847856
45125	0,45524907	82,518555	-103,26074	-103,2286	-0,35047829
45125	0,45525137	82,71875	-104,0415	-104,00055	-0,35194457
45125	0,45525369	82,918945	-104,82227	-104,80254	-0,35392046
45125	0,45525602	83,119141	-105,60303	-105,58718	-0,35641789
45125	0,45525834	83,319336	-106,38379	-106,3559	-0,35786927
45125	0,45526063	83,519531	-107,16455	-107,13789	-0,35943389
45125	0,45526296	83,719727	-107,94531	-107,93667	-0,36178231
45125	0,45526528	83,919922	-108,72607	-108,69363	-0,36368221
45125	0,45526761	84,120117	-109,50684	-109,47195	-0,36582947
45125	0,4552699	84,320313	-110,2876	-110,23672	-0,36732405
45125	0,45527223	84,520508	-111,06836	-111,02239	-0,36945939
45125	0,45527455	84,720703	-111,84912	-111,83746	-0,37115961
45125	0,45527688	84,920898	-112,62988	-112,59628	-0,37309378
45125	0,45527917	85,121094	-113,41064	-113,37386	-0,37507415
45125	0,4552815	85,321289	-114,19141	-114,16729	-0,37683547
45125	0,45528382	85,521484	-114,97217	-114,95821	-0,37879497
45125	0,45528615	85,72168	-115,75293	-115,73127	-0,3805235
45125	0,45528844	85,921875	-116,53369	-116,50012	-0,38226843
45125	0,45529076	86,12207	-117,31445	-117,27156	-0,38426667
45125	0,45529309	86,322266	-118,09521	-118,07001	-0,38599074
45125	0,45529541	86,522461	-118,87598	-118,86096	-0,38788915
45125	0,45529771	86,722656	-119,65674	-119,61723	-0,38961023
45125	0,45530003	86,922852	-120,4375	-120,43005	-0,39116293
45125	0,45530236	87,123047	-121,21826	-121,21892	-0,39380491
45125	0,45530465	87,323242	-121,99902	-121,9692	-0,39550662
45125	0,45530698	87,523438	-122,77979	-122,73203	-0,39685816
45125	0,4553093	87,723633	-123,56055	-123,51734	-0,39911121
45125	0,45531163	87,923828	-124,34131	-124,30663	-0,40093809
45125	0,45531392	88,124023	-125,12207	-125,08048	-0,40239841
45125	0,45531625	88,324219	-125,90283	-125,88516	-0,40411502
45125	0,45531857	88,524414	-126,68359	-126,66679	-0,40604174
45125	0,45532089	88,724609	-127,46436	-127,44144	-0,40808767
45125	0,45532319	88,924805	-128,24512	-128,19731	-0,40960014
45125	0,45532551	89,125	-129,02588	-129,01131	-0,41138679
45125	0,45532784	89,325195	-129,80664	-129,77463	-0,41381121
45125	0,45533016	89,525391	-130,5874	-130,56044	-0,41512102
45125	0,45533246	89,725586	-131,36816	-131,34744	-0,41718632
45125	0,45533478	89,925781	-132,14893	-132,10417	-0,41876584
45125	0,45533711	90,125977	-132,92969	-132,88896	-0,42068362
45125	0,45533943	90,326172	-133,71045	-133,67091	-0,42336285
45125	0,45534173	90,526367	-134,49121	-134,47026	-0,42443722
45125	0,45534405	90,726563	-135,27197	-135,24071	-0,42626709
45125	0,45534638	90,926758	-136,05273	-136,02943	-0,42835027
45125	0,4553487	91,126953	-136,8335	-136,81638	-0,42984635
45125	0,455351	91,327148	-137,61426	-137,58707	-0,43179244
45125	0,45535332	91,527344	-138,39502	-138,35802	-0,43356121
45125	0,45535564	91,727539	-139,17578	-139,15038	-0,43536723
45125	0,45535797	91,927734	-139,95654	-139,91991	-0,43681115
45125	0,45536026	92,12793	-140,7373	-140,68436	-0,43857247
45125	0,45536259	92,328125	-141,51807	-141,48828	-0,44078231
45125	0,45536491	92,52832	-142,29883	-142,26396	-0,44228733
45125	0,45536724	92,728516	-143,07959	-143,02899	-0,44417679
45125	0,45536953	92,928711	-143,86035	-143,80219	-0,4463166
45125	0,45537186	93,128906	-144,64111	-144,62161	-0,44785738
45125	0,45537418	93,329102	-145,42188	-145,4064	-0,44986755
45125	0,45537651	93,529297	-146,20264	-146,17786	-0,45156032
45125	0,4553788	93,729492	-146,9834	-146,9543	-0,45300424
45125	0,45538113	93,929688	-147,76416	-147,72536	-0,45487583
45125	0,45538345	94,129883	-148,54492	-148,49875	-0,45696348
45125	0,45538577	94,330078	-149,32568	-149,25696	-0,45839101
45125	0,45538807	94,530273	-150,10645	-150,07117	-0,4603371
45125	0,45539039	94,730469	-150,88721	-150,83795	-0,46240836
45125	0,45539272	94,930664	-151,66797	-151,62025	-0,46420842
45125	0,45539504	95,130859	-152,44873	-152,42537	-0,46552569
45125	0,45539734	95,331055	-153,22949	-153,20604	-0,46753436
45125	0,45539966	95,53125	-154,01025	-153,97392	-0,46941787
45125	0,45540199	95,731445	-154,79102	-154,74089	-0,47106892
45125	0,45540431	95,931641	-155,57178	-155,54738	-0,47307163
45125	0,45540661	96,131836	-156,35254	-156,33774	-0,47490746
45125	0,45540893	96,332031	-157,1333	-157,08147	-0,47595352
45125	0,45541126	96,532227	-157,91406	-157,89958	-0,47836304
45125	0,45541358	96,732422	-158,69482	-158,66112	-0,48009753
45125	0,45541587	96,932617	-159,47559	-159,42563	-0,48218369
45125	0,4554182	97,132813	-160,25635	-160,20822	-0,48370808
45125	0,45542052	97,333008	-161,03711	-161,0146	-0,48540533
45125	0,45542285	97,533203	-161,81787	-161,75772	-0,4873082
45125	0,45542514	97,733398	-162,59863	-162,55945	-0,4891336
45125	0,45542747	97,933594	-163,37939	-163,35788	-0,49057007
45125	0,45542979	98,133789	-164,16016	-164,09764	-0,49207211
45125	0,45543212	98,333984	-164,94092	-164,88029	-0,49398094
45125	0,45543441	98,53418	-165,72168	-165,6785	-0,49637258
45125	0,45543674	98,734375	-166,50244	-166,47632	-0,49745142
45125	0,45543906	98,93457	-167,2832	-167,24336	-0,49908906
45125	0,45544139	99,134766	-168,06396	-168,0477	-0,50126761
45125	0,45544368	99,334961	-168,84473	-168,79518	-0,50328225
45125	0,455446	99,535156	-169,62549	-169,56784	-0,50495267
45125	0,45544833	99,735352	-170,40625	-170,34209	-0,50652027
45125	0,45545065	99,935547	-171,18701	-171,14661	-0,50841123
45125	0,45545295	100,13574	-171,96777	-171,92236	-0,51046014
45125	0,45545527	100,33594	-172,74854	-172,70674	-0,51233619
45125	0,4554576	100,53613	-173,5293	-173,49437	-0,51362216
45125	0,45545992	100,73633	-174,31006	-174,26599	-0,51543564
45125	0,45546222	100,93652	-175,09082	-175,02188	-0,51712245
45125	0,45546454	101,13672	-175,87158	-175,81445	-0,51939636
45125	0,45546687	101,33691	-176,65234	-176,61598	-0,52111596
45125	0,45546919	101,53711	-177,43311	-177,36955	-0,52241087
45125	0,45547149	101,7373	-178,21387	-178,15219	-0,52441806
45125	0,45547381	101,9375	-178,99463	-178,95169	-0,52662045
45125	0,45547614	102,1377	-179,77539	-179,70207	-0,52817613
45125	0,45547846	102,33789	-180,55615	-180,49104	-0,52989572
45125	0,45548075	102,53809	-181,33691	-181,26305	-0,53161383
45125	0,45548308	102,73828	-182,11768	-182,07451	-0,53367764
45125	0,4554854	102,93848	-182,89844	-182,83725	-0,53449571
45125	0,45548773	103,13867	-183,6792	-183,62071	-0,53705126
45125	0,45549002	103,33887	-184,45996	-184,43585	-0,53941458
45125	0,45549235	103,53906	-185,24072	-185,18637	-0,54062009
45125	0,45549467	103,73926	-186,02148	-185,95628	-0,5422309
45125	0,455497	103,93945	-186,80225	-186,74355	-0,54446906
45125	0,45549929	104,13965	-187,58301	-187,53342	-0,54576993
45125	0,45550162	104,33984	-188,36377	-188,31134	-0,54779202
45125	0,45550394	104,54004	-189,14453	-189,09038	-0,54938197
45125	0,45550627	104,74023	-189,92529	-189,88303	-0,55126697
45125	0,45550856	104,94043	-190,70605	-190,64215	-0,55287331
45125	0,45551088	105,14063	-191,48682	-191,40515	-0,55484325
45125	0,45551321	105,34082	-192,26758	-192,20558	-0,55662394
45125	0,45551553	105,54102	-193,04834	-192,9847	-0,55854172
45125	0,45551783	105,74121	-193,8291	-193,74747	-0,56000948
45125	0,45552015	105,94141	-194,60986	-194,55402	-0,56198984
45125	0,45552248	106,1416	-195,39063	-195,32556	-0,56342483
45125	0,4555248	106,3418	-196,17139	-196,08823	-0,56560338
45125	0,4555271	106,54199	-196,95215	-196,88475	-0,56736469
45125	0,45552942	106,74219	-197,73291	-197,66901	-0,56898892
45125	0,45553175	106,94238	-198,51367	-198,46706	-0,57061166
45125	0,45553407	107,14258	-199,29443	-199,22585	-0,57289153
45125	0,45553637	107,34277	-200,0752	-200,01051	-0,57433546
45125	0,45553869	107,54297	-200,85596	-200,80176	-0,5761385
45125	0,45554101	107,74316	-201,63672	-201,57149	-0,57790577
45125	0,45554334	107,94336	-202,41748	-202,35968	-0,57976097
45125	0,45554563	108,14355	-203,19824	-203,16264	-0,58162212
45125	0,45554796	108,34375	-203,979	-203,92021	-0,58350712
45125	0,45555028	108,54395	-204,75977	-204,67871	-0,58512986
45125	0,45555261	108,74414	-205,54053	-205,49637	-0,58722049
45125	0,4555549	108,94434	-206,32129	-206,24957	-0,58889836
45125	0,45555723	109,14453	-207,10205	-207,02579	-0,59013963
45125	0,45555955	109,34473	-207,88281	-207,82588	-0,59199631
45125	0,45556188	109,54492	-208,66357	-208,59163	-0,5939275
45125	0,45556417	109,74512	-209,44434	-209,36357	-0,59615225
45125	0,4555665	109,94531	-210,2251	-210,15929	-0,59814006
45125	0,45556882	110,14551	-211,00586	-210,93889	-0,59942454
45125	0,45557114	110,3457	-211,78662	-211,73212	-0,60090423
45125	0,45557344	110,5459	-212,56738	-212,50702	-0,60317814
45125	0,45557576	110,74609	-213,34814	-213,2639	-0,60479492
45125	0,45557809	110,94629	-214,12891	-214,06563	-0,60690045
45125	0,45558041	111,14648	-214,90967	-214,83237	-0,60870051
45125	0,45558271	111,34668	-215,69043	-215,62608	-0,61077178
45125	0,45558503	111,54688	-216,47119	-216,40654	-0,61206967
45125	0,45558736	111,74707	-217,25195	-217,16649	-0,61430931
45125	0,45558968	111,94727	-218,03271	-217,98099	-0,61574578
45125	0,45559198	112,14746	-218,81348	-218,76326	-0,61699152
45125	0,4555943	112,34766	-219,59424	-219,54172	-0,61955601
45125	0,45559663	112,54785	-220,375	-220,29662	-0,62126368
45125	0,45559895	112,74805	-221,15576	-221,06691	-0,62316656
45125	0,45560125	112,94824	-221,93652	-221,88737	-0,62457472
45125	0,45560357	113,14844	-222,71729	-222,64948	-0,62698871
45125	0,45560589	113,34863	-223,49805	-223,46587	-0,62890202
45125	0,45560822	113,54883	-224,27881	-224,23232	-0,63065141
45125	0,45561051	113,74902	-225,05957	-224,98793	-0,63252896
45125	0,45561284	113,94922	-225,84033	-225,78917	-0,63436627
45125	0,45561516	114,14941	-226,62109	-226,56223	-0,63617229
45125	0,45561746	114,34961	-227,40186	-227,34888	-0,63800961
45125	0,45561978	114,5498	-228,18262	-228,1004	-0,64010918
45125	0,45562211	114,75	-228,96338	-228,88876	-0,64183027
45125	0,45562443	114,9502	-229,74414	-229,68323	-0,64322501
45125	0,45562673	115,15039	-230,5249	-230,44218	-0,64534694
45125	0,45562905	115,35059	-231,30566	-231,2589	-0,6473735
45125	0,45563138	115,55078	-232,08643	-232,01807	-0,6489709
45125	0,4556337	115,75098	-232,86719	-232,78546	-0,6509468
45125	0,45563599	115,95117	-233,64795	-233,58719	-0,65239668
45125	0,45563832	116,15137	-234,42871	-234,36884	-0,6544739
45125	0,45564064	116,35156	-235,20947	-235,17104	-0,65667331
45125	0,45564297	116,55176	-235,99023	-235,91933	-0,65821111
45125	0,45564526	116,75195	-236,771	-236,70438	-0,659585
45125	0,45564759	116,95215	-237,55176	-237,51285	-0,66226721
45125	0,45564991	117,15234	-238,33252	-238,2812	-0,6635949
45125	0,45565224	117,35254	-239,11328	-239,07372	-0,66583306
45125	0,45565453	117,55273	-239,89404	-239,83572	-0,66739023
45125	0,45565686	117,75293	-240,6748	-240,60323	-0,66917241
45125	0,45565918	117,95313	-241,45557	-241,39555	-0,67148209
45125	0,45566151	118,15332	-242,23633	-242,17816	-0,67342222
45125	0,4556638	118,35352	-243,01709	-242,98763	-0,67517012
45125	0,45566612	118,55371	-243,79785	-243,72862	-0,67645907
45125	0,45566845	118,75391	-244,57861	-244,50726	-0,67859441
45125	0,45567077	118,9541	-245,35938	-245,31696	-0,6809175
45125	0,45567307	119,1543	-246,14014	-246,07741	-0,68277866
45125	0,45567539	119,35449	-246,9209	-246,86043	-0,68428069
45125	0,45567772	119,55469	-247,70166	-247,64482	-0,68683326
45125	0,45568004	119,75488	-248,48242	-248,41801	-0,6882295
45125	0,45568234	119,95508	-249,26318	-249,21758	-0,69010705
45125	0,45568466	120,15527	-250,04395	-249,98364	-0,69164038
45125	0,45568699	120,35547	-250,82471	-250,79779	-0,69404393
45125	0,45568931	120,55566	-251,60547	-251,55295	-0,69578439
45125	0,45569161	120,75586	-252,38623	-252,32338	-0,69765598
45125	0,45569393	120,95605	-253,16699	-253,12227	-0,69930106
45125	0,45569625	121,15625	-253,94775	-253,88606	-0,70123971
45125	0,45569858	121,35645	-254,72852	-254,68944	-0,70309192
45125	0,45570087	121,55664	-255,50928	-255,45706	-0,70506185
45125	0,4557032	121,75684	-256,29004	-256,23538	-0,70726424
45125	0,45570552	121,95703	-257,0708	-257,02744	-0,70894808
45125	0,45570785	122,15723	-257,85156	-257,79175	-0,71126372
45125	0,45571014	122,35742	-258,63232	-258,5986	-0,71306676
45125	0,45571247	122,55762	-259,41309	-259,33511	-0,71489215
45125	0,45571479	122,75781	-260,19385	-260,11746	-0,71690232
45125	0,45571712	122,95801	-260,97461	-260,92642	-0,71922392
45125	0,45571941	123,1582	-261,75537	-261,68802	-0,72080642
45125	0,45572174	123,3584	-262,53613	-262,48663	-0,72302073
45125	0,45572406	123,55859	-263,31689	-263,25754	-0,72489679
45125	0,45572639	123,75879	-264,09766	-264,048	-0,72672963
45125	0,45572868	123,95898	-264,87842	-264,8205	-0,72860122
45125	0,455731	124,15918	-265,65918	-265,59601	-0,7305041
45125	0,45573333	124,35938	-266,43994	-266,39008	-0,7335037
45125	0,45573565	124,55957	-267,2207	-267,14496	-0,73449165
45125	0,45573795	124,75977	-268,00146	-267,90768	-0,73662251
45125	0,45574027	124,95996	-268,78223	-268,74551	-0,73838681
45125	0,4557426	125,16016	-269,56299	-269,49759	-0,74077249
45125	0,45574492	125,36035	-270,34375	-270,30563	-0,7426694
45125	0,45574722	125,56055	-271,12451	-271,0506	-0,74500293
45125	0,45574954	125,76074	-271,90527	-271,83115	-0,74625611
45125	0,45575187	125,96094	-272,68604	-272,62634	-0,74870735
45125	0,45575419	126,16113	-273,4668	-273,39313	-0,7504642
45125	0,45575649	126,36133	-274,24756	-274,19547	-0,75263232
45125	0,45575881	126,56152	-275,02832	-274,94714	-0,75414777
45125	0,45576113	126,76172	-275,80908	-275,72424	-0,75665414
45125	0,45576346	126,96191	-276,58984	-276,5484	-0,75886846
45125	0,45576575	127,16211	-277,37061	-277,2998	-0,76072663
45125	0,45576808	127,3623	-278,15137	-278,10266	-0,76313168
45125	0,4557704	127,5625	-278,93213	-278,88406	-0,76478422
45125	0,45577273	127,7627	-279,71289	-279,64764	-0,7665202
45125	0,45577502	127,96289	-280,49365	-280,45474	-0,76895058
45125	0,45577735	128,16309	-281,27441	-281,21097	-0,77136308
45125	0,45577967	128,36328	-282,05518	-282,01074	-0,77312887
45125	0,455782	128,56348	-282,83594	-282,78412	-0,77526122
45125	0,45578429	128,76367	-283,6167	-283,55539	-0,77707767
45125	0,45578662	128,96387	-284,39746	-284,33896	-0,77934861
45125	0,45578894	129,16406	-285,17822	-285,10846	-0,78162402
45125	0,45579126	129,36426	-285,95898	-285,92505	-0,78374892
45125	0,45579356	129,56445	-286,73975	-286,68512	-0,78535676
45125	0,45579588	129,76465	-287,52051	-287,45306	-0,78755468
45125	0,45579821	129,96484	-288,30127	-288,23526	-0,79002827
45125	0,45580053	130,16504	-289,08203	-289,01398	-0,79207271
45125	0,45580283	130,36523	-289,86279	-289,82281	-0,79344511
45125	0,45580515	130,56543	-290,64355	-290,57684	-0,7961899
45125	0,45580748	130,76563	-291,42432	-291,33133	-0,79866201
45125	0,4558098	130,96582	-292,20508	-292,1445	-0,80028772
45125	0,4558121	131,16602	-292,98584	-292,92935	-0,80253035
45125	0,45581442	131,36621	-293,7666	-293,69986	-0,80478638
45125	0,45581675	131,56641	-294,54736	-294,4653	-0,80668926
45125	0,45581907	131,7666	-295,32813	-295,25531	-0,80923587
45125	0,45582137	131,9668	-296,10889	-296,047	-0,81151724
45125	0,45582369	132,16699	-296,88965	-296,79919	-0,81366301
45125	0,45582601	132,36719	-297,67041	-297,62561	-0,81567615
45125	0,45582834	132,56738	-298,45117	-298,37625	-0,81813633
45125	0,45583063	132,76758	-299,23193	-299,14099	-0,82017034
45125	0,45583296	132,96777	-300,0127	-299,95255	-0,8225143
45125	0,45583528	133,16797	-300,79346	-300,72601	-0,82416832
45125	0,45583761	133,36816	-301,57422	-301,5304	-0,82673728
45125	0,4558399	133,56836	-302,35498	-302,27103	-0,82860738
45125	0,45584223	133,76855	-303,13574	-303,04089	-0,83073378
45125	0,45584455	133,96875	-303,9165	-303,85892	-0,8335799
45125	0,45584688	134,16895	-304,69727	-304,61011	-0,83594024
45125	0,45584917	134,36914	-305,47803	-305,43149	-0,83808899
45125	0,4558515	134,56934	-306,25879	-306,18762	-0,84047765
45125	0,45585382	134,76953	-307,03955	-306,9346	-0,84272772
45125	0,45585614	134,96973	-307,82031	-307,73727	-0,84547549
45125	0,45585844	135,16992	-308,60107	-308,52838	-0,84719658
45125	0,45586076	135,37012	-309,38184	-309,28546	-0,84934682
45125	0,45586309	135,57031	-310,1626	-310,09677	-0,85200071
45125	0,45586541	135,77051	-310,94336	-310,86441	-0,85439533
45125	0,45586771	135,9707	-311,72412	-311,62988	-0,85642785
45125	0,45587003	136,1709	-312,50488	-312,43283	-0,85899532
45125	0,45587236	136,37109	-313,28564	-313,2041	-0,86146742
45125	0,45587468	136,57129	-314,06641	-314,00082	-0,86377859
45125	0,45587698	136,77148	-314,84717	-314,78619	-0,86617172
45125	0,4558793	136,97168	-315,62793	-315,52957	-0,86868554
45125	0,45588163	137,17188	-316,40869	-316,30927	-0,87091923
45125	0,45588395	137,37207	-317,18945	-317,10141	-0,87383837
45125	0,45588624	137,57227	-317,97021	-317,86517	-0,87600648
45125	0,45588857	137,77246	-318,75098	-318,689	-0,87863952
45125	0,45589089	137,97266	-319,53174	-319,44037	-0,88116378
45125	0,45589322	138,17285	-320,3125	-320,21375	-0,88387728
45125	0,45589551	138,37305	-321,09326	-320,98895	-0,88635534
45125	0,45589784	138,57324	-321,87402	-321,7843	-0,88888109
45125	0,45590016	138,77344	-322,65479	-322,5672	-0,89168996
45125	0,45590249	138,97363	-323,43555	-323,36591	-0,89422017
45125	0,45590478	139,17383	-324,21631	-324,1239	-0,89643896
45125	0,45590711	139,37402	-324,99707	-324,90283	-0,89894533
45125	0,45590943	139,57422	-325,77783	-325,6857	-0,90187788
45125	0,45591176	139,77441	-326,55859	-326,46902	-0,90470761
45125	0,45591405	139,97461	-327,33936	-327,26758	-0,9076044
45125	0,45591637	140,1748	-328,12012	-328,04031	-0,90999603
45125	0,4559187	140,375	-328,90088	-328,81815	-0,91247857
45125	0,45592102	140,5752	-329,68164	-329,59161	-0,91589987
45125	0,45592332	140,77539	-330,4624	-330,36826	-0,91811866
45125	0,45592564	140,97559	-331,24316	-331,15988	-0,92069507
45125	0,45592797	141,17578	-332,02393	-331,95642	-0,92357248
45125	0,45593026	141,37598	-332,80469	-332,70581	-0,92639327
45125	0,45593259	141,57617	-333,58545	-333,46155	-0,92985332
45125	0,45593491	141,77637	-334,36621	-334,27225	-0,93209147
45125	0,45593724	141,97656	-335,14697	-335,0582	-0,93559623
45125	0,45593953	142,17676	-335,92773	-335,82077	-0,93853176
45125	0,45594186	142,37695	-336,7085	-336,62454	-0,94166994
45125	0,45594418	142,57715	-337,48926	-337,38916	-0,94474405
45125	0,45594651	142,77734	-338,27002	-338,15366	-0,94818771
45125	0,4559488	142,97754	-339,05078	-338,94351	-0,9511292
45125	0,45595112	143,17773	-339,83154	-339,74637	-0,95395595
45125	0,45595345	143,37793	-340,6123	-340,48669	-0,95799565
45125	0,45595577	143,57813	-341,39307	-341,29935	-0,96099377
45125	0,45595807	143,77832	-342,17383	-342,06165	-0,96458048
45125	0,45596039	143,97852	-342,95459	-342,80624	-0,96737295
45125	0,45596272	144,17871	-343,73535	-343,60968	-0,97115636
45125	0,45596504	144,37891	-344,51611	-344,41	-0,97495914
45125	0,45596734	144,5791	-345,29688	-345,18372	-0,97887516
45125	0,45596966	144,7793	-346,07764	-345,95959	-0,9826377
45125	0,45597199	144,97949	-346,8584	-346,7132	-0,98679066
45125	0,45597431	145,17969	-347,63916	-347,48593	-0,99099576
45125	0,45597661	145,37988	-348,41992	-348,27005	-0,99566728
45125	0,45597893	145,58008	-349,20068	-349,05807	-0,9992525
45125	0,45598125	145,78027	-349,98145	-349,83847	-1,0040581
45125	0,45598358	145,98047	-350,76221	-350,61145	-1,0087639
45125	0,45598587	146,18066	-351,54297	-351,36417	-1,0134637
45125	0,4559882	146,38086	-352,32373	-352,10422	-1,0188653
45125	0,45599052	146,58105	-353,10449	-352,90222	-1,0250106
45125	0,45599285	146,78125	-353,88525	-353,63669	-1,0314598
45125	0,45599514	146,98145	-354,66602	-354,41263	-1,0387168
45125	0,45599747	147,18164	-355,44678	-355,13586	-1,0459318
45125	0,45599979	147,38184	-356,22754	-355,8508	-1,055789
45125	0,45600212	147,58203	-357,0083	-356,52423	-1,0668681
45125	0,45600441	147,78223	-357,78906	-356,9278	-1,0857747
45125	0,45600674	147,98242	0	-319,4263	-1,0485008
45125	0,45600906	148,18262	0	-206,23891	-0,84303916
45125	0,45601138	148,38281	0	-106,28278	-0,62375814
45125	0,45601368	148,58301	0	-35,579121	-0,40422976
45125	0,456016	148,7832	0	-0,20155124	-0,18686503
45125	0,45601833	148,9834	0	0,15748851	0,031580031
45125	0,45602065	149,18359	0	0,18257461	0,22856295
45125	0,45602295	149,38379	0	0,20440668	0,45694113
45125	0,45602527	149,58398	0	0,17916225	0,67323297
45125	0,4560276	149,78418	0	0,1762379	0,88741034
