MTS793|MPT|DEU|1|2|,|.|:|49|1|1|A

Bediener Information						Zeit:	38,506836	Sec	05.07.2010 15:35:46
Datum : 	05.07.2010
Prüfer : 	Machura
Probenbezeichnung :  	TH-M7-Z13
Bemerkungen	Kraftgeregelt 3,9 kN/s
Bemerkung 	
Taster	-
Länge in mm	299,5
Höhe in mm	Durchmesser: 98,8
Breite in mm	-
Masse in g	5425,0
zusätzlich MTS Aufnehmer	1944A, 1944B, 1281068
Messlänge MTS	100 mm
Bediener Information Ende

Datenerfassung						Zeit:	481,86328	Sec	05.07.2010 15:43:09
Laufzeit	Ch 1 Kraft	Ch 1 Weg	1944 A	1944 B	1281068
Sec	kN	mm	mm	mm	mm
39,017578	-1,9095271	-0,18505752	5,8547594e-05	0,00011207612	0,00011774525
39,517578	-1,788836	-0,18333197	3,025867e-05	0,00021876511	0,00012083538
40,017578	-1,6914961	-0,18400922	9,6369535e-05	0,00028814643	0,00020478852
40,517578	-1,5793993	-0,18385947	0,00015605334	0,00030964438	5,1064417e-05
41,017578	-1,491313	-0,18112659	0,00014981348	0,00029290665	0,00016560033
41,517578	-1,3969103	-0,18048659	0,00018294621	0,00036309788	0,00022618286
42,017578	-1,271301	-0,17974749	0,00022370182	0,00032911688	0,00018278696
42,517578	-1,1939156	-0,18142536	0,00025247969	0,00035131117	0,00024871714
43,017578	-1,1229544	-0,17836392	0,00030057412	0,00042073627	0,00027187914
43,517578	-1,0210202	-0,17927736	0,00032648351	0,00048454688	0,00034989789
44,017578	-0,95238173	-0,17693564	0,00031531323	0,00050978881	0,00035437196
44,517578	-0,94178045	-0,17725825	0,00040791184	0,00051385979	0,00038391352
45,017578	-0,97596186	-0,17695725	0,00034932978	0,00049299671	0,00037585571
45,517578	-1,0057149	-0,17884448	0,0002930928	0,00046814594	0,00024434365
46,017578	-1,0134774	-0,17741323	0,00034843758	0,0004687956	0,0003705658
46,517578	-0,99926543	-0,17920062	0,00037239771	0,00044481247	0,00023700669
47,017578	-0,99362624	-0,17772764	0,000322056	0,00053728942	0,00034037791
47,517578	-1,005631	-0,17904565	0,00030994415	0,00041215937	0,00039399974
48,017578	-0,99819535	-0,17732829	0,00027886871	0,00050487689	0,00037481077
48,517578	-1,0111715	-0,176806	0,00030409917	0,00042563555	0,00035616383
49,017578	-2,675523	-0,012930483	-0,00066808052	-0,00064605352	-0,00019029528
49,517578	-4,1117744	-0,01957044	-0,0010509491	-0,0012224934	-0,00041414425
50,017578	-6,7083583	-0,031988323	-0,0019694837	-0,0022512167	-0,00090631098
50,517578	-8,5605183	-0,040851533	-0,0026809946	-0,0030363812	-0,0012832973
51,017578	-10,613894	-0,050727278	-0,0034303847	-0,003843467	-0,001735203
51,517578	-12,645867	-0,056741387	-0,0041496982	-0,004699125	-0,0021695048
52,017578	-14,582273	-0,065712631	-0,0049004578	-0,0054320516	-0,0024567284
52,517578	-16,500099	-0,073319674	-0,0057454216	-0,006168203	-0,0030370243
53,017578	-18,450571	-0,080034882	-0,0065034777	-0,0068605365	-0,0035039671
53,517578	-20,415449	-0,086778402	-0,007322819	-0,0075709606	-0,0039578117
54,017578	-22,347408	-0,093573332	-0,0081604458	-0,0081214001	-0,0046349652
54,517578	-24,268581	-0,099390745	-0,0089650918	-0,0087409904	-0,0050836895
55,017578	-26,223289	-0,1035966	-0,0099204704	-0,0093421871	-0,005734263
55,517578	-28,150221	-0,10922179	-0,010735333	-0,0099866064	-0,0063158665
56,017578	-30,112896	-0,1173079	-0,011636053	-0,010534211	-0,0068225693
56,517578	-32,040077	-0,1235798	-0,012503176	-0,011163892	-0,0073932558
57,017578	-33,98111	-0,12805015	-0,013322737	-0,011842329	-0,008016184
57,517578	-35,936069	-0,13411418	-0,014251644	-0,012470615	-0,0088002216
58,017578	-37,901367	-0,13801381	-0,015126541	-0,013031703	-0,0093084164
58,517578	-39,855835	-0,14456436	-0,015970806	-0,013625587	-0,010125862
59,017578	-41,815441	-0,15068129	-0,016891884	-0,014291011	-0,010716405
59,517578	-43,746925	-0,15585721	-0,017734237	-0,014902982	-0,011356138
60,017578	-45,726173	-0,16160458	-0,018526694	-0,015631724	-0,012084479
60,517578	-47,683826	-0,16652346	-0,01943088	-0,016211683	-0,012792192
61,017578	-49,603752	-0,17052144	-0,020239212	-0,016841678	-0,013540208
61,517578	-51,566978	-0,17848387	-0,021080723	-0,017517585	-0,014199555
62,017578	-53,493343	-0,1821734	-0,021925796	-0,018103147	-0,014919672
62,517578	-55,449245	-0,18859357	-0,022816367	-0,018765513	-0,015563294
63,017578	-57,394527	-0,19218549	-0,023548473	-0,01944576	-0,016211431
63,517578	-59,344307	-0,19891337	-0,024370728	-0,020042984	-0,017089009
64,017578	-61,269535	-0,20318553	-0,025175795	-0,02070903	-0,017779294
64,517578	-63,248867	-0,20748228	-0,026016673	-0,021444198	-0,018563479
65,017578	-65,176651	-0,21432489	-0,026776046	-0,021982558	-0,019288465
65,517578	-67,085136	-0,21727905	-0,027528031	-0,022649234	-0,019977376
66,017578	-68,948875	-0,22400543	-0,028329328	-0,023368767	-0,020732701
66,517578	-70,91378	-0,22810549	-0,029243447	-0,023986399	-0,021487512
67,017578	-72,894081	-0,2323553	-0,029928217	-0,024693983	-0,022425797
67,517578	-74,871017	-0,2387464	-0,030800326	-0,025407109	-0,023090389
68,017578	-76,82724	-0,24299994	-0,031567037	-0,026026292	-0,023832604
68,517578	-78,809937	-0,24701059	-0,032357991	-0,026675886	-0,02467192
69,017578	-80,747826	-0,25287122	-0,033149309	-0,02741041	-0,025399536
69,517578	-82,723579	-0,25556311	-0,033873379	-0,028075075	-0,026312247
70,017578	-84,668251	-0,26054233	-0,03467311	-0,028735425	-0,02699795
70,517578	-86,533211	-0,26684552	-0,035448998	-0,029425345	-0,027730167
71,017578	-88,519798	-0,27212575	-0,036200821	-0,030110301	-0,028604612
71,517578	-90,472801	-0,27622879	-0,036971144	-0,030746993	-0,029403087
72,017578	-92,445831	-0,2790533	-0,037686557	-0,03147338	-0,030264631
72,517578	-94,422836	-0,28590485	-0,038466848	-0,032219071	-0,03108735
73,017578	-96,427345	-0,28844029	-0,039334722	-0,032838099	-0,03181411
73,517578	-98,327194	-0,29261187	-0,040009141	-0,033515155	-0,032657921
74,017578	-100,31509	-0,29771253	-0,040754423	-0,034198917	-0,033432011
74,517578	-102,24346	-0,30341819	-0,041519322	-0,035005059	-0,034306265
75,017578	-104,19479	-0,30644536	-0,042337559	-0,035626262	-0,035089076
75,517578	-106,10799	-0,31166598	-0,042997532	-0,036337886	-0,035791889
76,017578	-108,06393	-0,31811818	-0,043831855	-0,037109151	-0,036675848
76,517578	-110,02641	-0,32003	-0,044594623	-0,03777666	-0,037542641
77,017578	-111,9516	-0,32626092	-0,045357965	-0,038477015	-0,038416784
77,517578	-113,92777	-0,3301844	-0,046076171	-0,03921701	-0,0392708
78,017578	-115,89868	-0,33486709	-0,046823949	-0,039908957	-0,040005554
78,517578	-117,81992	-0,33728033	-0,047560841	-0,04053859	-0,040862858
79,017578	-119,78476	-0,34246817	-0,048380569	-0,041362993	-0,041670911
79,517578	-121,75257	-0,34868941	-0,049235255	-0,042064514	-0,042559583
80,017578	-123,71487	-0,35354719	-0,049791619	-0,042781714	-0,043343395
80,517578	-125,65568	-0,35706833	-0,050610758	-0,043535877	-0,044072557
81,017578	-127,56878	-0,36123767	-0,051402681	-0,044251408	-0,044957291
81,517578	-129,54208	-0,36608651	-0,052168377	-0,044970609	-0,045772921
82,017578	-131,50636	-0,36912039	-0,052911751	-0,045662154	-0,046661977
82,517578	-133,43968	-0,37364364	-0,053655013	-0,046344563	-0,047550548
83,017578	-135,37793	-0,37798807	-0,054386355	-0,047064215	-0,048208881
83,517578	-137,35638	-0,38270354	-0,05520802	-0,047835767	-0,049144555
84,017578	-136,89473	-0,38340166	-0,05521515	-0,047785986	-0,0491121
84,517578	-134,86786	-0,37908703	-0,054724015	-0,047322538	-0,048683468
85,017578	-132,91203	-0,37548468	-0,054089479	-0,046741679	-0,048114475
85,517578	-130,93832	-0,37413985	-0,053577945	-0,046188295	-0,047484603
86,017578	-128,95117	-0,36989897	-0,052949794	-0,045628678	-0,046855848
86,517578	-127,01554	-0,36715865	-0,052407622	-0,045050889	-0,046174396
87,017578	-125,05426	-0,36281943	-0,051818587	-0,044542931	-0,045700569
87,517578	-123,10215	-0,35796613	-0,051189482	-0,04396797	-0,044993889
88,017578	-121,1614	-0,35667196	-0,050676391	-0,043415222	-0,044478763
88,517578	-119,1944	-0,35267398	-0,050049298	-0,042858332	-0,043811869
89,017578	-117,24026	-0,34917369	-0,049478836	-0,042241972	-0,043040041
89,517578	-115,23701	-0,34405068	-0,048854291	-0,041608281	-0,042443193
90,017578	-113,32854	-0,3398411	-0,048241593	-0,041060813	-0,041859295
90,517578	-111,35964	-0,33804923	-0,047726661	-0,040464513	-0,041263398
91,017578	-109,43137	-0,33214912	-0,047087178	-0,039871983	-0,040582508
91,517578	-107,61846	-0,32983497	-0,046448834	-0,039345402	-0,039940391
92,017578	-105,64838	-0,32694489	-0,045855731	-0,038850263	-0,039327677
92,517578	-103,48626	-0,3227897	-0,045140803	-0,038137536	-0,03848977
93,017578	-101,55104	-0,31692609	-0,044560142	-0,037623256	-0,037928581
93,517578	-99,609093	-0,31421632	-0,043901607	-0,036933519	-0,037215319
94,017578	-97,684593	-0,31027421	-0,043293007	-0,036407132	-0,036669627
94,517578	-95,972733	-0,30774698	-0,042682894	-0,035817787	-0,036046714
95,017578	-93,978897	-0,30243546	-0,042028524	-0,035212938	-0,035339225
95,517578	-91,996323	-0,30003637	-0,041314725	-0,034528088	-0,034702595
96,017578	-90,013802	-0,29440746	-0,040757567	-0,03395531	-0,034002706
96,517578	-88,025734	-0,28971136	-0,04003071	-0,033405155	-0,033298455
97,017578	-86,064995	-0,28573945	-0,03943041	-0,032753091	-0,032589778
97,517578	-84,107567	-0,28293356	-0,038729623	-0,032114029	-0,03185264
98,017578	-82,125801	-0,27741864	-0,038140673	-0,031467684	-0,031244114
98,517578	-80,178284	-0,27472451	-0,037437785	-0,030902088	-0,030485313
99,017578	-78,225288	-0,27157515	-0,036790255	-0,030269863	-0,029889334
99,517578	-76,260971	-0,26525706	-0,035997123	-0,029624764	-0,029167142
100,01758	-74,311569	-0,26117414	-0,035421416	-0,028983908	-0,028445665
100,51758	-72,358055	-0,25722012	-0,034630112	-0,028376628	-0,027754627
101,01758	-70,432465	-0,2522096	-0,033995237	-0,027766911	-0,027030993
101,51758	-68,448906	-0,24829581	-0,033308104	-0,027122783	-0,026393753
102,01758	-66,524109	-0,24419129	-0,032634087	-0,026466526	-0,025587738
102,51758	-64,579285	-0,23831278	-0,031968169	-0,025921561	-0,024973746
103,01758	-62,603004	-0,23423582	-0,031285703	-0,025284944	-0,024205595
103,51758	-60,680763	-0,23046508	-0,030450651	-0,024649017	-0,023314025
104,01758	-58,731976	-0,22589862	-0,02978082	-0,024078337	-0,022720575
104,51758	-56,794891	-0,22069365	-0,029013898	-0,023457685	-0,021942176
105,01758	-54,841347	-0,21479651	-0,028309386	-0,022786895	-0,021226507
105,51758	-52,886559	-0,21014735	-0,027518	-0,022136075	-0,020509247
106,01758	-50,918343	-0,20441413	-0,026719416	-0,021493031	-0,019690517
106,51758	-48,970078	-0,20072684	-0,025934549	-0,02084171	-0,01902179
107,01758	-46,999413	-0,19417033	-0,025194146	-0,020243967	-0,018244442
107,51758	-45,066479	-0,18933788	-0,024434613	-0,019607387	-0,017492171
108,01758	-43,113155	-0,18322691	-0,023649205	-0,018928008	-0,016812056
108,51758	-41,191162	-0,17844737	-0,022799179	-0,018266546	-0,01602865
109,01758	-39,240932	-0,17262995	-0,021992445	-0,017690469	-0,015372653
109,51758	-37,286415	-0,16856343	-0,02118488	-0,017070698	-0,014582772
110,01758	-35,325802	-0,16314313	-0,02023346	-0,016284553	-0,013853755
110,51758	-33,375126	-0,15737116	-0,019374803	-0,015720922	-0,013167769
111,01758	-31,419376	-0,15032887	-0,018457007	-0,015043056	-0,012555607
111,51758	-29,483515	-0,14315546	-0,017666593	-0,014370767	-0,011802802
112,01758	-27,528896	-0,13822541	-0,016730545	-0,013754573	-0,011092257
112,51758	-25,562147	-0,13072863	-0,015720561	-0,013002999	-0,010411581
113,01758	-23,650196	-0,12475252	-0,014763609	-0,012263072	-0,0097304527
113,51758	-21,700226	-0,11743754	-0,013844483	-0,011722187	-0,0091183744
114,01758	-19,748644	-0,11268035	-0,012888196	-0,010957875	-0,0083407983
114,51758	-17,783762	-0,10569096	-0,011812074	-0,010292967	-0,0076789726
115,01758	-15,844206	-0,098416209	-0,010905047	-0,009500524	-0,0070476308
115,51758	-13,904832	-0,09001866	-0,0099796494	-0,0086923512	-0,0064341389
116,01758	-11,964247	-0,080366433	-0,0089818155	-0,0079797152	-0,0059121642
116,51758	-9,9996424	-0,073439628	-0,0080810273	-0,0069815214	-0,0052924436
117,01758	-8,1338291	-0,063964725	-0,007107948	-0,006045796	-0,0047678817
117,51758	-6,7452574	-0,056957453	-0,0066015101	-0,0054158573	-0,0043799393
118,01758	-4,2586923	-0,044023246	-0,0054518329	-0,0042241965	-0,0037989132
118,51758	-2,2587256	-0,029459596	-0,0044185827	-0,0032769737	-0,0034255423
119,01758	-3,33165	-0,034504384	-0,0046477485	-0,0036232199	-0,0033699125
119,51758	-5,1264839	-0,044521689	-0,0054239053	-0,0042754458	-0,0038050562
120,01758	-7,2841368	-0,055129081	-0,0062182117	-0,0052317823	-0,004160136
120,51758	-9,4423923	-0,065089017	-0,0070742834	-0,0060956581	-0,0045300499
121,01758	-11,588139	-0,073610991	-0,0079037901	-0,0069960635	-0,0050871093
121,51758	-13,521105	-0,080820173	-0,0086911339	-0,00770438	-0,005476363
122,01758	-15,474659	-0,088628381	-0,0095319152	-0,0084431833	-0,0061143022
122,51758	-17,441586	-0,095035881	-0,010447863	-0,0091117779	-0,0065178387
123,01758	-19,394184	-0,10140985	-0,011359224	-0,009794347	-0,0070690922
123,51758	-21,322191	-0,10657459	-0,012190489	-0,010345279	-0,0076944064
124,01758	-23,245226	-0,11473969	-0,013087378	-0,010918672	-0,0082900785
124,51758	-25,182753	-0,12044311	-0,014004583	-0,011505243	-0,008998502
125,01758	-27,15654	-0,12662783	-0,014949744	-0,012123098	-0,0094776414
125,51758	-29,113361	-0,13081059	-0,015854392	-0,012813438	-0,009985093
126,01758	-31,059824	-0,1368545	-0,016724451	-0,013393725	-0,010715092
126,51758	-32,997135	-0,14334396	-0,017587941	-0,014012194	-0,011300759
127,01758	-34,957478	-0,14840513	-0,018521622	-0,014623089	-0,012088751
127,51758	-36,912094	-0,15346929	-0,019261107	-0,015249434	-0,01263592
128,01758	-38,852821	-0,159657	-0,020137515	-0,015839191	-0,013229582
128,51758	-40,782181	-0,16477779	-0,020932458	-0,016512642	-0,013978239
129,01758	-42,709122	-0,16999468	-0,021793976	-0,017196329	-0,014615715
129,51758	-44,702152	-0,1752086	-0,022678018	-0,017716318	-0,015444912
130,01758	-46,612465	-0,18050149	-0,023449337	-0,018357998	-0,016019125
130,51758	-48,580639	-0,18601641	-0,024216022	-0,019030774	-0,016640108
131,01758	-50,560078	-0,1905866	-0,025051534	-0,019654524	-0,017400593
131,51758	-52,485752	-0,19611791	-0,025859036	-0,020247322	-0,018054176
132,01758	-54,434502	-0,20207837	-0,026630577	-0,020874532	-0,018914118
132,51758	-56,355183	-0,20735934	-0,027416922	-0,021519754	-0,019448396
133,01758	-58,337849	-0,21003336	-0,028200245	-0,022120357	-0,020241305
133,51758	-60,19101	-0,21712855	-0,028936138	-0,022689762	-0,020878144
134,01758	-62,199467	-0,22024512	-0,029723668	-0,023444155	-0,021567181
134,51758	-64,277138	-0,22702813	-0,030469168	-0,024079705	-0,022437904
135,01758	-66,207825	-0,23149103	-0,031208532	-0,024706235	-0,023154631
135,51758	-68,123749	-0,23576021	-0,031973958	-0,02530032	-0,023827203
136,01758	-70,081116	-0,23969188	-0,032738261	-0,025975157	-0,02459177
136,51758	-72,044647	-0,24550557	-0,033464003	-0,026588084	-0,025229402
137,01758	-73,950066	-0,24855956	-0,034150671	-0,027189177	-0,026153732
137,51758	-75,920326	-0,25330335	-0,03487616	-0,027785543	-0,026856992
138,01758	-77,885033	-0,25762469	-0,035561852	-0,028552495	-0,027533028
138,51758	-79,831184	-0,2639316	-0,036299571	-0,02919391	-0,028285671
139,01758	-81,783257	-0,26811138	-0,037013516	-0,029808903	-0,029006183
139,51758	-83,71669	-0,27123466	-0,037718117	-0,030425161	-0,029736012
140,01758	-85,708916	-0,27515292	-0,038452405	-0,031082269	-0,030441556
140,51758	-87,616066	-0,28107315	-0,039165638	-0,031720318	-0,031168591
141,01758	-89,543747	-0,28510541	-0,039823018	-0,03228477	-0,031979449
141,51758	-91,388451	-0,28858185	-0,040443599	-0,032924503	-0,032618079
142,01758	-93,344933	-0,29205233	-0,04113882	-0,033527173	-0,033398043
142,51758	-95,193611	-0,29834807	-0,04181274	-0,034166545	-0,034050927
143,01758	-97,216972	-0,3016673	-0,042507119	-0,034815703	-0,034765474
143,51758	-99,179657	-0,30595437	-0,043239713	-0,035462011	-0,035562802
144,01758	-101,30458	-0,30922666	-0,043904737	-0,036123086	-0,036362968
144,51758	-103,05795	-0,31540245	-0,044568911	-0,036754426	-0,037078459
145,01758	-105,0731	-0,31854808	-0,04521098	-0,037463482	-0,037821103
145,51758	-107,07909	-0,32354146	-0,045929663	-0,038038526	-0,038476523
146,01758	-109,00745	-0,32666773	-0,046584919	-0,038673151	-0,03925724
146,51758	-110,92761	-0,3306821	-0,047248445	-0,039301354	-0,039920829
147,01758	-112,93306	-0,33435822	-0,047937699	-0,039890941	-0,040715873
147,51758	-114,86081	-0,33882558	-0,048552789	-0,040617749	-0,041510541
148,01758	-116,8337	-0,34492984	-0,049269184	-0,041259676	-0,04220672
148,51758	-118,78449	-0,34798905	-0,04998298	-0,041873567	-0,042975493
149,01758	-120,74694	-0,35149455	-0,050613359	-0,042478535	-0,043702368
149,51758	-122,70522	-0,35704076	-0,051365584	-0,043106072	-0,044466812
150,01758	-124,63246	-0,35884678	-0,05195915	-0,043804605	-0,045242239
150,51758	-126,62146	-0,36349818	-0,052616477	-0,044470996	-0,045944121
151,01758	-128,54747	-0,36668479	-0,053273685	-0,045147475	-0,046733472
151,51758	-130,49786	-0,37085265	-0,054029904	-0,045709796	-0,047394965
152,01758	-132,42964	-0,37477463	-0,0546882	-0,046383731	-0,048189621
152,51758	-134,38657	-0,38158521	-0,055332623	-0,0471038	-0,048924047
153,01758	-136,33778	-0,38383305	-0,05606965	-0,04773007	-0,049646106
153,51758	-135,87413	-0,38288906	-0,056047514	-0,047722615	-0,049717139
154,01758	-133,87411	-0,38079172	-0,05550918	-0,047142375	-0,049111757
154,51758	-131,8768	-0,37570223	-0,054956406	-0,046570413	-0,048450831
155,01758	-129,91949	-0,37390366	-0,054320872	-0,045990735	-0,047930475
155,51758	-127,92413	-0,37038848	-0,053728111	-0,045520168	-0,047241334
156,01758	-126,00308	-0,36689937	-0,053211316	-0,044894993	-0,046671156
156,51758	-124,02642	-0,3641665	-0,052498125	-0,044283208	-0,045986604
157,01758	-122,05903	-0,35800636	-0,051953264	-0,043821435	-0,045360874
157,51758	-120,10392	-0,35582408	-0,051324658	-0,043230388	-0,044750627
158,01758	-118,15522	-0,35217106	-0,050709516	-0,042567972	-0,044123378
158,51758	-116,21581	-0,34817681	-0,050146148	-0,042041671	-0,043484125
159,01758	-114,24209	-0,34562945	-0,049523853	-0,041409973	-0,042810332
159,51758	-112,30415	-0,33981204	-0,048934042	-0,04080689	-0,042343505
160,01758	-110,33086	-0,33856258	-0,048264474	-0,040243965	-0,041567914
160,51758	-108,39021	-0,33471137	-0,047703572	-0,039658658	-0,040908735
161,01758	-106,42991	-0,32903254	-0,047100484	-0,039053559	-0,0402973
161,51758	-104,51587	-0,32597408	-0,046454825	-0,038450763	-0,03964866
162,01758	-102,56344	-0,32306165	-0,045847476	-0,037816133	-0,039006345
162,51758	-100,63272	-0,31866357	-0,045272022	-0,037322555	-0,038266245
163,01758	-98,661659	-0,3136158	-0,044603541	-0,036709245	-0,03766619
163,51758	-96,667816	-0,31105578	-0,043918252	-0,03601015	-0,036948506
164,01758	-94,723549	-0,30687749	-0,043243594	-0,035458107	-0,036200769
164,51758	-92,769478	-0,30360892	-0,042670287	-0,034858588	-0,035646275
165,01758	-90,82515	-0,29790029	-0,04197564	-0,034220904	-0,034902997
165,51758	-88,882301	-0,29430538	-0,041354686	-0,033679813	-0,034209553
166,01758	-86,926155	-0,29043928	-0,040670011	-0,033087786	-0,033604115
166,51758	-85,00071	-0,28807893	-0,040090978	-0,032505583	-0,032817852
167,01758	-83,029015	-0,2841793	-0,039368223	-0,031874049	-0,032158323
167,51758	-81,334709	-0,27840957	-0,038896408	-0,031372514	-0,031528171
168,01758	-79,310921	-0,275819	-0,038122896	-0,030678965	-0,03089501
168,51758	-77,312141	-0,2698034	-0,037439048	-0,030046431	-0,030149374
169,01758	-75,339333	-0,26738793	-0,036803707	-0,029395491	-0,029361092
169,51758	-73,360641	-0,26065186	-0,036028765	-0,02877426	-0,028837968
170,01758	-71,393448	-0,25858209	-0,035361767	-0,02812729	-0,028014615
170,51758	-69,432808	-0,25198013	-0,03471148	-0,027535364	-0,027415786
171,01758	-67,489288	-0,24734512	-0,034048893	-0,026954735	-0,026625529
171,51758	-65,53936	-0,24338067	-0,033272088	-0,026259635	-0,02578358
172,01758	-63,549816	-0,23811013	-0,032537401	-0,025626456	-0,025009476
172,51758	-61,588165	-0,23354813	-0,031772967	-0,024942873	-0,024280105
173,01758	-59,646942	-0,2288729	-0,031079277	-0,024327559	-0,023658
173,51758	-57,714375	-0,22570565	-0,030337149	-0,023782182	-0,022805169
174,01758	-55,7337	-0,21930039	-0,029630423	-0,023088582	-0,022004254
174,51758	-53,781479	-0,21578595	-0,02888312	-0,022422999	-0,021300741
175,01758	-51,877399	-0,20908341	-0,028156472	-0,021838538	-0,020561632
175,51758	-49,893192	-0,20544603	-0,027405446	-0,021160988	-0,01985427
176,01758	-47,91235	-0,20079091	-0,026576912	-0,020587312	-0,019089978
176,51758	-45,984901	-0,19382462	-0,025738616	-0,019914351	-0,018300954
177,01758	-44,040321	-0,18845797	-0,025019173	-0,019283	-0,017553471
177,51758	-42,099133	-0,18312931	-0,024130583	-0,018652527	-0,01689703
178,01758	-40,148705	-0,17700791	-0,023274451	-0,017982002	-0,016151898
178,51758	-38,241905	-0,17166883	-0,022554863	-0,017319703	-0,015365053
179,01758	-36,279369	-0,16634613	-0,021632463	-0,016622268	-0,014676347
179,51758	-34,338413	-0,16218796	-0,020690002	-0,0160343	-0,013961464
180,01758	-32,36599	-0,15489683	-0,019843135	-0,015329487	-0,013264917
180,51758	-30,39015	-0,14925972	-0,018884476	-0,014690051	-0,012457207
181,01758	-28,457121	-0,14312044	-0,018008519	-0,014005397	-0,011794716
181,51758	-26,537222	-0,13551638	-0,01702546	-0,013350588	-0,011078088
182,01758	-24,583923	-0,13146773	-0,016070779	-0,012682704	-0,010374177
182,51758	-22,635199	-0,12271553	-0,01512825	-0,012055305	-0,0096611008
183,01758	-20,684818	-0,11574253	-0,014118692	-0,011377358	-0,0090784859
183,51758	-18,727318	-0,10896474	-0,01317993	-0,010632935	-0,0083180666
184,01758	-16,784803	-0,10148883	-0,012160016	-0,010035109	-0,0076598879
184,51758	-14,83764	-0,096330792	-0,011208786	-0,009272093	-0,0070214905
185,01758	-12,875319	-0,088299811	-0,010131062	-0,0084617473	-0,0063728802
185,51758	-10,928804	-0,079248846	-0,0091597764	-0,00761165	-0,0059014484
186,01758	-8,9918156	-0,071986765	-0,0082276249	-0,0067765545	-0,0052859318
186,51758	-7,3319955	-0,063181669	-0,0074211555	-0,0059579625	-0,0048334505
187,01758	-5,2371726	-0,051611662	-0,0064305537	-0,0049698413	-0,0043209884
187,51758	-3,1998353	-0,037885457	-0,0054502371	-0,0039763828	-0,0037311912
188,01758	-1,8053828	-0,027474016	-0,0046719788	-0,003330935	-0,0034252442
188,51758	-1,7972356	-0,027093291	-0,0045764153	-0,0031824021	-0,0033718105
189,01758	-1,8193443	-0,02753213	-0,0044796402	-0,0031725585	-0,0032532383
189,51758	-1,8518884	-0,027484447	-0,004480808	-0,0031032611	-0,0032847989
190,01758	-1,8770118	-0,026670098	-0,0044757854	-0,0030945847	-0,0031971633
190,51758	-1,8913383	-0,026516616	-0,0044799112	-0,0030806821	-0,0031747743
191,01758	-1,9391934	-0,027006865	-0,0045151478	-0,0031616341	-0,0032054279
191,51758	-1,9874034	-0,027693808	-0,0044594682	-0,0031093019	-0,0032630898
192,01758	-1,9866899	-0,026878715	-0,0044718799	-0,003085732	-0,0031598676
192,51758	-1,9883068	-0,027927011	-0,0044485619	-0,0030750099	-0,0030667484
193,01758	-2,0031893	-0,026997179	-0,0043643857	-0,0030940005	-0,0031060856
193,51758	-1,9639097	-0,026234239	-0,0043170401	-0,0030348257	-0,0030990206
194,01758	-1,981048	-0,028516352	-0,0043285838	-0,003039777	-0,0030876081
194,51758	-1,9713334	-0,02630651	-0,0043779691	-0,0030708085	-0,0030917525
195,01758	-1,9841875	-0,02843067	-0,0043188133	-0,003071849	-0,0030664336
195,51758	-1,9712616	-0,028182566	-0,0043763351	-0,003036455	-0,0030581094
196,01758	-1,9720728	-0,0273332	-0,0042976486	-0,0030051011	-0,0030749366
196,51758	-1,9836538	-0,027526915	-0,0042678481	-0,0030409056	-0,0030359123
197,01758	-1,9882518	-0,027814507	-0,0042511215	-0,0030012066	-0,0030735303
197,51758	-1,993036	-0,026308745	-0,0042877467	-0,0029852991	-0,0029838346
198,01758	-2,0083477	-0,028416514	-0,0043126782	-0,0029397334	-0,0030422956
198,51758	-2,0061388	-0,025785714	-0,0042453343	-0,0029644123	-0,0030180085
199,01758	-2,0232518	-0,027626008	-0,004339111	-0,003007425	-0,0030233562
199,51758	-2,0184424	-0,028003007	-0,0042748344	-0,0029519605	-0,0031020697
200,01758	-2,0032201	-0,0275895	-0,0041761701	-0,0029428527	-0,0029641613
200,51758	-2,0065141	-0,027927756	-0,0041674641	-0,0029413567	-0,0031319577
201,01758	-2,013243	-0,027051568	-0,004222699	-0,0029277788	-0,0030313954
201,51758	-2,0038383	-0,026107579	-0,0041328585	-0,0029804176	-0,0029530432
202,01758	-1,9977885	-0,025332719	-0,0041544507	-0,0029629474	-0,0029553715
202,51758	-2,0230694	-0,028251857	-0,0041977572	-0,0029406231	-0,0030070841
203,01758	-2,019887	-0,025593489	-0,0041860878	-0,0029763724	-0,0029868949
203,51758	-2,0237761	-0,028233975	-0,0041779769	-0,002959175	-0,0029360652
204,01758	-2,0051563	-0,027888268	-0,0041195145	-0,0029961972	-0,0030108746
204,51758	-2,0031884	-0,02707541	-0,0041068918	-0,002912902	-0,0029413942
205,01758	-1,9750931	-0,028409809	-0,004112429	-0,0028523924	-0,0028706826
205,51758	-2,0018137	-0,025618821	-0,004139069	-0,0029202546	-0,003008144
206,01758	-2,0060382	-0,027721375	-0,0041681807	-0,0029279815	-0,0028678104
206,51758	-1,9816431	-0,027363002	-0,0041762055	-0,0029185789	-0,0029724762
207,01758	-2,0176191	-0,026332587	-0,0041586878	-0,0028901813	-0,0029583909
207,51758	-1,9942793	-0,027786195	-0,0041545867	-0,0029147714	-0,0029261261
208,01758	-1,9890937	-0,027754158	-0,0041626384	-0,0028959366	-0,0029652454
208,51758	-1,9859458	-0,027424097	-0,0041169035	-0,002892595	-0,0028435271
209,01758	-1,9708285	-0,026169419	-0,004142296	-0,0028574185	-0,0029425491
209,51758	-1,9734335	-0,027843565	-0,0041380841	-0,0028769088	-0,0029464271
210,01758	-1,9802414	-0,025581568	-0,0041137561	-0,0028497449	-0,0028810725
210,51758	-1,976465	-0,026919693	-0,0041527576	-0,0027515462	-0,0028965957
211,01758	-2,0039418	-0,026345253	-0,0041505718	-0,0028464592	-0,002785515
211,51758	-1,9964865	-0,02803579	-0,0040685306	-0,0028391285	-0,002917625
212,01758	-2,0018361	-0,026709586	-0,0041360417	-0,0028455106	-0,0028978959
212,51758	-2,0048106	-0,026595592	-0,0040534376	-0,0028517419	-0,0028398074
213,01758	-2,0076056	-0,026192516	-0,004141266	-0,0028758703	-0,0028476957
213,51758	-1,9973406	-0,027421117	-0,00410034	-0,0028110011	-0,0028566495
214,01758	-1,9974095	-0,02726838	-0,0041270885	-0,0028492943	-0,0029070117
214,51758	-1,9971319	-0,026638061	-0,0041285157	-0,0028744028	-0,0028785374
215,01758	-1,9835411	-0,026349723	-0,0041105691	-0,0027682607	-0,0028064307
215,51758	-1,9942914	-0,025131553	-0,0040878877	-0,0028203316	-0,0028224122
216,01758	-1,9913913	-0,027249008	-0,0041102762	-0,0028211309	-0,0028986745
216,51758	-1,9848245	-0,027168542	-0,0040485347	-0,0027910843	-0,0028705224
217,01758	-1,9810228	-0,026104599	-0,004033858	-0,0028526534	-0,0028630402
217,51758	-1,9906155	-0,026497245	-0,0041159098	-0,0028335177	-0,0029004179
218,01758	-2,5753891	-0,030360371	-0,0043384926	-0,0030516521	-0,0029892344
218,51758	-4,6173167	-0,039298832	-0,0050985469	-0,0039191185	-0,0032949112
219,01758	-6,0661407	-0,047965348	-0,0056538624	-0,0044618393	-0,0036635157
219,51758	-8,5664091	-0,058615953	-0,0067027574	-0,0055010538	-0,0041344706
220,01758	-10,693901	-0,06768629	-0,0075111482	-0,0064332639	-0,0047262069
220,51758	-12,706399	-0,076376647	-0,0084438436	-0,007217349	-0,0051189493
221,01758	-14,641488	-0,084982067	-0,0092564039	-0,0078784255	-0,0055599846
221,51758	-16,56851	-0,09252429	-0,010172469	-0,0084928945	-0,0061380267
222,01758	-18,50647	-0,097101927	-0,011081744	-0,0091345301	-0,0066126399
222,51758	-20,445974	-0,10593385	-0,012052163	-0,0097304536	-0,0073114708
223,01758	-22,3475	-0,11068434	-0,012944347	-0,010379472	-0,0079999883
223,51758	-24,299217	-0,11808053	-0,013809385	-0,010942004	-0,008476967
224,01758	-26,228395	-0,12245625	-0,014734963	-0,011609457	-0,009196477
224,51758	-28,180023	-0,12837127	-0,015630843	-0,012208597	-0,0097585972
225,01758	-30,100863	-0,1348637	-0,016602764	-0,012845097	-0,010468693
225,51758	-32,093765	-0,1399219	-0,017468603	-0,013387424	-0,01104496
226,01758	-34,026154	-0,14562607	-0,018415947	-0,014085157	-0,011686658
226,51758	-36,003849	-0,15298054	-0,01928792	-0,01466929	-0,012336586
227,01758	-37,922115	-0,15580133	-0,020154685	-0,015290166	-0,012978323
227,51758	-39,853867	-0,16129836	-0,02094383	-0,015882283	-0,013653915
228,01758	-41,804768	-0,16679391	-0,021758169	-0,016572706	-0,014352657
228,51758	-43,73233	-0,17450154	-0,02264294	-0,017143771	-0,015184768
229,01758	-45,693001	-0,17918944	-0,023521917	-0,0178973	-0,015811514
229,51758	-47,652187	-0,18479824	-0,024296574	-0,018444117	-0,016446877
230,01758	-49,604164	-0,18799007	-0,025066197	-0,019192755	-0,017216582
230,51758	-51,53616	-0,1936011	-0,025921484	-0,019798577	-0,017904859
231,01758	-53,486748	-0,19771978	-0,026723661	-0,020400453	-0,018669095
231,51758	-55,437702	-0,20332783	-0,027568651	-0,021133874	-0,019340262
232,01758	-57,419285	-0,20789057	-0,028274715	-0,02170267	-0,020017125
232,51758	-59,354599	-0,21416023	-0,029133698	-0,022339957	-0,020817984
233,01758	-61,331787	-0,21931604	-0,029873811	-0,02296366	-0,021474112
233,51758	-63,264023	-0,22526383	-0,030623211	-0,023665873	-0,02223672
234,01758	-65,205254	-0,22741109	-0,031347178	-0,02424941	-0,022921298
234,51758	-67,181038	-0,23345202	-0,032084197	-0,02493334	-0,023742236
235,01758	-69,123795	-0,23716018	-0,032847337	-0,025600944	-0,024443574
235,51758	-71,057594	-0,2423957	-0,033570055	-0,02616586	-0,025055651
236,01758	-72,972977	-0,24755076	-0,034251899	-0,026753157	-0,025953509
236,51758	-74,972328	-0,25163963	-0,035008114	-0,027429592	-0,026602443
237,01758	-76,927673	-0,25643036	-0,035775889	-0,028178172	-0,027416807
237,51758	-78,872467	-0,26152581	-0,036525331	-0,028809538	-0,028170872
238,01758	-80,829704	-0,26494116	-0,037237741	-0,029428456	-0,028865002
238,51758	-82,660408	-0,26897192	-0,037867978	-0,030073307	-0,029625382
239,01758	-84,660957	-0,27482435	-0,038642686	-0,030706186	-0,030331202
239,51758	-86,624756	-0,27988106	-0,03937196	-0,031272486	-0,031197373
240,01758	-88,589676	-0,28388798	-0,040090375	-0,032010317	-0,031805117
240,51758	-90,456841	-0,28809011	-0,040723499	-0,032592397	-0,032469273
241,01758	-92,462143	-0,29193908	-0,041387983	-0,033248547	-0,033340488
241,51758	-94,546547	-0,29662699	-0,042136684	-0,033926968	-0,034121398
242,01758	-96,353806	-0,29962212	-0,042813838	-0,034537341	-0,034889087
242,51758	-98,305252	-0,30555949	-0,043441355	-0,035202596	-0,035578817
243,01758	-100,25897	-0,31043664	-0,044100679	-0,035820205	-0,036212515
243,51758	-102,22386	-0,31484738	-0,04486683	-0,036419928	-0,037040457
244,01758	-104,20074	-0,31866282	-0,045571648	-0,037140932	-0,037817542
244,51758	-106,16685	-0,32159537	-0,046183251	-0,037810791	-0,038592022
245,01758	-108,14139	-0,32651499	-0,046904713	-0,038426325	-0,039204113
245,51758	-110,04951	-0,33075809	-0,04748524	-0,039081715	-0,039976999
246,01758	-111,98775	-0,33366531	-0,0482217	-0,039638527	-0,040737189
246,51758	-113,93578	-0,33722371	-0,04884427	-0,040260687	-0,04135327
247,01758	-115,89742	-0,34294724	-0,04954531	-0,040939599	-0,042319648
247,51758	-117,87175	-0,34736022	-0,050238438	-0,041638959	-0,042826146
248,01758	-119,82578	-0,34989715	-0,050912976	-0,042275537	-0,043758806
248,51758	-121,7675	-0,35486668	-0,051585972	-0,042879596	-0,044369321
249,01758	-123,7238	-0,35920665	-0,052265465	-0,04352634	-0,045114677
249,51758	-125,65038	-0,3639847	-0,052960306	-0,044126622	-0,045933496
250,01758	-127,64468	-0,36695749	-0,053554587	-0,044806059	-0,046587881
250,51758	-129,56812	-0,3696233	-0,054213554	-0,045426425	-0,047407407
251,01758	-131,50156	-0,37593842	-0,054942966	-0,046100106	-0,048115488
251,51758	-133,44261	-0,38029999	-0,05560068	-0,046782326	-0,048766781
252,01758	-135,41081	-0,38228706	-0,056299873	-0,047403868	-0,049595568
252,51758	-137,13042	-0,38783252	-0,056812428	-0,048025526	-0,050301801
253,01758	-137,07599	-0,3857404	-0,056971081	-0,048060466	-0,050499242
253,51758	-137,08533	-0,38614422	-0,057049789	-0,048103027	-0,050422724
254,01758	-137,06767	-0,38845614	-0,057114422	-0,048127186	-0,050544012
254,51758	-137,06683	-0,3879942	-0,057099968	-0,048165776	-0,050542686
255,01758	-137,04372	-0,38677007	-0,057131745	-0,048132867	-0,050511297
255,51758	-137,02469	-0,38672239	-0,057219476	-0,048111491	-0,050624873
256,01758	-137,01462	-0,38795322	-0,057181798	-0,048176523	-0,050674032
256,51758	-136,99173	-0,38857013	-0,057223126	-0,048231468	-0,050541017
257,01758	-136,99458	-0,38727	-0,057329483	-0,048251256	-0,05068494
257,51758	-137,01686	-0,38696527	-0,057214893	-0,048296943	-0,050678771
258,01758	-137,01805	-0,3874138	-0,057271443	-0,048335683	-0,050703283
258,51758	-137,04042	-0,38806722	-0,057324365	-0,048316494	-0,050674651
259,01758	-137,04079	-0,38858503	-0,057363242	-0,048367884	-0,050824542
259,51758	-137,02466	-0,38803816	-0,05733493	-0,048369627	-0,050747659
260,01758	-137,02335	-0,38735941	-0,057323307	-0,048356105	-0,050814044
260,51758	-137,0172	-0,38982257	-0,057416528	-0,048348337	-0,050835047
261,01758	-136,99619	-0,38841814	-0,057400733	-0,048365191	-0,05085161
261,51758	-137,0047	-0,38978681	-0,057400286	-0,048443872	-0,050806578
262,01758	-136,97174	-0,38955063	-0,057429738	-0,04839994	-0,050889123
262,51758	-137,00011	-0,38848296	-0,057412907	-0,048467238	-0,050888408
263,01758	-136,97327	-0,3894791	-0,057508163	-0,048428379	-0,050876435
263,51758	-136,98465	-0,38927421	-0,057475775	-0,048475374	-0,050866913
264,01758	-136,97958	-0,38947091	-0,057535343	-0,048421632	-0,050897662
264,51758	-136,98688	-0,3882885	-0,057521284	-0,048414122	-0,050924439
265,01758	-136,97218	-0,38808361	-0,057566114	-0,048460919	-0,051084731
265,51758	-136,99982	-0,39076954	-0,057554618	-0,048482042	-0,051019777
266,01758	-136,98268	-0,38852245	-0,057621248	-0,048425496	-0,050944623
266,51758	-137,00595	-0,38861185	-0,057635941	-0,048544209	-0,051100943
267,01758	-137,00006	-0,39066896	-0,057581127	-0,048562642	-0,051071893
267,51758	-136,96722	-0,38992837	-0,057669193	-0,048502956	-0,051056225
268,01758	-136,95967	-0,38969889	-0,057598777	-0,048515361	-0,051047247
268,51758	-136,98956	-0,39009228	-0,057691589	-0,04852394	-0,051057126
269,01758	-136,95876	-0,3910251	-0,057676524	-0,048556414	-0,051019382
269,51758	-136,98567	-0,39058775	-0,057626501	-0,048552547	-0,051033679
270,01758	-136,99603	-0,39018691	-0,057623409	-0,048566613	-0,051182557
270,51758	-136,96556	-0,38921461	-0,057706654	-0,04864233	-0,051163439
271,01758	-136,98328	-0,39030686	-0,057729922	-0,048636381	-0,051244367
271,51758	-137,01067	-0,39157346	-0,057726316	-0,048669942	-0,051119465
272,01758	-136,9799	-0,38963258	-0,057746924	-0,048602644	-0,051167261
272,51758	-136,99689	-0,390587	-0,057809465	-0,04866137	-0,051193822
273,01758	-136,98552	-0,38989261	-0,057826132	-0,048697088	-0,051182698
273,51758	-136,99106	-0,38993061	-0,057818301	-0,048716079	-0,051267873
274,01758	-136,99556	-0,38939416	-0,057858609	-0,048692666	-0,051170457
274,51758	-137,02431	-0,38934872	-0,057799742	-0,048717704	-0,051293466
275,01758	-136,97958	-0,39151385	-0,057805479	-0,048729163	-0,051344525
275,51758	-136,96313	-0,39108545	-0,057813764	-0,048708979	-0,051302109
276,01758	-136,96425	-0,39097369	-0,057840697	-0,048729554	-0,05133127
276,51758	-136,95094	-0,39043501	-0,057834491	-0,04872537	-0,051344518
277,01758	-136,96504	-0,38974509	-0,05785346	-0,048794214	-0,051385511
277,51758	-136,97557	-0,39127618	-0,057837665	-0,048757475	-0,051250946
278,01758	-136,96989	-0,38952604	-0,057880685	-0,048852693	-0,051476073
278,51758	-136,99731	-0,39174929	-0,05795186	-0,048800532	-0,051379252
279,01758	-136,98323	-0,39117411	-0,057879433	-0,048824083	-0,051349264
279,51758	-136,97629	-0,38956925	-0,057942107	-0,048856139	-0,051445086
280,01758	-137,00412	-0,38997978	-0,057940774	-0,048802584	-0,051279906
280,51758	-137,02852	-0,38999468	-0,058006085	-0,04894156	-0,051437814
281,01758	-137,01413	-0,39002076	-0,058002353	-0,048837952	-0,051406916
281,51758	-137,02057	-0,38993061	-0,057935618	-0,04880397	-0,051525366
282,01758	-137,00006	-0,39077327	-0,057974972	-0,048864115	-0,051393036
282,51758	-136,85318	-0,389909	-0,058017306	-0,048857845	-0,051344875
283,01758	-134,75941	-0,38776398	-0,057294019	-0,048243489	-0,05064575
283,51758	-132,76723	-0,38476214	-0,056736469	-0,04764393	-0,050164241
284,01758	-130,80843	-0,3789641	-0,056146376	-0,047095127	-0,049474951
284,51758	-128,86024	-0,37797093	-0,055535562	-0,046561517	-0,04890408
285,01758	-126,94725	-0,37206262	-0,054935783	-0,045962993	-0,048189241
285,51758	-124,95989	-0,36863387	-0,054280318	-0,045364074	-0,047680635
286,01758	-123,02782	-0,364694	-0,053730674	-0,044858702	-0,046948176
286,51758	-121,05685	-0,36108792	-0,053143218	-0,044187739	-0,046339374
287,01758	-119,09931	-0,35784692	-0,052573666	-0,043641187	-0,04572786
287,51758	-117,17377	-0,35464019	-0,051937424	-0,04306322	-0,045018364
288,01758	-115,19489	-0,35094172	-0,051280394	-0,042520344	-0,044443633
288,51758	-113,24796	-0,34672245	-0,050721794	-0,04189685	-0,043702129
289,01758	-111,31681	-0,34298301	-0,050150394	-0,041302707	-0,043147735
289,51758	-109,3776	-0,33878013	-0,04948391	-0,040679988	-0,042430963
290,01758	-107,40998	-0,33665523	-0,048801377	-0,040130358	-0,041802805
290,51758	-105,45189	-0,33310503	-0,048198402	-0,039495572	-0,041047089
291,01758	-103,50072	-0,32855123	-0,047514983	-0,038954087	-0,040461686
291,51758	-101,5278	-0,3256917	-0,046921894	-0,038292136	-0,039825007
292,01758	-99,642143	-0,32115132	-0,046257012	-0,037747171	-0,039108802
292,51758	-97,662636	-0,31817928	-0,045617439	-0,037091948	-0,03859457
293,01758	-95,719765	-0,31165183	-0,044986054	-0,036481027	-0,037766606
293,51758	-93,772385	-0,30901432	-0,044312477	-0,035909373	-0,036993127
294,01758	-91,823021	-0,30449629	-0,043720707	-0,035297696	-0,036435552
294,51758	-89,867996	-0,30051023	-0,043039002	-0,03466744	-0,035626121
295,01758	-87,915573	-0,2969116	-0,042364627	-0,033984087	-0,035138059
295,51758	-85,9925	-0,29193982	-0,041686259	-0,033452153	-0,034387108
296,01758	-83,985252	-0,29007271	-0,041003615	-0,03279411	-0,033584129
296,51758	-82,102638	-0,28380677	-0,040412307	-0,032176021	-0,033001654
297,01758	-80,096756	-0,28170645	-0,039753713	-0,031567261	-0,032257486
297,51758	-78,158714	-0,27719587	-0,039084591	-0,030957907	-0,031623561
298,01758	-76,231628	-0,27287826	-0,0384041	-0,030314753	-0,030858696
298,51758	-74,269196	-0,26821271	-0,037658006	-0,029695883	-0,029973917
299,01758	-72,369644	-0,26282817	-0,037055545	-0,029039372	-0,029414736
299,51758	-70,390114	-0,25966913	-0,036321945	-0,028494863	-0,028629106
300,01758	-68,442467	-0,25588125	-0,035574414	-0,027821932	-0,027936827
300,51758	-66,453072	-0,24982914	-0,034915701	-0,027229888	-0,027215991
301,01758	-64,532211	-0,24636611	-0,034223795	-0,02652099	-0,026417993
301,51758	-62,565994	-0,24053678	-0,033515181	-0,025988504	-0,025699385
302,01758	-60,635921	-0,2366364	-0,032790154	-0,02530292	-0,024909534
302,51758	-58,802185	-0,23035109	-0,032092188	-0,024709476	-0,02420776
303,01758	-56,790874	-0,22691339	-0,031280145	-0,024091452	-0,023496885
303,51758	-54,85136	-0,2213195	-0,030606287	-0,023394037	-0,022644952
304,01758	-52,877972	-0,21698996	-0,029801494	-0,022790313	-0,021873485
304,51758	-50,872013	-0,2115652	-0,028963264	-0,022122946	-0,021012995
305,01758	-48,961559	-0,20702034	-0,02822639	-0,021512492	-0,020353734
305,51758	-47,006008	-0,20156056	-0,02734703	-0,020797834	-0,01953344
306,01758	-45,159645	-0,19477084	-0,02665237	-0,020214073	-0,0189225
306,51758	-43,202267	-0,18905103	-0,025796011	-0,019603722	-0,018143415
307,01758	-41,214821	-0,18292889	-0,024935178	-0,018892145	-0,017299529
307,51758	-39,251743	-0,17922372	-0,024100747	-0,018194148	-0,016614098
308,01758	-37,281353	-0,17377511	-0,023304386	-0,017552815	-0,015914239
308,51758	-35,328598	-0,16663149	-0,022376701	-0,016905354	-0,015153959
309,01758	-33,357811	-0,16158968	-0,021480668	-0,016169028	-0,01432481
309,51758	-31,399843	-0,156378	-0,020559527	-0,015466905	-0,013632149
310,01758	-29,446072	-0,14844909	-0,019617565	-0,014840178	-0,012917798
310,51758	-27,511566	-0,14363527	-0,018623447	-0,01413573	-0,012085903
311,01758	-25,53546	-0,1370661	-0,017727522	-0,013545163	-0,0114953
311,51758	-23,592367	-0,12886673	-0,016710766	-0,0128094	-0,010748958
312,01758	-21,630028	-0,12300611	-0,015738176	-0,012122904	-0,0099887531
312,51758	-19,688087	-0,11752844	-0,014680156	-0,011440734	-0,0093440711
313,01758	-17,750288	-0,11056438	-0,013702691	-0,010776017	-0,0086181667
313,51758	-15,785861	-0,10134727	-0,012678692	-0,010044367	-0,0080816559
314,01758	-13,847986	-0,094887614	-0,011609569	-0,0092977826	-0,0073358007
314,51758	-11,898491	-0,08444488	-0,010664877	-0,0084920106	-0,0066712201
315,01758	-9,990797	-0,076030195	-0,0095582055	-0,0077281771	-0,0061575882
315,51758	-8,0622082	-0,068224967	-0,008677762	-0,0067967791	-0,0055624135
316,01758	-6,6898808	-0,06082505	-0,0079312492	-0,0061306474	-0,0051973779
316,51758	-4,1077409	-0,04774034	-0,0066863196	-0,0049507217	-0,004542781
317,01758	-2,2036266	-0,033000112	-0,0057028583	-0,0040024091	-0,0040475819
317,51758	-0,75863308	-0,02201125	-0,0047999984	-0,0032757092	-0,0036389157
318,01758	-0,75882125	-0,019155443	-0,0047653411	-0,0033301702	-0,0034960005
318,51758	-0,79774398	-0,021391362	-0,0046223812	-0,0032005673	-0,0035809577
319,01758	-0,84611875	-0,020628422	-0,0046809334	-0,0031172265	-0,0034734979
319,51758	-0,87930924	-0,020623207	-0,0046728542	-0,0031899263	-0,0033968575
320,01758	-0,9212923	-0,020167977	-0,0046110856	-0,0031103855	-0,0035187006
320,51758	-0,94392532	-0,019373745	-0,0045573888	-0,0031137266	-0,0034143459
321,01758	-0,96065092	-0,021718442	-0,0045556435	-0,0030516731	-0,0034560841
321,51758	-0,9861021	-0,019386411	-0,0046021491	-0,0031243579	-0,0033509657
322,01758	-1,0003505	-0,021503121	-0,0045525748	-0,0031021812	-0,0033274051
322,51758	-1,0016086	-0,0220038	-0,0045935581	-0,0031339764	-0,0033673942
323,01758	-1,0139123	-0,019529462	-0,00455119	-0,0031170223	-0,0033637267
323,51758	-1,0320294	-0,021246076	-0,0045836405	-0,0030807981	-0,003375452
324,01758	-1,0131245	-0,02194196	-0,004549867	-0,0030369076	-0,0033084806
324,51758	-1,0221257	-0,021558255	-0,0045010885	-0,0030381589	-0,0032551922
325,01758	-0,99524027	-0,020997226	-0,0045025093	-0,0030382175	-0,0032883771
325,51758	-1,0174263	-0,021373481	-0,0044757081	-0,0029993565	-0,0032006726
326,01758	-0,99586052	-0,020455569	-0,0044012838	-0,0029377434	-0,0033026095
326,51758	-1,0049884	-0,02021119	-0,0044097216	-0,0030289744	-0,0032276288
327,01758	-0,99877739	-0,021132082	-0,0043558823	-0,002951229	-0,0032417718
327,51758	-1,0079854	-0,019541383	-0,0044414015	-0,002983059	-0,0032252762
328,01758	-1,0074694	-0,019136071	-0,0044134296	-0,0029312172	-0,0031812731
328,51758	-0,99795878	-0,01944676	-0,0044275047	-0,0030134835	-0,0032737125
329,01758	-0,9866423	-0,021328777	-0,0043908213	-0,0029222982	-0,003172433
329,51758	-0,98137099	-0,019391626	-0,0043974556	-0,0029245189	-0,0031440556
330,01758	-0,98489416	-0,019010901	-0,0043147118	-0,0029150841	-0,0032909475
330,51758	-0,97968155	-0,018557161	-0,0043552406	-0,0029040272	-0,0031114109
331,01758	-0,96059507	-0,018889457	-0,0043597077	-0,0029007962	-0,0032539349
331,51758	-0,9674738	-0,020193309	-0,004323551	-0,0029007285	-0,0032025557
332,01758	-0,97511345	-0,021281093	-0,0042465148	-0,0029448806	-0,0031468421
332,51758	-0,98418361	-0,018435717	-0,0043146191	-0,0029310894	-0,003182549
333,01758	-0,97126895	-0,02007708	-0,0042842873	-0,0028916362	-0,0031076483
333,51758	-0,96001482	-0,02085194	-0,00428183	-0,0028151453	-0,0031834226
334,01758	-0,96786124	-0,019842386	-0,0042549428	-0,0028980544	-0,0031060521
334,51758	-0,97694069	-0,018934906	-0,0042757201	-0,0028995355	-0,0030530021
335,01758	-0,96311986	-0,020759553	-0,004254635	-0,0028096277	-0,0032070316
335,51758	-0,96896482	-0,021038949	-0,0042101624	-0,0028432948	-0,0031776167
336,01758	-0,97925597	-0,018583238	-0,0042799143	-0,0028959075	-0,0031815991
336,51758	-0,97417188	-0,018583983	-0,0042255032	-0,0028848629	-0,0031275135
337,01758	-0,98299152	-0,018300116	-0,0042261365	-0,0028563081	-0,0030820481
337,51758	-0,98027205	-0,018878281	-0,0041676792	-0,002800477	-0,0031170063
338,01758	-0,97223753	-0,019218028	-0,0041840072	-0,0028015091	-0,0030985419
338,51758	-0,97980452	-0,018844754	-0,0042217928	-0,0029003141	-0,0031296741
339,01758	-0,97369128	-0,018998981	-0,004185441	-0,0026893942	-0,0030635856
339,51758	-0,97807693	-0,020545721	-0,0042413566	-0,0027713166	-0,0030258056
340,01758	-0,98105621	-0,021166354	-0,0041647479	-0,0027767466	-0,0030305143
340,51758	-1,0042647	-0,019186735	-0,0041744686	-0,0028247128	-0,0029913243
341,01758	-0,98590654	-0,020284951	-0,0042110309	-0,002821486	-0,0030514151
341,51758	-1,0112916	-0,019150972	-0,0042458647	-0,0028212755	-0,0030356795
342,01758	-1,0113093	-0,019169599	-0,0042662858	-0,0027831607	-0,0031457637
342,51758	-1,0207529	-0,018592924	-0,0042547248	-0,0028137423	-0,0030473899
343,01758	-1,0168982	-0,019647181	-0,0042034434	-0,0027816717	-0,0029832106
343,51758	-1,0242752	-0,020866096	-0,0042145336	-0,0027429694	-0,003060285
344,01758	-1,0209532	-0,019344687	-0,004240673	-0,002762469	-0,0030155741
344,51758	-1,0251338	-0,019638985	-0,0042177052	-0,0027867504	-0,0030268133
345,01758	-1,0255203	-0,020032376	-0,0041939635	-0,0027416022	-0,0030585136
345,51758	-1,0092278	-0,020430982	-0,0041653961	-0,0026746027	-0,0029731654
346,01758	-0,99084908	-0,02078712	-0,0042183348	-0,0027400698	-0,0030223802
346,51758	-0,993182	-0,017862022	-0,0041632843	-0,0027239467	-0,0029464625
347,01758	-0,99006486	-0,020384043	-0,0041583385	-0,0027249157	-0,0028892476
347,51758	-0,98229396	-0,019903481	-0,0041638445	-0,0026658853	-0,0029954948
348,01758	-0,9834553	-0,017824024	-0,0041714916	-0,0026592573	-0,0030000135
348,51758	-1,0011486	-0,017660856	-0,0041626943	-0,0026964026	-0,0030086078
349,01758	-0,9887042	-0,0200212	-0,0041385926	-0,0027014436	-0,0029747821
349,51758	-0,97994423	-0,018946081	-0,004116015	-0,0027433648	-0,0029198211
350,01758	-0,97425383	-0,018743426	-0,0041342131	-0,0026610438	-0,0029542129
350,51758	-0,97750974	-0,018145889	-0,0041344403	-0,0026951837	-0,0029222164
351,01758	-0,97711766	-0,020480156	-0,0041051088	-0,0026876235	-0,0029598884
351,51758	-0,99984282	-0,020401925	-0,0041169561	-0,0026328121	-0,0028207377
352,01758	-1,0100846	-0,020295382	-0,0041585597	-0,002701432	-0,0029966589
352,51758	-1,000654	-0,020319223	-0,0041037546	-0,0026986687	-0,0029529016
353,01758	-1,0216768	-0,018437207	-0,0041486449	-0,0026929274	-0,0028646886
353,51758	-1,022433	-0,019985437	-0,0041212155	-0,0027508484	-0,0029833931
354,01758	-1,0203562	-0,018557906	-0,0042026038	-0,0026600412	-0,002990678
354,51758	-1,00635	-0,020220131	-0,0041519767	-0,0026945439	-0,0029942878
355,01758	-1,0240954	-0,019933283	-0,0041519362	-0,0026406273	-0,0029840916
355,51758	-1,0195198	-0,019342452	-0,0040963697	-0,0027514324	-0,0029199403
356,01758	-1,0301145	-0,020177662	-0,0041658259	-0,0025958032	-0,0029458441
356,51758	-1,0220726	-0,019616634	-0,0042114733	-0,002692875	-0,0029265508
357,01758	-1,0312964	-0,018133223	-0,0041427156	-0,002639608	-0,0029166713
357,51758	-1,0280023	-0,020559132	-0,0041431771	-0,0025950542	-0,0028655045
358,01758	-1,013957	-0,020346045	-0,0041615851	-0,0026309614	-0,0029305033
358,51758	-1,0156335	-0,017166138	-0,0040999441	-0,0026592088	-0,0028985459
359,01758	-1,0311065	-0,02027154	-0,004166387	-0,0026300082	-0,0028608013
359,51758	-0,99373055	-0,018468499	-0,004001433	-0,0026024245	-0,0028500892
360,01758	-0,9918195	-0,017433614	-0,0040644561	-0,0026165911	-0,0029263552
360,51758	-0,99828291	-0,017971545	-0,0040253103	-0,0026381039	-0,0028937683
361,01758	-0,99728918	-0,019560754	-0,0040579238	-0,0025982459	-0,0029085148
361,51758	-0,98668605	-0,017850101	-0,0040987749	-0,002577543	-0,0028506089
362,01758	-0,99770826	-0,017435104	-0,0040938519	-0,002610846	-0,0029741079
362,51758	-1,0088171	-0,019735098	-0,0040095374	-0,0026605707	-0,0029151887
363,01758	-0,99785542	-0,019041449	-0,0040348186	-0,0026535848	-0,0028516762
363,51758	-1,0011551	-0,018245727	-0,0040463335	-0,0026536302	-0,0029121321
364,01758	-1,008533	-0,019790977	-0,0040251696	-0,0026130008	-0,0028951708
364,51758	-1,0017595	-0,019207597	-0,0040144753	-0,0026847527	-0,0028637927
365,01758	-1,0053554	-0,019366294	-0,0039934046	-0,002639994	-0,0028438531
365,51758	-1,0166597	-0,019111484	-0,0039938134	-0,0026327604	-0,0029530618
366,01758	-1,0162899	-0,019175559	-0,0040560504	-0,0026254763	-0,0029239058
366,51758	-1,009619	-0,018779933	-0,0040429397	-0,0026024661	-0,0027712081
367,01758	-1,0116297	-0,01847744	-0,0040027555	-0,0026484993	-0,002856236
367,51758	-1,0107523	-0,018616021	-0,0040246658	-0,002649622	-0,0027404744
368,01758	-1,0173824	-0,01757592	-0,0040610917	-0,0025673248	-0,0029090997
368,51758	-1,0233662	-0,017348677	-0,0040142462	-0,0026323646	-0,0028450638
369,01758	-1,040849	-0,017076731	-0,0039861049	-0,0026575066	-0,0027897041
369,51758	-1,0423298	-0,019470602	-0,0040366133	-0,0026946689	-0,0028566942
370,01758	-1,0308913	-0,017141551	-0,003986448	-0,0026223697	-0,0028949548
370,51758	-1,047791	-0,019004196	-0,0039968737	-0,0025921816	-0,0028917026
371,01758	-1,0343325	-0,018532574	-0,0040096263	-0,0026107694	-0,002907563
371,51758	-1,0281942	-0,018005818	-0,003989581	-0,0026204186	-0,0028416254
372,01758	-1,1100006	-0,017879903	-0,0040241163	-0,0026719426	-0,0028946716
372,51758	-3,2838361	-0,032044202	-0,0049294974	-0,003476836	-0,0032622032
373,01758	-4,5899796	-0,041374564	-0,0054330025	-0,0039694179	-0,003522072
373,51758	-7,2463641	-0,053602457	-0,0065251901	-0,0050836443	-0,0041017439
374,01758	-9,1313658	-0,061627477	-0,0073475	-0,0058643962	-0,0045507923
374,51758	-11,300228	-0,072556734	-0,0082755145	-0,0067718877	-0,0050042123
375,01758	-13,244699	-0,080488622	-0,0091923187	-0,007497848	-0,0054139495
375,51758	-15,151091	-0,088189542	-0,010072426	-0,0081490483	-0,0060064271
376,01758	-17,069559	-0,09310171	-0,011034914	-0,0087634716	-0,0065558609
376,51758	-19,034685	-0,10133162	-0,01196532	-0,009389231	-0,0070428923
377,01758	-20,939507	-0,10585561	-0,012856218	-0,010063405	-0,0076971669
377,51758	-22,925549	-0,11442155	-0,013805474	-0,010608773	-0,0083344709
378,01758	-24,835016	-0,11829436	-0,014787106	-0,011215459	-0,0089934692
378,51758	-26,786757	-0,12431294	-0,015628355	-0,011881531	-0,0095867217
379,01758	-28,720922	-0,13000444	-0,016535649	-0,012533027	-0,010251842
379,51758	-30,643072	-0,13649315	-0,017480817	-0,013179227	-0,010869483
380,01758	-32,625431	-0,14361143	-0,018403031	-0,01378508	-0,011461999
380,51758	-34,577938	-0,14951453	-0,019326154	-0,014386451	-0,012234589
381,01758	-36,526424	-0,1545161	-0,020202551	-0,015005747	-0,012913421
381,51758	-38,4697	-0,15950575	-0,021062739	-0,015664121	-0,013563577
382,01758	-40,330143	-0,16528219	-0,021885708	-0,016294662	-0,014236044
382,51758	-42,373524	-0,1718238	-0,022803377	-0,016956052	-0,014887467
383,01758	-44,228729	-0,17458946	-0,023625653	-0,017579632	-0,01563067
383,51758	-46,180748	-0,18186197	-0,024446517	-0,018243494	-0,016290311
384,01758	-48,297581	-0,18784776	-0,025334492	-0,018960841	-0,017095555
384,51758	-50,121628	-0,19056946	-0,026053131	-0,019436646	-0,017796885
385,01758	-52,077999	-0,1971513	-0,026839064	-0,020168724	-0,018484227
385,51758	-54,032059	-0,20236969	-0,027679482	-0,020775966	-0,019199844
386,01758	-56,014202	-0,2070576	-0,028445864	-0,021408452	-0,019889273
386,51758	-57,924179	-0,21103248	-0,029161628	-0,022078395	-0,0206814
387,01758	-59,866127	-0,215552	-0,029909439	-0,022765703	-0,021408897
387,51758	-61,864136	-0,22091419	-0,030831506	-0,023362752	-0,022073694
388,01758	-63,780842	-0,22761524	-0,031531975	-0,023965083	-0,022914268
388,51758	-65,881393	-0,23223311	-0,032324597	-0,024777347	-0,02368512
389,01758	-67,689705	-0,23520291	-0,033056259	-0,025300335	-0,024359986
389,51758	-69,641129	-0,23957416	-0,033872716	-0,026002439	-0,025027622
390,01758	-71,71862	-0,24507716	-0,034660131	-0,026660338	-0,025908474
390,51758	-73,655891	-0,25133565	-0,035397284	-0,027393587	-0,026680753
391,01758	-75,486038	-0,25389567	-0,036034849	-0,02793752	-0,027384363
391,51758	-77,447571	-0,2602905	-0,036871471	-0,028523155	-0,028159153
392,01758	-79,237572	-0,26267692	-0,037581339	-0,029164378	-0,02870087
392,51758	-81,36702	-0,26984736	-0,038209517	-0,029796433	-0,029721539
393,01758	-83,331741	-0,27175397	-0,039022863	-0,030508712	-0,030383114
393,51758	-85,255501	-0,27890876	-0,039712064	-0,03119247	-0,03105773
394,01758	-87,063156	-0,28357357	-0,040376201	-0,031774152	-0,031860486
394,51758	-89,041893	-0,28676912	-0,041058823	-0,032410648	-0,032548379
395,01758	-91,133667	-0,28961077	-0,041798584	-0,033133	-0,033400618
395,51758	-93,147385	-0,29595569	-0,042500257	-0,033774439	-0,034057219
396,01758	-95,099052	-0,3011167	-0,043212138	-0,034427453	-0,034759566
396,51758	-96,886856	-0,30240938	-0,043853335	-0,035019219	-0,035534773
397,01758	-98,860718	-0,30888468	-0,044571035	-0,035734698	-0,036335528
397,51758	-100,98505	-0,31261668	-0,045303643	-0,036419343	-0,037210204
398,01758	-102,79421	-0,31758696	-0,045884311	-0,037051927	-0,037840992
398,51758	-104,74973	-0,3195703	-0,046585575	-0,037620012	-0,038541991
399,01758	-106,7527	-0,32579154	-0,047306977	-0,038247239	-0,039315939
399,51758	-108,66767	-0,32986477	-0,047981091	-0,038885649	-0,040055145
400,01758	-110,65749	-0,33337176	-0,048623778	-0,03957082	-0,040904082
400,51758	-112,61756	-0,33856928	-0,049308345	-0,040207285	-0,041591771
401,01758	-114,56507	-0,34240484	-0,04999084	-0,040852375	-0,042271286
401,51758	-116,49482	-0,34437999	-0,050667904	-0,041400868	-0,043040942
402,01758	-118,54286	-0,348676	-0,051385909	-0,042109281	-0,043761428
402,51758	-120,44825	-0,35430193	-0,052022636	-0,042758223	-0,044606406
403,01758	-122,36169	-0,35644248	-0,052667014	-0,043356869	-0,045242291
403,51758	-124,32547	-0,36268756	-0,053338088	-0,044016279	-0,046044204
404,01758	-126,27795	-0,36752596	-0,05402115	-0,044627916	-0,046790916
404,51758	-128,24809	-0,36841258	-0,054672092	-0,045328692	-0,047428418
405,01758	-130,09372	-0,37383214	-0,055305347	-0,045891523	-0,048210438
405,51758	-132,11151	-0,37848502	-0,05600711	-0,046544898	-0,048972126
406,01758	-134,01756	-0,38074851	-0,056695737	-0,047179252	-0,049654733
406,51758	-135,97069	-0,38494095	-0,057377882	-0,047900856	-0,050387505
407,01758	-137,96855	-0,38838387	-0,058098182	-0,048494518	-0,051191118
407,51758	-139,87131	-0,39456859	-0,058707543	-0,049093984	-0,051872436
408,01758	-141,71158	-0,39856955	-0,059356228	-0,04977702	-0,052510764
408,51758	-143,80132	-0,4014492	-0,060167037	-0,05040694	-0,053416442
409,01758	-145,60799	-0,40507615	-0,060757548	-0,051064849	-0,054041091
409,51758	-147,75679	-0,40812641	-0,061582156	-0,051756598	-0,054868672
410,01758	-149,6702	-0,41227639	-0,06220416	-0,052487742	-0,055623103
410,51758	-151,61339	-0,41676313	-0,062967815	-0,053109571	-0,056366663
411,01758	-153,58246	-0,42202994	-0,063613608	-0,053761102	-0,057157103
411,51758	-155,5278	-0,42660013	-0,064360611	-0,054497473	-0,057990167
412,01758	-157,52939	-0,42893663	-0,065087236	-0,055162534	-0,058749001
412,51758	-159,42862	-0,43372437	-0,065866947	-0,055783566	-0,059450399
413,01758	-161,36217	-0,43684095	-0,066622518	-0,056607295	-0,060227398
413,51758	-163,30974	-0,44288263	-0,067351237	-0,057201911	-0,061069157
414,01758	-165,27106	-0,44507682	-0,068066008	-0,057908606	-0,061803792
414,51758	-167,20103	-0,45002401	-0,068845943	-0,058663189	-0,062682509
415,01758	-169,14983	-0,45534372	-0,069563232	-0,059356827	-0,063418224
415,51758	-171,04951	-0,45712441	-0,070334628	-0,060023814	-0,064306304
416,01758	-173,02242	-0,46329871	-0,071107529	-0,060833585	-0,064987719
416,51758	-174,82143	-0,46738982	-0,07181678	-0,061498728	-0,065750062
417,01758	-176,81422	-0,47007799	-0,072711371	-0,062217765	-0,066697627
417,51758	-178,78558	-0,47481358	-0,073489875	-0,062915199	-0,06745483
418,01758	-180,75491	-0,47782436	-0,074280962	-0,063648857	-0,068455875
418,51758	-182,72279	-0,48171282	-0,075153358	-0,064422287	-0,069175169
419,01758	-184,64957	-0,48598871	-0,075882405	-0,065068305	-0,070002764
419,51758	-186,63518	-0,49224943	-0,07665924	-0,065863095	-0,0708635
420,01758	-188,55264	-0,49428493	-0,077588268	-0,06665419	-0,071664274
420,51758	-190,51787	-0,50046515	-0,078359999	-0,067409284	-0,072588548
421,01758	-192,47073	-0,50331128	-0,079171509	-0,068141751	-0,07336913
421,51758	-194,44893	-0,50816834	-0,079985633	-0,068905905	-0,074246094
422,01758	-196,39433	-0,51372051	-0,080787152	-0,069708295	-0,075126767
422,51758	-198,36127	-0,51641691	-0,08159516	-0,070454791	-0,075931802
423,01758	-200,32274	-0,52132535	-0,082441695	-0,07117904	-0,076894149
423,51758	-202,26355	-0,52498353	-0,083238266	-0,071902998	-0,077739522
424,01758	-204,20515	-0,53002387	-0,084063582	-0,072702825	-0,078523532
424,51758	-206,15298	-0,53412092	-0,084904052	-0,073573947	-0,079400674
425,01758	-208,10477	-0,53876191	-0,085641019	-0,074232325	-0,080246761
425,51758	-210,0672	-0,54127723	-0,086533383	-0,075054944	-0,081088722
426,01758	-212,01309	-0,54683614	-0,087297015	-0,075810455	-0,08198823
426,51758	-213,94203	-0,55068958	-0,088169925	-0,076623425	-0,082797885
427,01758	-215,93733	-0,55381209	-0,089019179	-0,077443495	-0,083710104
427,51758	-217,84218	-0,55778992	-0,089913242	-0,078164198	-0,084580511
428,01758	-219,80774	-0,56251138	-0,090774678	-0,078983098	-0,085380659
428,51758	-221,76511	-0,56670082	-0,091546044	-0,079812989	-0,086416379
429,01758	-223,68414	-0,57259727	-0,092462361	-0,080532648	-0,087239906
429,51758	-225,65231	-0,57503283	-0,093259327	-0,081396066	-0,088097364
430,01758	-227,57724	-0,58128685	-0,094125912	-0,082113594	-0,089048579
430,51758	-229,56679	-0,58551061	-0,094894104	-0,082927763	-0,089972496
431,01758	-231,50641	-0,58805871	-0,095690511	-0,083776027	-0,090736836
431,51758	-233,46571	-0,59269893	-0,09654098	-0,084533378	-0,091683105
432,01758	-235,38564	-0,59695172	-0,097474933	-0,085441649	-0,09255816
432,51758	-237,35118	-0,6008178	-0,098273046	-0,086182334	-0,093467236
433,01758	-239,30055	-0,60682297	-0,099136919	-0,087059468	-0,094446793
433,51758	-241,24718	-0,61173964	-0,10005099	-0,087832712	-0,095178336
434,01758	-243,23132	-0,61609596	-0,10094796	-0,088678442	-0,09621118
434,51758	-245,16682	-0,61845708	-0,10171796	-0,089460224	-0,097091451
435,01758	-247,14743	-0,62353015	-0,10248677	-0,090291299	-0,098083228
435,51758	-249,0634	-0,62854588	-0,1033216	-0,091170706	-0,099042565
436,01758	-251,01826	-0,63136518	-0,1042491	-0,092010364	-0,099845245
436,51758	-252,95055	-0,63806844	-0,10508833	-0,092901386	-0,10079752
437,01758	-254,94423	-0,64217448	-0,10596921	-0,09371271	-0,10182691
437,51758	-256,87488	-0,64438432	-0,10680613	-0,094564192	-0,10264213
438,01758	-258,81757	-0,64863563	-0,10772123	-0,095365025	-0,10365625
438,51758	-260,73975	-0,65496492	-0,10863681	-0,096184373	-0,10452215
439,01758	-262,70624	-0,65957832	-0,10949621	-0,097102955	-0,10555738
439,51758	-264,65771	-0,6640479	-0,11042997	-0,098021686	-0,10642312
440,01758	-266,61722	-0,66865236	-0,11132608	-0,098818608	-0,10750797
440,51758	-268,55496	-0,67121834	-0,1122338	-0,099698506	-0,10846315
441,01758	-270,50815	-0,67513514	-0,11306833	-0,10052009	-0,10930553
441,51758	-272,44843	-0,67993999	-0,11409797	-0,10148168	-0,1103047
442,01758	-274,39243	-0,68426955	-0,11497814	-0,10230574	-0,11115977
442,51758	-276,36261	-0,68910491	-0,11594507	-0,10319816	-0,11234093
443,01758	-278,3161	-0,6958589	-0,11690093	-0,10410143	-0,1131523
443,51758	-280,27795	-0,69805235	-0,11790474	-0,10496021	-0,11412886
444,01758	-282,20135	-0,70309567	-0,11885367	-0,10583699	-0,11521512
444,51758	-284,1326	-0,70726943	-0,1197788	-0,10682469	-0,11612932
445,01758	-286,18094	-0,71209371	-0,12080413	-0,10779141	-0,11726683
445,51758	-288,13257	-0,71693289	-0,12175138	-0,10866204	-0,11819533
446,01758	-290,02847	-0,72154331	-0,12271636	-0,10951299	-0,11912912
446,51758	-291,92603	-0,72770417	-0,12366643	-0,11051865	-0,12017077
447,01758	-293,91397	-0,73121637	-0,12463336	-0,11141297	-0,12108912
447,51758	-295,88043	-0,73699427	-0,12567505	-0,11235911	-0,12223184
448,01758	-297,84149	-0,74030232	-0,12673989	-0,11330343	-0,12315914
448,51758	-299,82758	-0,74467134	-0,12772989	-0,11422508	-0,12425157
449,01758	-301,74496	-0,74942112	-0,12880884	-0,11519975	-0,12532492
449,51758	-303,6778	-0,75490773	-0,12968864	-0,11615044	-0,12628663
450,01758	-305,65195	-0,76111108	-0,13076122	-0,11702715	-0,1273845
450,51758	-307,59549	-0,76296103	-0,13177525	-0,11804343	-0,12831549
451,01758	-309,5495	-0,77006447	-0,13286176	-0,1190522	-0,12950663
451,51758	-311,47995	-0,77472997	-0,1339298	-0,12002472	-0,13051526
452,01758	-313,40576	-0,77999306	-0,13487498	-0,12099145	-0,131513
452,51758	-315,38669	-0,78397244	-0,13601631	-0,12197801	-0,13268921
453,01758	-317,32117	-0,7899031	-0,13707983	-0,12303102	-0,13375323
453,51758	-319,27261	-0,79323125	-0,13822575	-0,1240669	-0,13493572
454,01758	-321,22058	-0,79870749	-0,13930316	-0,12510692	-0,13580988
454,51758	-323,14169	-0,80400705	-0,14041501	-0,12600867	-0,1369888
455,01758	-325,11197	-0,80825835	-0,14154817	-0,12709779	-0,13810816
455,51758	-327,06857	-0,8139208	-0,14267203	-0,12815401	-0,13927241
456,01758	-329,03943	-0,81722438	-0,14390802	-0,12914468	-0,14040965
456,51758	-330,97598	-0,82254636	-0,14503083	-0,13012664	-0,14156373
457,01758	-332,92996	-0,82909465	-0,14622991	-0,13131399	-0,14261845
457,51758	-334,89148	-0,83372444	-0,14746229	-0,13238698	-0,14399439
458,01758	-336,82086	-0,83919835	-0,14868926	-0,13346452	-0,14508687
458,51758	-338,7775	-0,84434003	-0,14988783	-0,13457236	-0,14633153
459,01758	-340,70544	-0,84940493	-0,15120661	-0,13561581	-0,14748876
459,51758	-342,64456	-0,8537941	-0,15251213	-0,13681717	-0,14860743
460,01758	-344,61377	-0,85838735	-0,15384278	-0,1379829	-0,14992975
460,51758	-346,55634	-0,86351782	-0,155166	-0,13913618	-0,1511022
461,01758	-348,48245	-0,87107944	-0,15649648	-0,14028491	-0,1524421
461,51758	-350,427	-0,87504911	-0,15787564	-0,1413869	-0,15372854
462,01758	-352,39572	-0,88117719	-0,1593067	-0,14266561	-0,15487693
462,51758	-354,32999	-0,88635534	-0,16078049	-0,14386149	-0,15627275
463,01758	-356,26556	-0,89353395	-0,16221291	-0,14510904	-0,1576023
463,51758	-358,25314	-0,89691353	-0,1637692	-0,14634703	-0,15896876
464,01758	-360,17719	-0,90375841	-0,16524066	-0,14755842	-0,160247
464,51758	-362,13022	-0,91055107	-0,16680396	-0,14889397	-0,16165283
465,01758	-364,06805	-0,91411543	-0,16834925	-0,15012483	-0,16306648
465,51758	-366,00879	-0,92135668	-0,16990149	-0,15144385	-0,16439287
466,01758	-368,00238	-0,92695725	-0,17149797	-0,15284982	-0,16589667
466,51758	-369,89313	-0,9335674	-0,1731286	-0,15417373	-0,16733216
467,01758	-371,8808	-0,93942952	-0,17456527	-0,15557347	-0,16875662
467,51758	-373,80774	-0,94575357	-0,17631057	-0,15695927	-0,17031032
468,01758	-375,76566	-0,95173943	-0,17803638	-0,15837671	-0,17172275
468,51758	-377,75681	-0,95730495	-0,17979768	-0,15985166	-0,17348073
469,01758	-379,70035	-0,96293837	-0,18165325	-0,16127969	-0,17495406
469,51758	-381,64044	-0,97061694	-0,18346223	-0,16278972	-0,1766669
470,01758	-383,57693	-0,97618628	-0,18535796	-0,16432314	-0,17829962
470,51758	-385,53189	-0,98387969	-0,18728234	-0,1658853	-0,17995253
471,01758	-387,50854	-0,99142939	-0,18923949	-0,16747831	-0,18160048
471,51758	-389,43793	-0,99923086	-0,19125241	-0,16907372	-0,18337655
472,01758	-391,38129	-1,0038681	-0,193414	-0,17083675	-0,18523367
472,51758	-393,36438	-1,0136836	-0,19563298	-0,17242801	-0,18695685
473,01758	-395,2876	-1,0197356	-0,19799496	-0,17424487	-0,18877538
473,51758	-397,25647	-1,0262198	-0,20050222	-0,17608456	-0,19078492
474,01758	-399,15302	-1,0341392	-0,2029442	-0,17792134	-0,19274399
474,51758	-401,14972	-1,0424182	-0,20553437	-0,17985223	-0,19481663
475,01758	-403,10605	-1,0500729	-0,2084002	-0,18192206	-0,19691914
475,51758	-405,02658	-1,0591731	-0,21129437	-0,18408011	-0,19917955
476,01758	-406,96045	-1,0698073	-0,21436219	-0,18627088	-0,20165817
476,51758	-408,92242	-1,0766767	-0,21765944	-0,18865918	-0,20400566
477,01758	-410,87503	-1,0868206	-0,22126663	-0,19122024	-0,20677499
477,51758	-412,83246	-1,096639	-0,22521852	-0,19401695	-0,2096885
478,01758	-414,72336	-1,1079714	-0,22963245	-0,19691223	-0,21276665
478,51758	-416,70566	-1,1215709	-0,23472969	-0,20016542	-0,21652342
479,01758	-418,63068	-1,1346772	-0,24085373	-0,20370169	-0,2206981
479,51758	-420,53574	-1,15005	-0,24891412	-0,20726101	-0,22593923
480,01758	-422,29675	-1,1729456	-0,26240265	-0,21724854	-0,23437904
480,51758	-203,31339	-0,91469884	-0,25849578	-0,24826945	-0,21096863
481,01758	0,30575871	0,21681562	-0,078228548	-0,061729513	-0,037814602
481,51758	0,28429732	1,0079033	-0,074306704	-0,05829135	-0,034018304

Datenerfassung						Zeit:	481,87891	Sec	05.07.2010 15:43:09
Laufzeit	Ch 1 Kraft	Ch 1 Weg	1944 A	1944 B	2157	1281068
Sec	kN	mm	mm	mm	mm	mm
481,85449	0,33982277	1,0098026	0,00050847046	0,0006160026	0,00022960827	0,00051154941
38,544922	-422,73947	-1,2346611	-0,31758264	-0,30385709	-8,1449747e-05	-0,28246376
