MTS793|MPT|DEU|1|2|,|.|:|49|1|1|A

Bediener Information			Würfeldruckfestigkeit (150mm)			Zeit:	12,753906	s	18.03.2014 14:56:53
Datum	17.03.2014
Prüfer:	Be, Mac
Probebezeichnung	Hüsken Probe 2-3
Protokoll Seite	136
Durchmesser [mm]:	100
Höhe [mm]:	100,3
Masse [g]:	1947
Bediener Information Ende

Datenerfassung						Zeit:	231,84375	s	18.03.2014 15:00:32
Datum	Tageszeit	Laufzeit	Ch 1 Kraft Sollwert	Ch 1 Kraft	Ch 1 Weg
d	d	s	kN	kN	mm
41716	0,62284768	27,039063	-1,7464844	-1,6480554	-0,0024199486
41716	0,62285	27,239258	-2,5272462	-2,4951751	-0,0066287816
41716	0,62285233	27,439453	-3,308008	-3,2915921	-0,0099651515
41716	0,62285465	27,639648	-4,0887694	-4,0642824	-0,012987852
41716	0,62285697	27,839844	-4,8695312	-4,8184562	-0,017101318
41716	0,6228593	28,040039	-5,6502929	-5,1044822	-0,019064546
41716	0,62286156	28,240234	-6,4310546	-5,805809	-0,021456927
41716	0,62286389	28,44043	-7,2118168	-6,9489899	-0,02578944
41716	0,62286621	28,640625	-7,9925785	-7,9197464	-0,029408187
41716	0,62286854	28,84082	-8,7733402	-8,697854	-0,032333285
41716	0,62287086	29,041016	-9,5541019	-9,478816	-0,035525858
41716	0,62287319	29,241211	-10,334864	-10,229322	-0,037697703
41716	0,62287551	29,441406	-11,115625	-11,022233	-0,040789694
41716	0,62287784	29,641602	-11,896387	-11,878732	-0,043646991
41716	0,6228801	29,841797	-12,677149	-12,729486	-0,045866519
41716	0,62288243	30,041992	-13,457911	-13,559829	-0,048986822
41716	0,62288475	30,242188	-14,238672	-14,418951	-0,051028281
41716	0,62288707	30,442383	-15,019434	-15,219893	-0,053597987
41716	0,6228894	30,642578	-15,800196	-15,949257	-0,055458397
41716	0,62289172	30,842773	-16,580957	-16,766607	-0,058183074
41716	0,62289405	31,042969	-17,361719	-17,563255	-0,059951097
41716	0,62289637	31,243164	-18,142481	-18,290176	-0,061974674
41716	0,62289864	31,443359	-18,923243	-19,058443	-0,063810498
41716	0,62290096	31,643555	-19,704004	-19,834167	-0,066155195
41716	0,62290329	31,84375	-20,484766	-20,621948	-0,068479031
41716	0,62290561	32,043945	-21,265528	-21,374741	-0,070438534
41716	0,62290794	32,244141	-22,046289	-22,144981	-0,072618574
41716	0,62291026	32,444336	-22,827051	-22,948408	-0,074150413
41716	0,62291259	32,644531	-23,607813	-23,710939	-0,075886399
41716	0,62291491	32,844727	-24,388575	-24,51276	-0,078236312
41716	0,62291718	33,044922	-25,169336	-25,287233	-0,079795718
41716	0,6229195	33,245117	-25,950098	-26,031199	-0,08219704
41716	0,62292182	33,445313	-26,73086	-26,84108	-0,083442777
41716	0,62292415	33,645508	-27,511621	-27,623093	-0,08558929
41716	0,62292647	33,845703	-28,292383	-28,404669	-0,087296963
41716	0,6229288	34,045898	-29,073145	-29,159212	-0,088950247
41716	0,62293112	34,246094	-29,853907	-29,922104	-0,090765953
41716	0,62293339	34,446289	-30,634668	-30,745163	-0,092682242
41716	0,62293571	34,646484	-31,41543	-31,506922	-0,094595551
41716	0,62293804	34,84668	-32,196194	-32,221947	-0,096425414
41716	0,62294036	35,046875	-32,976955	-33,053864	-0,098010153
41716	0,62294269	35,24707	-33,757717	-33,855068	-0,099561363
41716	0,62294501	35,447266	-34,538479	-34,653755	-0,10128617
41716	0,62294734	35,647461	-35,319241	-35,457279	-0,10304824
41716	0,62294966	35,847656	-36,100002	-36,210472	-0,10501221
41716	0,62295192	36,047852	-36,880764	-36,994831	-0,10640845
41716	0,62295425	36,248047	-37,661526	-37,7771	-0,10791048
41716	0,62295657	36,448242	-38,442287	-38,587658	-0,10972768
41716	0,6229589	36,648438	-39,223049	-39,359024	-0,11152774
41716	0,62296122	36,848633	-40,003811	-40,068378	-0,11283904
41716	0,62296355	37,048828	-40,784573	-40,900551	-0,11431053
41716	0,62296587	37,249023	-41,565334	-41,645058	-0,11608899
41716	0,6229682	37,449219	-42,346096	-42,461281	-0,1178816
41716	0,62297046	37,649414	-43,126858	-43,244228	-0,11931583
41716	0,62297279	37,849609	-43,907619	-44,00631	-0,12043417
41716	0,62297511	38,049805	-44,688381	-44,79414	-0,12203753
41716	0,62297744	38,25	-45,469143	-45,558872	-0,12389123
41716	0,62297976	38,450195	-46,249905	-46,353451	-0,12552813
41716	0,62298208	38,650391	-47,030666	-47,111088	-0,12741461
41716	0,62298441	38,850586	-47,811428	-47,855156	-0,12867525
41716	0,62298673	39,050781	-48,59219	-48,665249	-0,13008863
41716	0,622989	39,250977	-49,372952	-49,462955	-0,13142452
41716	0,62299132	39,451172	-50,153713	-50,216225	-0,13331398
41716	0,62299365	39,651367	-50,934475	-51,028297	-0,13461262
41716	0,62299597	39,851563	-51,715237	-51,814735	-0,1359649
41716	0,6229983	40,051758	-52,495998	-52,579563	-0,13751164
41716	0,62300062	40,251953	-53,27676	-53,360046	-0,13876557
41716	0,62300295	40,452148	-54,057522	-54,147663	-0,14017075
41716	0,62300527	40,652344	-54,838284	-54,908463	-0,14217943
41716	0,62300754	40,852539	-55,619045	-55,680275	-0,14306828
41716	0,62300986	41,052734	-56,399807	-56,445774	-0,14489666
41716	0,62301219	41,25293	-57,180569	-57,274529	-0,1464285
41716	0,62301451	41,453125	-57,96133	-58,014359	-0,14818609
41716	0,62301683	41,65332	-58,742092	-58,799236	-0,14840662
41716	0,62301916	41,853516	-59,522854	-59,557449	-0,1504086
41716	0,62302148	42,053711	-60,303616	-60,396561	-0,15205815
41716	0,62302381	42,253906	-61,084377	-61,153202	-0,15318692
41716	0,62302607	42,454102	-61,865139	-61,949615	-0,15421808
41716	0,6230284	42,654297	-62,645901	-62,727398	-0,15612021
41716	0,62303072	42,854492	-63,426662	-63,450081	-0,1571238
41716	0,62303305	43,054688	-64,20742	-64,297005	-0,15904009
41716	0,62303537	43,254883	-64,988182	-65,098076	-0,16012937
41716	0,6230377	43,455078	-65,768944	-65,837074	-0,16149208
41716	0,62304002	43,655273	-66,549706	-66,606316	-0,1632221
41716	0,62304235	43,855469	-67,330467	-67,41214	-0,16428232
41716	0,62304461	44,055664	-68,111229	-68,204094	-0,1659818
41716	0,62304693	44,255859	-68,891991	-68,927391	-0,16708747
41716	0,62304926	44,456055	-69,672752	-69,731636	-0,16838387
41716	0,62305158	44,65625	-70,453514	-70,520248	-0,16972721
41716	0,62305391	44,856445	-71,234276	-71,28968	-0,17071888
41716	0,62305623	45,056641	-72,015038	-72,072357	-0,1724869
41716	0,62305856	45,256836	-72,795799	-72,861458	-0,17381012
41716	0,62306088	45,457031	-73,576561	-73,645653	-0,17525107
41716	0,62306315	45,657227	-74,357323	-74,403656	-0,17653108
41716	0,62306547	45,857422	-75,138084	-75,190239	-0,17802045
41716	0,6230678	46,057617	-75,918846	-75,98317	-0,17894208
41716	0,62307012	46,257813	-76,699608	-76,75074	-0,180462
41716	0,62307245	46,458008	-77,48037	-77,518791	-0,18218309
41716	0,62307477	46,658203	-78,261131	-78,332001	-0,18277615
41716	0,62307709	46,858398	-79,041893	-79,073753	-0,18372089
41716	0,62307942	47,058594	-79,822655	-79,852142	-0,18530563
41716	0,62308168	47,258789	-80,603416	-80,68232	-0,18670931
41716	0,62308401	47,458984	-81,384178	-81,463257	-0,18796325
41716	0,62308633	47,65918	-82,16494	-82,227837	-0,18992722
41716	0,62308866	47,859375	-82,945702	-82,993942	-0,19092411
41716	0,62309098	48,05957	-83,726463	-83,792595	-0,19234717
41716	0,62309331	48,259766	-84,507225	-84,571373	-0,1930289
41716	0,62309563	48,459961	-85,287987	-85,339668	-0,19473433
41716	0,62309796	48,660156	-86,068748	-86,116943	-0,19540936
41716	0,62310022	48,860352	-86,84951	-86,903549	-0,19713119
41716	0,62310255	49,060547	-87,630272	-87,680466	-0,19833148
41716	0,62310487	49,260742	-88,411034	-88,500114	-0,19943416
41716	0,62310719	49,460938	-89,191795	-89,272018	-0,20098463
41716	0,62310952	49,661133	-89,972557	-90,056221	-0,202097
41716	0,62311184	49,861328	-90,753319	-90,845543	-0,20344332
41716	0,62311417	50,061523	-91,534081	-91,585709	-0,20462573
41716	0,62311649	50,261719	-92,314842	-92,352417	-0,20531639
41716	0,62311876	50,461914	-93,095604	-93,129944	-0,20725578
41716	0,62312108	50,662109	-93,876366	-93,961136	-0,20816997
41716	0,62312341	50,862305	-94,657135	-94,707634	-0,20905882
41716	0,62312573	51,0625	-95,437897	-95,460976	-0,21065995
41716	0,62312806	51,262695	-96,218658	-96,299873	-0,21152273
41716	0,62313038	51,462891	-96,99942	-97,101723	-0,21311417
41716	0,62313271	51,663086	-97,780182	-97,856522	-0,21419525
41716	0,62313503	51,863281	-98,560944	-98,622284	-0,21571591
41716	0,6231373	52,063477	-99,341705	-99,412933	-0,21639243
41716	0,62313962	52,263672	-100,12247	-100,20644	-0,21758899
41716	0,62314194	52,463867	-100,90323	-100,94619	-0,21888986
41716	0,62314427	52,664063	-101,68399	-101,75813	-0,21988153
41716	0,62314659	52,864258	-102,46475	-102,50993	-0,22107437
41716	0,62314892	53,064453	-103,24551	-103,27272	-0,22249669
41716	0,62315124	53,264648	-104,02628	-104,12	-0,22406355
41716	0,62315357	53,464844	-104,80704	-104,91322	-0,22474229
41716	0,62315583	53,665039	-105,5878	-105,6261	-0,22532791
41716	0,62315816	53,865234	-106,36856	-106,42686	-0,22651702
41716	0,62316048	54,06543	-107,14932	-107,23496	-0,22839531
41716	0,62316281	54,265625	-107,93008	-107,98168	-0,22927448
41716	0,62316513	54,46582	-108,71085	-108,74299	-0,23055971
41716	0,62316746	54,666016	-109,49161	-109,56962	-0,23164749
41716	0,62316978	54,866211	-110,27237	-110,36427	-0,23245662
41716	0,6231721	55,066406	-111,05313	-111,14083	-0,23402125
41716	0,62317437	55,266602	-111,83389	-111,89932	-0,2345033
41716	0,62317669	55,466797	-112,61465	-112,72478	-0,23589432
41716	0,62317902	55,666992	-113,39542	-113,45999	-0,23702234
41716	0,62318134	55,867188	-114,17618	-114,23381	-0,23806989
41716	0,62318367	56,067383	-114,95694	-115,04385	-0,23959279
41716	0,62318599	56,267578	-115,7377	-115,82789	-0,2412878
41716	0,62318832	56,467773	-116,51846	-116,60313	-0,24220273
41716	0,62319064	56,667969	-117,29922	-117,39346	-0,24302602
41716	0,62319291	56,868164	-118,07999	-118,17962	-0,24338365
41716	0,62319523	57,068359	-118,86075	-118,9216	-0,24513602
41716	0,62319756	57,268555	-119,64151	-119,68594	-0,24632588
41716	0,62319988	57,46875	-120,42227	-120,50175	-0,24740323
41716	0,6232022	57,668945	-121,20303	-121,24944	-0,24844185
41716	0,62320453	57,869141	-121,9838	-122,04011	-0,24903789
41716	0,62320685	58,069336	-122,76456	-122,84987	-0,25018677
41716	0,62320918	58,269531	-123,54532	-123,63071	-0,25136545
41716	0,62321144	58,469727	-124,32608	-124,362	-0,25262982
41716	0,62321377	58,669922	-125,10684	-125,16618	-0,25379434
41716	0,62321609	58,870117	-125,8876	-125,96249	-0,2549924
41716	0,62321842	59,070313	-126,66837	-126,70629	-0,25601834
41716	0,62322074	59,270508	-127,44913	-127,46561	-0,25639907
41716	0,62322307	59,470703	-128,22989	-128,31227	-0,25758147
41716	0,62322539	59,670898	-129,01065	-129,0882	-0,25921911
41716	0,62322772	59,871094	-129,79141	-129,85536	-0,26000142
41716	0,62322998	60,071289	-130,57217	-130,63736	-0,26121363
41716	0,62323231	60,271484	-131,35294	-131,42815	-0,26185513
41716	0,62323463	60,47168	-132,1337	-132,16571	-0,26233271
41716	0,62323695	60,671875	-132,91446	-132,99429	-0,26412457
41716	0,62323928	60,87207	-133,69522	-133,78981	-0,26488453
41716	0,6232416	61,072266	-134,47598	-134,54013	-0,26642531
41716	0,62324393	61,272461	-135,25674	-135,3047	-0,26706606
41716	0,62324619	61,472656	-136,03751	-136,12994	-0,26844069
41716	0,62324852	61,672852	-136,81827	-136,88396	-0,26909485
41716	0,62325084	61,873047	-137,59903	-137,66251	-0,2706863
41716	0,62325317	62,073242	-138,37979	-138,44962	-0,27130619
41716	0,62325549	62,273438	-139,16055	-139,26291	-0,27222186
41716	0,62325782	62,473633	-139,94131	-140,01892	-0,27302057
41716	0,62326014	62,673828	-140,72208	-140,77719	-0,27449727
41716	0,62326247	62,874023	-141,50284	-141,57462	-0,27536899
41716	0,62326473	63,074219	-142,2836	-142,33408	-0,27613938
41716	0,62326705	63,274414	-143,06436	-143,10161	-0,27727634
41716	0,62326938	63,474609	-143,84512	-143,89766	-0,27806386
41716	0,6232717	63,674805	-144,62589	-144,69081	-0,27912855
41716	0,62327403	63,875	-145,40665	-145,46437	-0,28008372
41716	0,62327635	64,075195	-146,18741	-146,24025	-0,28129891
41716	0,62327868	64,275391	-146,96817	-147,09091	-0,28209612
41716	0,623281	64,475586	-147,74893	-147,81187	-0,28336123
41716	0,62328327	64,675781	-148,52969	-148,54448	-0,28413162
41716	0,62328559	64,875977	-149,31046	-149,38596	-0,28550327
41716	0,62328792	65,076172	-150,09122	-150,16777	-0,2864182
41716	0,62329024	65,276367	-150,87198	-150,90504	-0,28747916
41716	0,62329257	65,476563	-151,65274	-151,70966	-0,28774962
41716	0,62329489	65,676758	-152,4335	-152,51459	-0,28906241
41716	0,62329721	65,876953	-153,21426	-153,28125	-0,29057115
41716	0,62329954	66,077148	-153,99503	-154,06975	-0,29077232
41716	0,6233018	66,277344	-154,77579	-154,86597	-0,29232353
41716	0,62330413	66,477539	-155,55655	-155,63536	-0,29274747
41716	0,62330645	66,677734	-156,33731	-156,4007	-0,2941601
41716	0,62330878	66,87793	-157,11807	-157,20448	-0,294815
41716	0,6233111	67,078125	-157,89883	-157,98386	-0,29584393
41716	0,62331343	67,27832	-158,6796	-158,70778	-0,29697344
41716	0,62331575	67,478516	-159,46036	-159,51866	-0,29822066
41716	0,62331808	67,678711	-160,24112	-160,33243	-0,29895678
41716	0,62332034	67,878906	-161,02188	-161,077	-0,2997674
41716	0,62332267	68,079102	-161,80264	-161,88687	-0,30074865
41716	0,62332499	68,279297	-162,5834	-162,66191	-0,30151904
41716	0,62332731	68,479492	-163,36417	-163,43466	-0,30286387
41716	0,62332964	68,679688	-164,14493	-164,18506	-0,30379817
41716	0,62333196	68,879883	-164,92569	-164,99373	-0,30454919
41716	0,62333429	69,080078	-165,70645	-165,76808	-0,30543581
41716	0,62333661	69,280273	-166,48721	-166,53952	-0,3060177
41716	0,62333888	69,480469	-167,26797	-167,34146	-0,30739754
41716	0,6233412	69,680664	-168,04874	-168,12608	-0,30860975
41716	0,62334353	69,880859	-168,8295	-168,91286	-0,30899569
41716	0,62334585	70,081055	-169,61026	-169,6913	-0,31063631
41716	0,62334818	70,28125	-170,39102	-170,49709	-0,31111687
41716	0,6233505	70,481445	-171,17178	-171,26233	-0,31189471
41716	0,62335283	70,681641	-171,95255	-172,00385	-0,31309053
41716	0,62335515	70,881836	-172,73331	-172,80818	-0,31400323
41716	0,62335742	71,082031	-173,51407	-173,59032	-0,31497106
41716	0,62335974	71,282227	-174,29483	-174,34334	-0,31592324
41716	0,62336206	71,482422	-175,07559	-175,11812	-0,31662136
41716	0,62336439	71,682617	-175,85635	-175,96246	-0,31833425
41716	0,62336671	71,882813	-176,63712	-176,73878	-0,31828433
41716	0,62336904	72,083008	-177,41788	-177,42807	-0,31977668
41716	0,62337136	72,283203	-178,19864	-178,23708	-0,32014921
41716	0,62337369	72,483398	-178,9794	-179,01488	-0,3212817
41716	0,62337595	72,683594	-179,76016	-179,7605	-0,32197684
41716	0,62337828	72,883789	-180,54092	-180,56456	-0,32362193
41716	0,6233806	73,083984	-181,32169	-181,26074	-0,32425448
41716	0,62338293	73,28418	-182,10245	-182,02126	-0,32470897
41716	0,62338525	73,484375	-182,88321	-182,9039	-0,32610968
41716	0,62338758	73,68457	-183,66397	-183,69962	-0,32681674
41716	0,6233899	73,884766	-184,44473	-184,5163	-0,32796189
41716	0,62339222	74,084961	-185,22549	-185,25999	-0,32877773
41716	0,62339449	74,285156	-186,00626	-186,00543	-0,3293708
41716	0,62339681	74,485352	-186,78702	-186,81335	-0,33012778
41716	0,62339914	74,685547	-187,56778	-187,5849	-0,3319107
41716	0,62340146	74,885742	-188,34854	-188,34198	-0,33267215
41716	0,62340379	75,085938	-189,1293	-189,15894	-0,33394322
41716	0,62340611	75,286133	-189,91006	-189,83145	-0,33414736
41716	0,62340844	75,486328	-190,69083	-190,75047	-0,33523068
41716	0,62341076	75,686523	-191,47159	-191,55112	-0,33644289
41716	0,62341303	75,886719	-192,25235	-192,26968	-0,33700913
41716	0,62341535	76,086914	-193,03311	-192,96931	-0,33810213
41716	0,62341768	76,287109	-193,81387	-193,88272	-0,33914
41716	0,62342	76,487305	-194,59464	-194,5799	-0,33983067
41716	0,62342232	76,6875	-195,3754	-195,39082	-0,34071803
41716	0,62342465	76,887695	-196,15616	-196,1203	-0,34147948
41716	0,62342697	77,087891	-196,93692	-196,94093	-0,34291148
41716	0,6234293	77,288086	-197,71768	-197,79692	-0,34349412
41716	0,62343156	77,488281	-198,49844	-198,57643	-0,34465566
41716	0,62343389	77,688477	-199,27921	-199,37817	-0,34572259
41716	0,62343621	77,888672	-200,05997	-200,18248	-0,34675002
41716	0,62343854	78,088867	-200,84073	-200,89055	-0,34704134
41716	0,62344086	78,289063	-201,62149	-201,72319	-0,34831911
41716	0,62344319	78,489258	-202,40225	-202,39941	-0,34895688
41716	0,62344551	78,689453	-203,18301	-203,17517	-0,3504619
41716	0,62344784	78,889648	-203,96378	-203,96019	-0,35052076
41716	0,6234501	79,089844	-204,74454	-204,84599	-0,35207793
41716	0,62345243	79,290039	-205,5253	-205,54335	-0,35261512
41716	0,62345475	79,490234	-206,30606	-206,40411	-0,35365298
41716	0,62345707	79,69043	-207,08682	-207,10095	-0,35467222
41716	0,6234594	79,890625	-207,86758	-207,90387	-0,3556177
41716	0,62346172	80,09082	-208,64835	-208,66087	-0,35645366
41716	0,62346405	80,291016	-209,42911	-209,47066	-0,35744235
41716	0,62346637	80,491211	-210,20987	-210,3046	-0,35838857
41716	0,62346864	80,691406	-210,99063	-211,01822	-0,35969019
41716	0,62347096	80,891602	-211,77139	-211,79353	-0,36013648
41716	0,62347329	81,091797	-212,55215	-212,6062	-0,36079884
41716	0,62347561	81,291992	-213,33292	-213,37204	-0,36197603
41716	0,62347794	81,492188	-214,11368	-214,10445	-0,36299452
41716	0,62348026	81,692383	-214,89444	-214,93687	-0,36353022
41716	0,62348258	81,892578	-215,6752	-215,73836	-0,36468282
41716	0,62348491	82,092773	-216,45596	-216,49904	-0,36510527
41716	0,62348717	82,292969	-217,23672	-217,31848	-0,36638603
41716	0,6234895	82,493164	-218,01749	-218,13297	-0,36720559
41716	0,62349182	82,693359	-218,79825	-218,8447	-0,36798418
41716	0,62349415	82,893555	-219,57901	-219,63776	-0,36867112
41716	0,62349647	83,09375	-220,35977	-220,42302	-0,3700614
41716	0,6234988	83,293945	-221,14053	-221,18468	-0,37106201
41716	0,62350112	83,494141	-221,9213	-221,96486	-0,37121996
41716	0,62350345	83,694336	-222,70206	-222,76944	-0,372307
41716	0,62350571	83,894531	-223,48282	-223,55888	-0,37364513
41716	0,62350804	84,094727	-224,26358	-224,29303	-0,37396699
41716	0,62351036	84,294922	-225,04434	-225,06857	-0,375323
41716	0,62351269	84,495117	-225,8251	-225,94507	-0,37634224
41716	0,62351501	84,695313	-226,60587	-226,70067	-0,37677586
41716	0,62351733	84,895508	-227,38663	-227,42598	-0,37760139
41716	0,62351966	85,095703	-228,16739	-228,26047	-0,37859902
41716	0,62352198	85,295898	-228,94815	-229,04175	-0,37967414
41716	0,62352425	85,496094	-229,72891	-229,78322	-0,38065389
41716	0,62352657	85,696289	-230,50967	-230,59741	-0,38168281
41716	0,6235289	85,896484	-231,29044	-231,37985	-0,382144
41716	0,62353122	86,09668	-232,0712	-232,11528	-0,38305447
41716	0,62353355	86,296875	-232,85196	-232,91191	-0,38367808
41716	0,62353587	86,49707	-233,63272	-233,7186	-0,38494989
41716	0,6235382	86,697266	-234,41348	-234,48514	-0,38607642
41716	0,62354052	86,897461	-235,19424	-235,26135	-0,38645789
41716	0,62354279	87,097656	-235,97501	-236,08105	-0,38762987
41716	0,62354511	87,297852	-236,75577	-236,82306	-0,38849935
41716	0,62354743	87,498047	-237,53653	-237,58022	-0,38910508
41716	0,62354976	87,698242	-238,31729	-238,37669	-0,38993284
41716	0,62355208	87,898438	-239,09805	-239,17503	-0,39067194
41716	0,62355441	88,098633	-239,87881	-239,91742	-0,39223358
41716	0,62355673	88,298828	-240,65958	-240,69897	-0,39335638
41716	0,623559	88,499023	-241,44034	-241,49959	-0,39347112
41716	0,62356132	88,699219	-242,2211	-242,28767	-0,39430186
41716	0,62356365	88,899414	-243,00186	-243,05864	-0,39503872
41716	0,62356597	89,099609	-243,78262	-243,84888	-0,39634407
41716	0,6235683	89,299805	-244,56339	-244,6626	-0,39710775
41716	0,62357062	89,5	-245,34415	-245,41385	-0,39791912
41716	0,62357295	89,700195	-246,12491	-246,19211	-0,39922521
41716	0,62357527	89,900391	-246,90567	-246,98621	-0,39999783
41716	0,62357754	90,100586	-247,68643	-247,74173	-0,40056705
41716	0,62357986	90,300781	-248,46719	-248,50745	-0,40128231
41716	0,62358218	90,500977	-249,24796	-249,34296	-0,40254667
41716	0,62358451	90,701172	-250,02872	-250,10995	-0,40304363
41716	0,62358683	90,901367	-250,80948	-250,81725	-0,40464103
41716	0,62358916	91,101563	-251,59024	-251,64243	-0,4048273
41716	0,62359148	91,301758	-252,371	-252,43645	-0,40542409
41716	0,62359381	91,501953	-253,15176	-253,2231	-0,40658191
41716	0,62359607	91,702148	-253,93253	-254,0607	-0,40715635
41716	0,6235984	91,902344	-254,71329	-254,80266	-0,40846542
41716	0,62360072	92,102539	-255,49405	-255,60362	-0,40953457
41716	0,62360305	92,302734	-256,27481	-256,36279	-0,41016713
41716	0,62360537	92,50293	-257,05557	-257,14401	-0,41067898
41716	0,6236077	92,703125	-257,83633	-257,93781	-0,41178167
41716	0,62361002	92,90332	-258,6171	-258,66348	-0,41337982
41716	0,62361234	93,103516	-259,39786	-259,47156	-0,41369721
41716	0,62361461	93,303711	-260,17862	-260,28415	-0,41472763
41716	0,62361693	93,503906	-260,95938	-261,02127	-0,41543841
41716	0,62361926	93,704102	-261,74014	-261,78406	-0,41597113
41716	0,62362158	93,904297	-262,5209	-262,60104	-0,41701272
41716	0,62362391	94,104492	-263,30167	-263,40393	-0,41813999
41716	0,62362623	94,304688	-264,08243	-264,17703	-0,41935444
41716	0,62362856	94,504883	-264,86319	-264,96976	-0,41979328
41716	0,62363088	94,705078	-265,64395	-265,74435	-0,42050853
41716	0,62363315	94,905273	-266,42471	-266,45306	-0,42140931
41716	0,62363547	95,105469	-267,20547	-267,2709	-0,4222393
41716	0,6236378	95,305664	-267,98624	-268,0694	-0,42333156
41716	0,62364012	95,505859	-268,767	-268,83047	-0,42407885
41716	0,62364244	95,706055	-269,54776	-269,57016	-0,42457059
41716	0,62364477	95,90625	-270,32852	-270,35403	-0,42607933
41716	0,62364709	96,106445	-271,10928	-271,13394	-0,42657629
41716	0,62364942	96,306641	-271,89005	-271,88232	-0,4272297
41716	0,62365168	96,506836	-272,67081	-272,74973	-0,42790845
41716	0,62365401	96,707031	-273,45157	-273,54962	-0,42889863
41716	0,62365633	96,907227	-274,23233	-274,2854	-0,42948723
41716	0,62365866	97,107422	-275,01309	-275,07047	-0,43118149
41716	0,62366098	97,307617	-275,79385	-275,88095	-0,43151826
41716	0,62366331	97,507813	-276,57462	-276,62003	-0,431972
41716	0,62366563	97,708008	-277,35538	-277,37683	-0,43312013
41716	0,62366796	97,908203	-278,13614	-278,18274	-0,43371618
41716	0,62367022	98,108398	-278,9169	-278,97687	-0,43450519
41716	0,62367254	98,308594	-279,69766	-279,72586	-0,43621287
41716	0,62367487	98,508789	-280,47842	-280,53979	-0,43642446
41716	0,62367719	98,708984	-281,25919	-281,32813	-0,43746233
41716	0,62367952	98,90918	-282,03995	-282,0882	-0,43817684
41716	0,62368184	99,109375	-282,82071	-282,88501	-0,43918416
41716	0,62368417	99,30957	-283,60147	-283,69507	-0,44007376
41716	0,62368649	99,509766	-284,38223	-284,46576	-0,44106171
41716	0,62368876	99,709961	-285,16299	-285,21811	-0,44155866
41716	0,62369108	99,910156	-285,94376	-286,00552	-0,44196025
41716	0,62369341	100,11035	-286,72452	-286,81934	-0,44348016
41716	0,62369573	100,31055	-287,50528	-287,57361	-0,44468492
41716	0,62369806	100,51074	-288,28604	-288,33734	-0,44482425
41716	0,62370038	100,71094	-289,0668	-289,12888	-0,44612065
41716	0,6237027	100,91113	-289,84756	-289,86334	-0,44675097
41716	0,62370503	101,11133	-290,62833	-290,61978	-0,44796988
41716	0,62370729	101,31152	-291,40909	-291,48065	-0,44839159
41716	0,62370962	101,51172	-292,18985	-292,27219	-0,44919774
41716	0,62371194	101,71191	-292,97061	-292,95041	-0,45023486
41716	0,62371427	101,91211	-293,75137	-293,76886	-0,45039505
41716	0,62371659	102,1123	-294,53214	-294,577	-0,45121834
41716	0,62371892	102,3125	-295,3129	-295,33939	-0,45259744
41716	0,62372124	102,5127	-296,09366	-296,08173	-0,45343861
41716	0,62372357	102,71289	-296,87442	-296,91937	-0,45483112
41716	0,62372583	102,91309	-297,65518	-297,6525	-0,45561641
41716	0,62372816	103,11328	-298,43594	-298,42416	-0,45675337
41716	0,62373048	103,31348	-299,21671	-299,28409	-0,45653656
41716	0,62373281	103,51367	-299,99747	-300,06021	-0,45787841
41716	0,62373513	103,71387	-300,77823	-300,83221	-0,45890063
41716	0,62373745	103,91406	-301,55899	-301,573	-0,45985058
41716	0,62373978	104,11426	-302,33975	-302,37863	-0,46034306
41716	0,6237421	104,31445	-303,12051	-303,17914	-0,46111569
41716	0,62374437	104,51465	-303,90128	-303,96066	-0,46238601
41716	0,62374669	104,71484	-304,68204	-304,78793	-0,46262741
41716	0,62374902	104,91504	-305,4628	-305,53665	-0,4638426
41716	0,62375134	105,11523	-306,24356	-306,24716	-0,46433657
41716	0,62375367	105,31543	-307,02432	-307,12131	-0,46534389
41716	0,62375599	105,51563	-307,80508	-307,90762	-0,46669841
41716	0,62375832	105,71582	-308,58585	-308,69141	-0,46718568
41716	0,62376064	105,91602	-309,36661	-309,48398	-0,4681401
41716	0,62376291	106,11621	-310,14737	-310,26865	-0,4688032
41716	0,62376523	106,31641	-310,92813	-311,00568	-0,46967641
41716	0,62376755	106,5166	-311,70889	-311,71957	-0,47083125
41716	0,62376988	106,7168	-312,48965	-312,59152	-0,47146007
41716	0,6237722	106,91699	-313,27042	-313,38004	-0,47186911
41716	0,62377453	107,11719	-314,05118	-314,1116	-0,4729107
41716	0,62377685	107,31738	-314,83194	-314,91797	-0,47358349
41716	0,62377918	107,51758	-315,6127	-315,70801	-0,47504082
41716	0,62378144	107,71777	-316,39346	-316,47427	-0,47584549
41716	0,62378377	107,91797	-317,17422	-317,22495	-0,47617033
41716	0,62378609	108,11816	-317,95499	-318,03125	-0,47748908
41716	0,62378842	108,31836	-318,73575	-318,78897	-0,47804043
41716	0,62379074	108,51855	-319,51651	-319,56033	-0,47873482
41716	0,62379307	108,71875	-320,29727	-320,38675	-0,48005804
41716	0,62379539	108,91895	-321,07803	-321,13144	-0,48012584
41716	0,62379771	109,11914	-321,8588	-321,91519	-0,48129112
41716	0,62379998	109,31934	-322,63956	-322,7511	-0,48196986
41716	0,6238023	109,51953	-323,42032	-323,52966	-0,48302412
41716	0,62380463	109,71973	-324,20108	-324,30112	-0,48405677
41716	0,62380695	109,91992	-324,98184	-325,05884	-0,48431009
41716	0,62380928	110,12012	-325,7626	-325,88086	-0,48551187
41716	0,6238116	110,32031	-326,54337	-326,60614	-0,48609972
41716	0,62381393	110,52051	-327,32413	-327,41385	-0,48743486
41716	0,62381625	110,7207	-328,10489	-328,17374	-0,48781186
41716	0,62381852	110,9209	-328,88565	-328,94489	-0,48852116
41716	0,62382084	111,12109	-329,66641	-329,71283	-0,48973113
41716	0,62382317	111,32129	-330,44717	-330,46384	-0,49041286
41716	0,62382549	111,52148	-331,22794	-331,29376	-0,49111322
41716	0,62382782	111,72168	-332,0087	-332,06207	-0,49222782
41716	0,62383014	111,92188	-332,78946	-332,81262	-0,49265027
41716	0,62383246	112,12207	-333,57022	-333,64236	-0,49454421
41716	0,62383479	112,32227	-334,35098	-334,44519	-0,49441829
41716	0,62383705	112,52246	-335,13174	-335,21213	-0,49504191
41716	0,62383938	112,72266	-335,91251	-335,98602	-0,49620643
41716	0,6238417	112,92285	-336,69327	-336,75461	-0,49775243
41716	0,62384403	113,12305	-337,47403	-337,48846	-0,49767867
41716	0,62384635	113,32324	-338,25479	-338,28668	-0,49863756
41716	0,62384868	113,52344	-339,03555	-339,07913	-0,49967393
41716	0,623851	113,72363	-339,81631	-339,85904	-0,50074011
41716	0,62385333	113,92383	-340,59708	-340,6633	-0,50158799
41716	0,62385559	114,12402	-341,37784	-341,44556	-0,50239789
41716	0,62385792	114,32422	-342,1586	-342,24142	-0,50280094
41716	0,62386024	114,52441	-342,93936	-343,0065	-0,50386262
41716	0,62386256	114,72461	-343,72012	-343,76669	-0,5044378
41716	0,62386489	114,9248	-344,50089	-344,57742	-0,50563663
41716	0,62386721	115,125	-345,28165	-345,30536	-0,50656426
41716	0,62386954	115,3252	-346,06241	-346,13306	-0,50719154
41716	0,6238718	115,52539	-346,84317	-346,9046	-0,50823915
41716	0,62387413	115,72559	-347,62393	-347,67474	-0,5091846
41716	0,62387645	115,92578	-348,40469	-348,45523	-0,50951093
41716	0,62387878	116,12598	-349,18546	-349,24753	-0,51056594
41716	0,6238811	116,32617	-349,96622	-350,02423	-0,51124024
41716	0,62388343	116,52637	-350,74698	-350,75751	-0,51233542
41716	0,62388575	116,72656	-351,52774	-351,58032	-0,51279593
41716	0,62388808	116,92676	-352,3085	-352,397	-0,51386356
41716	0,62389034	117,12695	-353,08926	-353,12933	-0,51469058
41716	0,62389266	117,32715	-353,87003	-353,92596	-0,51562488
41716	0,62389499	117,52734	-354,65079	-354,71149	-0,51627606
41716	0,62389731	117,72754	-355,43155	-355,45758	-0,51744878
41716	0,62389964	117,92773	-356,21231	-356,25592	-0,51799643
41716	0,62390196	118,12793	-356,99307	-357,06223	-0,51885694
41716	0,62390429	118,32813	-357,77383	-357,9082	-0,5194813
41716	0,62390661	118,52832	-358,5546	-358,63483	-0,52046031
41716	0,62390888	118,72852	-359,33536	-359,41422	-0,52147281
41716	0,6239112	118,92871	-360,11612	-360,22488	-0,52209425
41716	0,62391353	119,12891	-360,89688	-360,95905	-0,52323043
41716	0,62391585	119,3291	-361,67764	-361,74994	-0,52382797
41716	0,62391818	119,5293	-362,4584	-362,54449	-0,52480847
41716	0,6239205	119,72949	-363,23917	-363,2915	-0,52518696
41716	0,62392282	119,92969	-364,01993	-364,04251	-0,52634925
41716	0,62392515	120,12988	-364,80069	-364,81705	-0,52736473
41716	0,62392741	120,33008	-365,58145	-365,64484	-0,52820742
41716	0,62392974	120,53027	-366,36221	-366,40482	-0,52901059
41716	0,62393206	120,73047	-367,14297	-367,2056	-0,52942264
41716	0,62393439	120,93066	-367,92374	-368,0441	-0,53052974
41716	0,62393671	121,13086	-368,7045	-368,7742	-0,53140748
41716	0,62393904	121,33105	-369,48526	-369,55768	-0,53224713
41716	0,62394136	121,53125	-370,26602	-370,35593	-0,53284168
41716	0,62394369	121,73145	-371,04678	-371,12073	-0,5340293
41716	0,62394595	121,93164	-371,82755	-371,8649	-0,53462088
41716	0,62394828	122,13184	-372,60831	-372,63937	-0,53563941
41716	0,6239506	122,33203	-373,38907	-373,48682	-0,53627342
41716	0,62395293	122,53223	-374,16983	-374,23245	-0,53699613
41716	0,62395525	122,73242	-374,95059	-375,0108	-0,53754818
41716	0,62395757	122,93262	-375,73135	-375,81778	-0,53854436
41716	0,6239599	123,13281	-376,51212	-376,60037	-0,53983402
41716	0,62396222	123,33301	-377,29288	-377,38702	-0,54090619
41716	0,62396449	123,5332	-378,07364	-378,16452	-0,54102391
41716	0,62396681	123,7334	-378,8544	-378,9296	-0,54235685
41716	0,62396914	123,93359	-379,63516	-379,69949	-0,54314363
41716	0,62397146	124,13379	-380,41592	-380,50385	-0,54380298
41716	0,62397379	124,33398	-381,19669	-381,30106	-0,54458976
41716	0,62397611	124,53418	-381,97745	-382,03369	-0,54554343
41716	0,62397844	124,73438	-382,75821	-382,82855	-0,5459547
41716	0,62398076	124,93457	-383,53897	-383,61639	-0,54702759
41716	0,62398303	125,13477	-384,31973	-384,37274	-0,54819214
41716	0,62398535	125,33496	-385,10049	-385,17245	-0,54897141
41716	0,62398767	125,53516	-385,88126	-385,96268	-0,54954517
41716	0,62399	125,73535	-386,66202	-386,74463	-0,55007565
41716	0,62399232	125,93555	-387,44278	-387,50635	-0,55100173
41716	0,62399465	126,13574	-388,22354	-388,28305	-0,55183023
41716	0,62399697	126,33594	-389,0043	-389,10846	-0,55291504
41716	0,6239993	126,53613	-389,78506	-389,84839	-0,55382401
41716	0,62400156	126,73633	-390,56583	-390,6481	-0,5540967
41716	0,62400389	126,93652	-391,34659	-391,40143	-0,55569935
41716	0,62400621	127,13672	-392,12735	-392,20123	-0,55595267
41716	0,62400854	127,33691	-392,90811	-392,95773	-0,55729973
41716	0,62401086	127,53711	-393,68887	-393,75665	-0,55789351
41716	0,62401319	127,7373	-394,46964	-394,56738	-0,55880475
41716	0,62401551	127,9375	-395,2504	-395,29904	-0,55981874
41716	0,62401783	128,1377	-396,03116	-396,07153	-0,56017041
41716	0,6240201	128,33789	-396,81192	-396,91931	-0,56106746
41716	0,62402242	128,53809	-397,59268	-397,62576	-0,56260973
41716	0,62402475	128,73828	-398,37344	-398,38495	-0,56273711
41716	0,62402707	128,93848	-399,15421	-399,22571	-0,56401193
41716	0,6240294	129,13867	-399,93497	-400,01572	-0,56417811
41716	0,62403172	129,33887	-400,71573	-400,77155	-0,5654484
41716	0,62403405	129,53906	-401,49649	-401,5575	-0,56624264
41716	0,62403637	129,73926	-402,27725	-402,36646	-0,56736022
41716	0,62403864	129,93945	-403,05801	-403,04282	-0,56790113
41716	0,62404096	130,13965	-403,83878	-403,85303	-0,56861711
41716	0,62404329	130,33984	-404,61954	-404,61346	-0,56940985
41716	0,62404561	130,54004	-405,4003	-405,36642	-0,57022423
41716	0,62404794	130,74023	-406,18106	-406,15689	-0,57109743
41716	0,62405026	130,94043	-406,96182	-407,00452	-0,57189614
41716	0,62405258	131,14063	-407,74258	-407,79114	-0,57297122
41716	0,62405491	131,34082	-408,52335	-408,5538	-0,57380426
41716	0,62405717	131,54102	-409,30411	-409,3421	-0,57437944
41716	0,6240595	131,74121	-410,08487	-410,13736	-0,57571304
41716	0,62406182	131,94141	-410,86563	-410,89999	-0,57581592
41716	0,62406415	132,1416	-411,64639	-411,69318	-0,57720912
41716	0,62406647	132,3418	-412,42715	-412,47546	-0,57752502
41716	0,6240688	132,54199	-413,20792	-413,23642	-0,57879239
41716	0,62407112	132,74219	-413,98868	-414,02151	-0,58005822
41716	0,62407345	132,94238	-414,76944	-414,82581	-0,58012158
41716	0,62407571	133,14258	-415,5502	-415,62143	-0,58125705
41716	0,62407804	133,34277	-416,33096	-416,39584	-0,5817607
41716	0,62408036	133,54297	-417,11172	-417,19586	-0,58292449
41716	0,62408268	133,74316	-417,89249	-418,01874	-0,58392513
41716	0,62408501	133,94336	-418,67325	-418,74213	-0,58438033
41716	0,62408733	134,14355	-419,45401	-419,46906	-0,58532953
41716	0,62408966	134,34375	-420,23477	-420,29373	-0,58613348
41716	0,62409198	134,54395	-421,01553	-421,0603	-0,58682561
41716	0,62409425	134,74414	-421,7963	-421,84692	-0,5880937
41716	0,62409657	134,94434	-422,57706	-422,58798	-0,58856833
41716	0,6240989	135,14453	-423,35782	-423,42523	-0,58970302
41716	0,62410122	135,34473	-424,13858	-424,18262	-0,59027672
41716	0,62410355	135,54492	-424,91934	-424,98795	-0,59140098
41716	0,62410587	135,74512	-425,7001	-425,80154	-0,59200674
41716	0,6241082	135,94531	-426,48087	-426,5538	-0,59284568
41716	0,62411052	136,14551	-427,26163	-427,29938	-0,59362876
41716	0,62411278	136,3457	-428,04239	-428,01395	-0,59462488
41716	0,62411511	136,5459	-428,82315	-428,81073	-0,59522319
41716	0,62411743	136,74609	-429,60391	-429,59119	-0,59627962
41716	0,62411976	136,94629	-430,38467	-430,40433	-0,59691143
41716	0,62412208	137,14648	-431,16544	-431,15231	-0,59744787
41716	0,62412441	137,34668	-431,9462	-431,91556	-0,59853941
41716	0,62412673	137,54688	-432,72696	-432,6763	-0,59960932
41716	0,62412906	137,74707	-433,50772	-433,53372	-0,60048175
41716	0,62413132	137,94727	-434,28848	-434,3605	-0,60111731
41716	0,62413365	138,14746	-435,06924	-435,11829	-0,60123652
41716	0,62413597	138,34766	-435,85001	-435,92429	-0,60256493
41716	0,6241383	138,54785	-436,63077	-436,62878	-0,60350227
41716	0,62414062	138,74805	-437,41153	-437,42679	-0,60473609
41716	0,62414294	138,94824	-438,19229	-438,16507	-0,60468912
41716	0,62414527	139,14844	-438,97305	-439,02325	-0,60560036
41716	0,62414759	139,34863	-439,75381	-439,81628	-0,6068356
41716	0,62414986	139,54883	-440,53458	-440,56812	-0,60735941
41716	0,62415218	139,74902	-441,31534	-441,36768	-0,6085515
41716	0,62415451	139,94922	-442,0961	-442,14557	-0,60943437
41716	0,62415683	140,14941	-442,87686	-442,90991	-0,61047006
41716	0,62415916	140,34961	-443,65762	-443,69171	-0,61086118
41716	0,62416148	140,5498	-444,43839	-444,5332	-0,61163604
41716	0,62416381	140,75	-445,21915	-445,2384	-0,61283481
41716	0,62416613	140,9502	-445,99991	-446,02588	-0,61346221
41716	0,6241684	141,15039	-446,78067	-446,82877	-0,61416399
41716	0,62417072	141,35059	-447,56143	-447,61295	-0,61531812
41716	0,62417305	141,55078	-448,34219	-448,39346	-0,61568546
41716	0,62417537	141,75098	-449,12296	-449,15781	-0,61686337
41716	0,62417769	141,95117	-449,90372	-449,95181	-0,61804205
41716	0,62418002	142,15137	-450,68448	-450,69348	-0,61808002
41716	0,62418234	142,35156	-451,46524	-451,47388	-0,61948824
41716	0,62418461	142,55176	-452,246	-452,29077	-0,62024891
41716	0,62418693	142,75195	-453,02676	-453,07086	-0,62064976
41716	0,62418926	142,95215	-453,80753	-453,84232	-0,62228739
41716	0,62419158	143,15234	-454,58829	-454,64648	-0,62290061
41716	0,62419391	143,35254	-455,36905	-455,4003	-0,62351376
41716	0,62419623	143,55273	-456,14981	-456,17624	-0,62408519
41716	0,62419856	143,75293	-456,93057	-456,97812	-0,62517077
41716	0,62420088	143,95313	-457,71133	-457,77405	-0,62586439
41716	0,62420315	144,15332	-458,4921	-458,49747	-0,6263696
41716	0,62420547	144,35352	-459,27286	-459,29813	-0,62712657
41716	0,62420779	144,55371	-460,05362	-460,09601	-0,62861514
41716	0,62421012	144,75391	-460,83438	-460,88635	-0,62950027
41716	0,62421244	144,9541	-461,61514	-461,67319	-0,63079
41716	0,62421477	145,1543	-462,3959	-462,51196	-0,63082647
41716	0,62421709	145,35449	-463,17667	-463,23627	-0,63208413
41716	0,62421942	145,55469	-463,95743	-463,99106	-0,63272488
41716	0,62422168	145,75488	-464,73819	-464,78055	-0,63344538
41716	0,62422401	145,95508	-465,51895	-465,62088	-0,6345458
41716	0,62422633	146,15527	-466,29971	-466,33557	-0,63535643
41716	0,62422866	146,35547	-467,08047	-467,09894	-0,63597262
41716	0,62423098	146,55566	-467,86124	-467,93607	-0,63681972
41716	0,62423331	146,75586	-468,642	-468,67746	-0,63782036
41716	0,62423563	146,95605	-469,42276	-469,46671	-0,63887388
41716	0,62423795	147,15625	-470,20352	-470,25763	-0,6392293
41716	0,62424022	147,35645	-470,98428	-471,04129	-0,6402567
41716	0,62424254	147,55664	-471,76505	-471,80728	-0,64141303
41716	0,62424487	147,75684	-472,54581	-472,61423	-0,64167154
41716	0,62424719	147,95703	-473,32657	-473,40991	-0,64312589
41716	0,62424952	148,15723	-474,10733	-474,17059	-0,64305437
41716	0,62425184	148,35742	-474,88809	-474,93921	-0,64433146
41716	0,62425417	148,55762	-475,66885	-475,75143	-0,64503181
41716	0,62425649	148,75781	-476,44962	-476,51804	-0,64609796
41716	0,62425876	148,95801	-477,23038	-477,25909	-0,6466344
41716	0,62426108	149,1582	-478,01114	-478,05148	-0,64788687
41716	0,62426341	149,3584	-478,7919	-478,86328	-0,64848363
41716	0,62426573	149,55859	-479,57266	-479,61655	-0,64985383
41716	0,62426805	149,75879	-480,35342	-480,40836	-0,65040517
41716	0,62427038	149,95898	-481,13419	-481,22018	-0,65100938
41716	0,6242727	150,15918	-481,91495	-481,96231	-0,65183711
41716	0,62427503	150,35938	-482,69571	-482,76291	-0,65261722
41716	0,62427729	150,55957	-483,47647	-483,55551	-0,65353513
41716	0,62427962	150,75977	-484,25723	-484,31375	-0,65484643
41716	0,62428194	150,95996	-485,03799	-485,06177	-0,65531284
41716	0,62428427	151,16016	-485,81876	-485,85556	-0,65594244
41716	0,62428659	151,36035	-486,59952	-486,67627	-0,65702271
41716	0,62428892	151,56055	-487,38028	-487,41275	-0,65770894
41716	0,62429124	151,76074	-488,16104	-488,21259	-0,65837651
41716	0,62429357	151,96094	-488,9418	-488,98285	-0,65932941
41716	0,62429583	152,16113	-489,72256	-489,78714	-0,66002756
41716	0,62429816	152,36133	-490,50333	-490,52292	-0,66100061
41716	0,62430048	152,56152	-491,28409	-491,34436	-0,66152215
41716	0,6243028	152,76172	-492,06485	-492,15445	-0,66307712
41716	0,62430513	152,96191	-492,84561	-492,88229	-0,66340268
41716	0,62430745	153,16211	-493,62637	-493,72495	-0,66440403
41716	0,62430978	153,3623	-494,40714	-494,46786	-0,66477585
41716	0,6243121	153,5625	-495,1879	-495,22498	-0,665842
41716	0,62431437	153,7627	-495,96866	-495,98788	-0,66644776
41716	0,62431669	153,96289	-496,74942	-496,79327	-0,66783577
41716	0,62431902	154,16309	-497,53018	-497,52029	-0,66820014
41716	0,62432134	154,36328	-498,31094	-498,32059	-0,66899729
41716	0,62432367	154,56348	-499,09171	-499,10931	-0,67054033
41716	0,62432599	154,76367	-499,87247	-499,92212	-0,67089051
41716	0,62432832	154,96387	-500,65323	-500,65433	-0,67205131
41716	0,62433064	155,16406	-501,43399	-501,46246	-0,67290068
41716	0,6243329	155,36426	-502,21475	-502,27875	-0,67337978
41716	0,62433523	155,56445	-502,99551	-503,01819	-0,67412484
41716	0,62433755	155,76465	-503,77628	-503,81158	-0,67510158
41716	0,62433988	155,96484	-504,55704	-504,59055	-0,67603815
41716	0,6243422	156,16504	-505,3378	-505,40842	-0,67645538
41716	0,62434453	156,36523	-506,11856	-506,1868	-0,67759085
41716	0,62434685	156,56543	-506,89932	-506,93399	-0,67814517
41716	0,62434918	156,76563	-507,68008	-507,73419	-0,67948925
41716	0,62435144	156,96582	-508,46085	-508,47009	-0,68025959
41716	0,62435377	157,16602	-509,24161	-509,30334	-0,68090409
41716	0,62435609	157,36621	-510,02237	-510,08966	-0,68146288
41716	0,62435842	157,56641	-510,80313	-510,84283	-0,68249476
41716	0,62436074	157,7666	-511,58389	-511,63416	-0,68309534
41716	0,62436306	157,9668	-512,36469	-512,43512	-0,68447888
41716	0,62436539	158,16699	-513,14545	-513,18311	-0,68486404
41716	0,62436771	158,36719	-513,92621	-513,94556	-0,68607402
41716	0,62436998	158,56738	-514,70697	-514,73029	-0,68674833
41716	0,6243723	158,76758	-515,48773	-515,55023	-0,6877743
41716	0,62437463	158,96777	-516,26849	-516,27911	-0,68817067
41716	0,62437695	159,16797	-517,04926	-517,06726	-0,68966675
41716	0,62437928	159,36816	-517,83002	-517,90991	-0,69062263
41716	0,6243816	159,56836	-518,61078	-518,63574	-0,69022548
41716	0,62438393	159,76855	-519,39154	-519,43683	-0,6919995
41716	0,62438625	159,96875	-520,1723	-520,2489	-0,69292933
41716	0,62438852	160,16895	-520,95306	-520,9975	-0,69357085
41716	0,62439084	160,36914	-521,73383	-521,79694	-0,69389713
41716	0,62439317	160,56934	-522,51459	-522,54596	-0,69522929
41716	0,62439549	160,76953	-523,29535	-523,35413	-0,69579184
41716	0,62439781	160,96973	-524,07611	-524,10474	-0,69693553
41716	0,62440014	161,16992	-524,85687	-524,85114	-0,69765151
41716	0,62440246	161,37012	-525,63763	-525,69073	-0,69846362
41716	0,62440479	161,57031	-526,4184	-526,47205	-0,69920051
41716	0,62440705	161,77051	-527,19916	-527,25378	-0,7001065
41716	0,62440938	161,9707	-527,97992	-528,02673	-0,70095432
41716	0,6244117	162,1709	-528,76068	-528,82251	-0,70223141
41716	0,62441403	162,37109	-529,54144	-529,60339	-0,70257932
41716	0,62441635	162,57129	-530,3222	-530,38049	-0,70334744
41716	0,62441868	162,77148	-531,10297	-531,16174	-0,70478392
41716	0,624421	162,97168	-531,88373	-531,93628	-0,70570409
41716	0,62442333	163,17188	-532,66449	-532,7041	-0,70639181
41716	0,62442559	163,37207	-533,44525	-533,53314	-0,70740807
41716	0,62442791	163,57227	-534,22601	-534,28998	-0,70797354
41716	0,62443024	163,77246	-535,00677	-534,99963	-0,70837438
41716	0,62443256	163,97266	-535,78754	-535,81183	-0,70924532
41716	0,62443489	164,17285	-536,5683	-536,61768	-0,71045232
41716	0,62443721	164,37305	-537,34906	-537,35986	-0,71102154
41716	0,62443954	164,57324	-538,12982	-538,1416	-0,71187317
41716	0,62444186	164,77344	-538,91058	-538,95319	-0,71277022
41716	0,62444413	164,97363	-539,69135	-539,73511	-0,71395189
41716	0,62444645	165,17383	-540,47211	-540,52167	-0,71399736
41716	0,62444878	165,37402	-541,25287	-541,3324	-0,71591735
41716	0,6244511	165,57422	-542,03363	-542,09918	-0,71636808
41716	0,62445343	165,77441	-542,81439	-542,83087	-0,71699917
41716	0,62445575	165,97461	-543,59515	-543,63702	-0,71758777
41716	0,62445807	166,1748	-544,37592	-544,42932	-0,71832389
41716	0,6244604	166,375	-545,15668	-545,18066	-0,71959424
41716	0,62446266	166,5752	-545,93744	-546,00146	-0,7202208
41716	0,62446499	166,77539	-546,7182	-546,75793	-0,72174966
41716	0,62446731	166,97559	-547,49896	-547,5415	-0,72174966
41716	0,62446964	167,17578	-548,27972	-548,28174	-0,72275031
41716	0,62447196	167,37598	-549,06049	-549,1106	-0,72357953
41716	0,62447429	167,57617	-549,84125	-549,87585	-0,72485137
41716	0,62447661	167,77637	-550,62201	-550,63928	-0,72516131
41716	0,62447894	167,97656	-551,40277	-551,44867	-0,72617602
41716	0,6244812	168,17676	-552,18353	-552,24341	-0,7267468
41716	0,62448353	168,37695	-552,96429	-552,99432	-0,72763562
41716	0,62448585	168,57715	-553,74506	-553,77655	-0,72926879
41716	0,62448817	168,77734	-554,52582	-554,5592	-0,72929263
41716	0,6244905	168,97754	-555,30658	-555,34589	-0,73047948
41716	0,62449282	169,17773	-556,08734	-556,086	-0,73081028
41716	0,62449515	169,37793	-556,8681	-556,88312	-0,73260367
41716	0,62449741	169,57813	-557,64886	-557,70184	-0,73335993
41716	0,62449974	169,77832	-558,42963	-558,43451	-0,73365122
41716	0,62450206	169,97852	-559,21039	-559,24402	-0,73501617
41716	0,62450439	170,17871	-559,99115	-560,01898	-0,7355541
41716	0,62450671	170,37891	-560,77191	-560,76581	-0,73667097
41716	0,62450904	170,5791	-561,55267	-561,56244	-0,7373296
41716	0,62451136	170,7793	-562,33344	-562,33496	-0,73798966
41716	0,62451369	170,97949	-563,1142	-563,16547	-0,73874146
41716	0,62451595	171,17969	-563,89496	-563,8963	-0,7395938
41716	0,62451828	171,37988	-564,67572	-564,67084	-0,73977637
41716	0,6245206	171,58008	-565,45648	-565,45453	-0,74136406
41716	0,62452292	171,78027	-566,23724	-566,2226	-0,74215829
41716	0,62452525	171,98047	-567,01801	-567,0127	-0,7433638
41716	0,62452757	172,18066	-567,79877	-567,823	-0,74419528
41716	0,6245299	172,38086	-568,57953	-568,62036	-0,74494481
41716	0,62453222	172,58105	-569,36029	-569,3902	-0,74573308
41716	0,62453449	172,78125	-570,14105	-570,18103	-0,74632096
41716	0,62453681	172,98145	-570,92181	-570,9751	-0,74725676
41716	0,62453914	173,18164	-571,70258	-571,74396	-0,74870884
41716	0,62454146	173,38184	-572,48334	-572,50806	-0,74907017
41716	0,62454379	173,58203	-573,2641	-573,32855	-0,74981678
41716	0,62454611	173,78223	-574,04486	-574,06433	-0,75067806
41716	0,62454844	173,98242	-574,82562	-574,83813	-0,75110722
41716	0,62455076	174,18262	-575,60638	-575,646	-0,75204301
41716	0,62455302	174,38281	-576,38715	-576,40137	-0,75332969
41716	0,62455535	174,58301	-577,16791	-577,17169	-0,7545352
41716	0,62455767	174,7832	-577,94867	-577,94525	-0,75509024
41716	0,62456	174,9834	-578,72943	-578,74524	-0,75590241
41716	0,62456232	175,18359	-579,51019	-579,50409	-0,75636208
41716	0,62456465	175,38379	-580,29095	-580,32013	-0,7573843
41716	0,62456697	175,58398	-581,07172	-581,14526	-0,75847059
41716	0,6245693	175,78418	-581,85248	-581,88953	-0,75963509
41716	0,62457156	175,98438	-582,63324	-582,64087	-0,7599622
41716	0,62457389	176,18457	-583,414	-583,46136	-0,76146197
41716	0,62457621	176,38477	-584,19476	-584,19958	-0,76210052
41716	0,62457854	176,58496	-584,97552	-584,97321	-0,7628597
41716	0,62458086	176,78516	-585,75629	-585,77295	-0,76375604
41716	0,62458318	176,98535	-586,53705	-586,56219	-0,76450932
41716	0,62458551	177,18555	-587,31781	-587,32983	-0,7651217
41716	0,62458783	177,38574	-588,09857	-588,11182	-0,76631236
41716	0,6245901	177,58594	-588,87933	-588,91278	-0,76673925
41716	0,62459242	177,78613	-589,6601	-589,68719	-0,76786876
41716	0,62459475	177,98633	-590,44086	-590,47589	-0,76855123
41716	0,62459707	178,18652	-591,22162	-591,2829	-0,7694639
41716	0,6245994	178,38672	-592,00238	-592,01758	-0,77076781
41716	0,62460172	178,58691	-592,78314	-592,78546	-0,77112091
41716	0,62460405	178,78711	-593,5639	-593,57635	-0,77176988
41716	0,62460637	178,9873	-594,34467	-594,37384	-0,7730968
41716	0,62460864	179,1875	-595,12543	-595,15076	-0,77355504
41716	0,62461096	179,3877	-595,90619	-595,91199	-0,77484477
41716	0,62461329	179,58789	-596,68695	-596,7207	-0,77576041
41716	0,62461561	179,78809	-597,46771	-597,46759	-0,77618361
41716	0,62461793	179,98828	-598,24847	-598,23181	-0,77721179
41716	0,62462026	180,18848	-599,02924	-599,04004	-0,77774155
41716	0,62462258	180,38867	-599,81	-599,81494	-0,77875108
41716	0,62462491	180,58887	-600,59076	-600,59711	-0,77982396
41716	0,62462717	180,78906	-601,37152	-601,40564	-0,78033656
41716	0,6246295	180,98926	-602,15228	-602,1853	-0,78136992
41716	0,62463182	181,18945	-602,93304	-602,94885	-0,78214109
41716	0,62463415	181,38965	-603,71381	-603,68835	-0,78277886
41716	0,62463647	181,58984	-604,49457	-604,50952	-0,78369379
41716	0,6246388	181,79004	-605,27533	-605,30542	-0,78462958
41716	0,62464112	181,99023	-606,05609	-606,04504	-0,78550053
41716	0,62464345	182,19043	-606,83685	-606,82562	-0,78652501
41716	0,62464571	182,39063	-607,61761	-607,62128	-0,78739375
41716	0,62464803	182,59082	-608,39838	-608,36224	-0,78792048
41716	0,62465036	182,79102	-609,17914	-609,15082	-0,7889874
41716	0,62465268	182,99121	-609,9599	-609,96033	-0,78928995
41716	0,62465501	183,19141	-610,74066	-610,74377	-0,79067123
41716	0,62465733	183,3916	-611,52142	-611,50586	-0,79156309
41716	0,62465966	183,5918	-612,30219	-612,33362	-0,79230368
41716	0,62466198	183,79199	-613,08295	-613,09662	-0,79356503
41716	0,62466425	183,99219	-613,86371	-613,83142	-0,79402477
41716	0,62466657	184,19238	-614,64447	-614,64606	-0,7948153
41716	0,6246689	184,39258	-615,42523	-615,41357	-0,79559386
41716	0,62467122	184,59277	-616,20599	-616,19684	-0,79679263
41716	0,62467355	184,79297	-616,98676	-616,98816	-0,79739761
41716	0,62467587	184,99316	-617,76752	-617,73999	-0,79860836
41716	0,62467819	185,19336	-618,54828	-618,51288	-0,79896003
41716	0,62468052	185,39355	-619,32904	-619,31812	-0,80042928
41716	0,62468278	185,59375	-620,1098	-620,13391	-0,80112964
41716	0,62468511	185,79395	-620,89056	-620,91278	-0,80165637
41716	0,62468743	185,99414	-621,67133	-621,62561	-0,8026607
41716	0,62468976	186,19434	-622,45209	-622,45667	-0,80359131
41716	0,62469208	186,39453	-623,23285	-623,26025	-0,80447346
41716	0,62469441	186,59473	-624,01361	-623,99634	-0,80501664
41716	0,62469673	186,79492	-624,79437	-624,78247	-0,80594945
41716	0,62469906	186,99512	-625,57513	-625,59003	-0,8072108
41716	0,62470132	187,19531	-626,3559	-626,35767	-0,80768692
41716	0,62470365	187,39551	-627,13666	-627,12659	-0,80856311
41716	0,62470597	187,5957	-627,91742	-627,90253	-0,8095212
41716	0,62470829	187,7959	-628,69818	-628,74347	-0,81009865
41716	0,62471062	187,99609	-629,47894	-629,4433	-0,81137645
41716	0,62471294	188,19629	-630,2597	-630,24231	-0,81181079
41716	0,62471527	188,39648	-631,04047	-631,04395	-0,81262887
41716	0,62471759	188,59668	-631,82123	-631,80157	-0,81330311
41716	0,62471986	188,79688	-632,60199	-632,5838	-0,81396699
41716	0,62472218	188,99707	-633,38275	-633,39032	-0,81577826
41716	0,62472451	189,19727	-634,16351	-634,16705	-0,81580579
41716	0,62472683	189,39746	-634,94427	-634,95764	-0,8170113
41716	0,62472916	189,59766	-635,72504	-635,72925	-0,81831443
41716	0,62473148	189,79785	-636,5058	-636,53223	-0,81987906
41716	0,62473381	189,99805	-637,28656	-637,27283	-0,82009959
41716	0,62473613	190,19824	-638,06732	-638,05432	-0,82038939
41716	0,6247384	190,39844	-638,84808	-638,87775	-0,82172084
41716	0,62474072	190,59863	-639,62885	-639,61871	-0,82238466
41716	0,62474304	190,79883	-640,40961	-640,39728	-0,82339346
41716	0,62474537	190,99902	-641,19037	-641,21643	-0,82432854
41716	0,62474769	191,19922	-641,97113	-641,96576	-0,82505417
41716	0,62475002	191,39941	-642,75189	-642,77118	-0,82587749
41716	0,62475234	191,59961	-643,53265	-643,5246	-0,82637441
41716	0,62475467	191,7998	-644,31342	-644,33429	-0,8272208
41716	0,62475693	192	-645,09418	-645,08661	-0,82783473
41716	0,62475926	192,2002	-645,87494	-645,86499	-0,82908201
41716	0,62476158	192,40039	-646,6557	-646,6908	-0,8298099
41716	0,62476391	192,60059	-647,43646	-647,44025	-0,83109808
41716	0,62476623	192,80078	-648,21722	-648,18866	-0,8316949
41716	0,62476856	193,00098	-648,99799	-649,0531	-0,8325063
41716	0,62477088	193,20117	-649,77875	-649,78418	-0,8334614
41716	0,6247732	193,40137	-650,55951	-650,53497	-0,83459985
41716	0,62477547	193,60156	-651,34027	-651,33234	-0,83517361
41716	0,62477779	193,80176	-652,12103	-652,13562	-0,83592385
41716	0,62478012	194,00195	-652,90179	-652,84491	-0,83689618
41716	0,62478244	194,20215	-653,68256	-653,62805	-0,83799732
41716	0,62478477	194,40234	-654,46332	-654,45459	-0,83858001
41716	0,62478709	194,60254	-655,24408	-655,2359	-0,83909702
41716	0,62478942	194,80273	-656,02484	-655,98468	-0,84026307
41716	0,62479174	195,00293	-656,8056	-656,77429	-0,84124207
41716	0,62479401	195,20313	-657,58636	-657,52692	-0,84216446
41716	0,62479633	195,40332	-658,36713	-658,33411	-0,84253103
41716	0,62479866	195,60352	-659,14789	-659,13617	-0,84385425
41716	0,62480098	195,80371	-659,92865	-659,91656	-0,84468496
41716	0,6248033	196,00391	-660,70941	-660,69208	-0,84581822
41716	0,62480563	196,2041	-661,49017	-661,42993	-0,84651041
41716	0,62480795	196,4043	-662,27094	-662,24609	-0,8474052
41716	0,62481022	196,60449	-663,0517	-663,0448	-0,84792823
41716	0,62481254	196,80469	-663,83246	-663,82336	-0,84892285
41716	0,62481487	197,00488	-664,61322	-664,6153	-0,84955394
41716	0,62481719	197,20508	-665,39398	-665,40601	-0,85109544
41716	0,62481952	197,40527	-666,17474	-666,18225	-0,85194933
41716	0,62482184	197,60547	-666,95551	-666,95178	-0,85224211
41716	0,62482417	197,80566	-667,73627	-667,73499	-0,85336864
41716	0,62482649	198,00586	-668,51703	-668,52026	-0,85432601
41716	0,62482876	198,20605	-669,29779	-669,25336	-0,85497868
41716	0,62483108	198,40625	-670,07855	-670,09442	-0,85637718
41716	0,62483341	198,60645	-670,85931	-670,85718	-0,85710657
41716	0,62483573	198,80664	-671,64008	-671,60889	-0,85771084
41716	0,62483805	199,00684	-672,42084	-672,4032	-0,85885078
41716	0,62484038	199,20703	-673,2016	-673,19989	-0,85950196
41716	0,6248427	199,40723	-673,98236	-673,96393	-0,86071265
41716	0,62484503	199,60742	-674,76312	-674,74054	-0,86111873
41716	0,62484729	199,80762	-675,54388	-675,53442	-0,8620553
41716	0,62484962	200,00781	-676,32465	-676,32666	-0,86278766
41716	0,62485194	200,20801	-677,10541	-677,10535	-0,86415708
41716	0,62485427	200,4082	-677,88617	-677,8952	-0,86497891
41716	0,62485659	200,6084	-678,66693	-678,69781	-0,86548775
41716	0,62485892	200,80859	-679,44769	-679,4187	-0,86666197
41716	0,62486124	201,00879	-680,22845	-680,2395	-0,86731386
41716	0,62486356	201,20898	-681,00922	-681,01031	-0,8683458
41716	0,62486583	201,40918	-681,78998	-681,76202	-0,86881149
41716	0,62486815	201,60938	-682,57074	-682,5871	-0,86999834
41716	0,62487048	201,80957	-683,3515	-683,33307	-0,87103993
41716	0,6248728	202,00977	-684,13226	-684,13727	-0,8719914
41716	0,62487513	202,20996	-684,91302	-684,9035	-0,87263882
41716	0,62487745	202,41016	-685,69379	-685,65375	-0,87316859
41716	0,62487978	202,61035	-686,47455	-686,50037	-0,87438524
41716	0,6248821	202,81055	-687,25531	-687,23285	-0,87563097
41716	0,62488437	203,01074	-688,03607	-688,03699	-0,87598634
41716	0,62488669	203,21094	-688,81683	-688,83667	-0,87672544
41716	0,62488902	203,41113	-689,5976	-689,62146	-0,87785351
41716	0,62489134	203,61133	-690,37836	-690,38593	-0,87919384
41716	0,62489367	203,81152	-691,15912	-691,14087	-0,87930858
41716	0,62489599	204,01172	-691,93988	-691,94025	-0,88030696
41716	0,62489831	204,21191	-692,72064	-692,70166	-0,88140666
41716	0,62490064	204,41211	-693,5014	-693,4729	-0,8818053
41716	0,6249029	204,6123	-694,28217	-694,29968	-0,88301301
41716	0,62490523	204,8125	-695,06293	-695,02344	-0,88418794
41716	0,62490755	205,0127	-695,84369	-695,83606	-0,88502538
41716	0,62490988	205,21289	-696,62445	-696,64307	-0,88527054
41716	0,6249122	205,41309	-697,40521	-697,41302	-0,88652074
41716	0,62491453	205,61328	-698,18597	-698,20465	-0,88726807
41716	0,62491685	205,81348	-698,96674	-699,01324	-0,88848996
41716	0,62491918	206,01367	-699,7475	-699,77386	-0,88957846
41716	0,62492144	206,21387	-700,52826	-700,53625	-0,89046806
41716	0,62492377	206,41406	-701,30902	-701,31683	-0,89118481
41716	0,62492609	206,61426	-702,08978	-702,13501	-0,89182407
41716	0,62492841	206,81445	-702,87054	-702,87421	-0,89272857
41716	0,62493074	207,01465	-703,65131	-703,64044	-0,89418441
41716	0,62493306	207,21484	-704,43207	-704,46613	-0,89461577
41716	0,62493539	207,41504	-705,21283	-705,20892	-0,89497495
41716	0,62493771	207,61523	-705,99359	-706,00256	-0,89617074
41716	0,62493998	207,81543	-706,77435	-706,81299	-0,89717507
41716	0,6249423	208,01563	-707,55511	-707,58972	-0,89816082
41716	0,62494463	208,21582	-708,33588	-708,38715	-0,89927763
41716	0,62494695	208,41602	-709,11664	-709,12671	-0,90023649
41716	0,62494928	208,61621	-709,8974	-709,95673	-0,90038329
41716	0,6249516	208,81641	-710,67816	-710,70325	-0,90155303
41716	0,62495393	209,0166	-711,45892	-711,45795	-0,90226978
41716	0,62495625	209,2168	-712,23969	-712,28894	-0,90357512
41716	0,62495852	209,41699	-713,02045	-713,02625	-0,90391189
41716	0,62496084	209,61719	-713,80121	-713,8092	-0,90498179
41716	0,62496316	209,81738	-714,58197	-714,6106	-0,90589452
41716	0,62496549	210,01758	-715,36273	-715,39221	-0,90682507
41716	0,62496781	210,21777	-716,14349	-716,16229	-0,9077996
41716	0,62497014	210,41797	-716,92426	-716,91882	-0,90840608
41716	0,62497246	210,61816	-717,70502	-717,72266	-0,90933889
41716	0,62497479	210,81836	-718,48578	-718,51337	-0,91037601
41716	0,62497705	211,01855	-719,26654	-719,28137	-0,91146004
41716	0,62497938	211,21875	-720,0473	-720,08398	-0,91228259
41716	0,6249817	211,41895	-720,82806	-720,85645	-0,9133935
41716	0,62498403	211,61914	-721,60883	-721,6441	-0,91356635
41716	0,62498635	211,81934	-722,38959	-722,44806	-0,91477484
41716	0,62498868	212,01953	-723,17035	-723,19507	-0,91552806
41716	0,624991	212,21973	-723,95111	-723,96503	-0,91682673
41716	0,62499332	212,41992	-724,73187	-724,73218	-0,91734529
41716	0,62499559	212,62012	-725,51263	-725,53802	-0,9182595
41716	0,62499791	212,82031	-726,2934	-726,32959	-0,91921091
41716	0,62500024	213,02051	-727,07416	-727,06903	-0,92032254
41716	0,62500256	213,2207	-727,85492	-727,85712	-0,92100054
41716	0,62500489	213,4209	-728,63568	-728,64496	-0,92142296
41716	0,62500721	213,62109	-729,41644	-729,41907	-0,92296231
41716	0,62500954	213,82129	-730,1972	-730,23425	-0,9239018
41716	0,62501186	214,02148	-730,97797	-731,0014	-0,92461705
41716	0,62501413	214,22168	-731,75873	-731,76672	-0,92519748
41716	0,62501645	214,42188	-732,53949	-732,55811	-0,92663914
41716	0,62501878	214,62207	-733,32025	-733,32458	-0,92716366
41716	0,6250211	214,82227	-734,10101	-734,12878	-0,92848837
41716	0,62502342	215,02246	-734,88177	-734,83459	-0,92805398
41716	0,62502575	215,22266	-735,66254	-735,67358	-0,92977732
41716	0,62502807	215,42285	-736,4433	-736,44543	-0,93080771
41716	0,6250304	215,62305	-737,22406	-737,2085	-0,93171448
41716	0,62503266	215,82324	-738,00482	-738,00262	-0,93212128
41716	0,62503499	216,02344	-738,78558	-738,78827	-0,93365681
41716	0,62503731	216,22363	-739,56635	-739,52863	-0,93436837
41716	0,62503964	216,42383	-740,34711	-740,35309	-0,9350903
41716	0,62504196	216,62402	-741,12787	-741,11523	-0,93565583
41716	0,62504429	216,82422	-741,90863	-741,91846	-0,93700439
41716	0,62504661	217,02441	-742,68939	-742,66913	-0,93769878
41716	0,62504894	217,22461	-743,47015	-743,41876	-0,9386152
41716	0,6250512	217,4248	-744,25092	-744,25305	-0,93947351
41716	0,62505352	217,625	-745,03168	-744,96222	-0,94074535
41716	0,62505585	217,8252	-745,81244	-745,79388	-0,94120574
41716	0,62505817	218,02539	-746,5932	-746,56537	-0,94279051
41716	0,6250605	218,22559	-747,37396	-747,35767	-0,94341862
41716	0,62506282	218,42578	-748,15472	-748,16302	-0,9446137
41716	0,62506515	218,62598	-748,93549	-748,92511	-0,94546151
41716	0,62506747	218,82617	-749,71625	-749,72137	-0,94584972
41716	0,62506974	219,02637	-750,49701	-750,48364	-0,9471916
41716	0,62507206	219,22656	-751,27777	-751,23395	-0,94806778
41716	0,62507439	219,42676	-752,05853	-752,03943	-0,94866455
41716	0,62507671	219,62695	-752,83929	-752,79993	-0,94920921
41716	0,62507904	219,82715	-753,62006	-753,57593	-0,95009577
41716	0,62508136	220,02734	-754,40082	-754,20062	-0,95134902
41716	0,62508368	220,22754	-755,18158	-754,9989	-0,95193684
41716	0,62508601	220,42773	-755,96234	-755,80786	-0,95299333
41716	0,62508827	220,62793	-756,7431	-756,5918	-0,95386803
41716	0,6250906	220,82813	-757,52386	-757,41272	-0,95451546
41716	0,62509292	221,02832	-758,30463	-758,18976	-0,95580149
41716	0,62509525	221,22852	-759,08539	-758,94568	-0,95656514
41716	0,62509757	221,42871	-759,86615	-759,81897	-0,95768201
41716	0,6250999	221,62891	-760,64691	-760,58521	-0,95880926
41716	0,62510222	221,8291	-761,42767	-761,3399	-0,95929277
41716	0,62510455	222,0293	-762,20844	-762,15265	-0,96026886
41716	0,62510681	222,22949	-762,9892	-762,89899	-0,96116734
41716	0,62510914	222,42969	-763,76996	-763,71521	-0,96176267
41716	0,62511146	222,62988	-764,55072	-764,50287	-0,9628855
41716	0,62511379	222,83008	-765,33148	-765,25385	-0,96370578
41716	0,62511611	223,03027	-766,11224	-766,06805	-0,9649806
41716	0,62511843	223,23047	-766,89301	-766,82404	-0,9655081
41716	0,62512076	223,43066	-767,67377	-767,65552	-0,9668082
41716	0,62512302	223,63086	-768,45453	-768,37323	-0,96750188
41716	0,62512535	223,83105	-769,23529	-769,19043	-0,96840262
41716	0,62512767	224,03125	-770,01605	-770,02826	-0,96906054
41716	0,62513	224,23145	-770,79681	-770,75366	-0,970415
41716	0,62513232	224,43164	-771,57758	-771,5141	-0,97102374
41716	0,62513465	224,63184	-772,35834	-772,32068	-0,97141713
41716	0,62513697	224,83203	-773,1391	-773,07867	-0,97279477
41716	0,6251393	225,03223	-773,91986	-773,90881	-0,97393692
41716	0,62514156	225,23242	-774,70062	-774,63312	-0,97472072
41716	0,62514389	225,43262	-775,48138	-775,45886	-0,97540545
41716	0,62514621	225,63281	-776,26215	-776,23438	-0,97631514
41716	0,62514853	225,83301	-777,04291	-776,9549	-0,97754896
41716	0,62515086	226,0332	-777,82367	-777,797	-0,97817552
41716	0,62515318	226,2334	-778,60443	-778,56024	-0,97925961
41716	0,62515551	226,43359	-779,38519	-779,30707	-0,97962546
41716	0,62515783	226,63379	-780,16595	-779,94788	-0,98069459
41716	0,6251601	226,83398	-780,94672	-780,67548	-0,98142254
41716	0,62516242	227,03418	-781,72748	-781,52283	-0,98290443
41716	0,62516475	227,23438	-782,50824	-782,2818	-0,98353696
41716	0,62516707	227,43457	-783,289	-783,12073	-0,98459053
41716	0,6251694	227,63477	-784,06976	-783,92181	-0,98507553
41716	0,62517172	227,83496	-784,85052	-784,64294	-0,98585117
41716	0,62517405	228,03516	-785,63129	-785,52411	-0,98765343
41716	0,62517637	228,23535	-786,41205	-786,25427	-0,98856914
41716	0,62517864	228,43555	-787,19281	-787,05798	-0,98905039
41716	0,62518096	228,63574	-787,97357	-787,82874	-0,98971874
41716	0,62518328	228,83594	-788,75433	-788,60974	-0,99099278
41716	0,62518561	229,03613	-789,5351	-789,42749	-0,99202764
41716	0,62518793	229,23633	-790,31586	-790,19879	-0,99255592
41716	0,62519026	229,43652	-791,09662	-790,94269	-0,99356771
41716	0,62519258	229,63672	-791,87738	-791,78949	-0,99413025
41716	0,62519491	229,83691	-792,65814	-792,55658	-0,99531859
41716	0,62519717	230,03711	-793,4389	-793,35577	-0,9965502
41716	0,6251995	230,2373	-794,21967	-794,10675	-0,99731386
41716	0,62520182	230,4375	-795,00043	-794,88068	-0,9981699
41716	0,62520415	230,6377	-795,78119	-795,71643	-0,99938363
41716	0,62520647	230,83789	-796,56195	-796,46509	-0,99961907
41716	0,6252088	231,03809	-797,34271	-797,24512	-1,0014937
41716	0,62521112	231,23828	-798,12347	-798,00134	-1,0019265
41716	0,62521344	231,43848	-798,90424	-798,80255	-1,0026858
41716	0,62521571	231,63867	-799,685	-799,62769	-1,003965
41716	0,62521803	231,83887	-800,46576	-800,40192	-1,0053002

Datenerfassung						Zeit:	277,62012	s	18.03.2014 15:01:18
Ch 1 Weg	Ch 1 Kraft
mm	kN
1,9804702	1,6497318
-1,2563623	-969,83777

Datenerfassung						Zeit:	277,63086	s	18.03.2014 15:01:18
Datum	Tageszeit	Laufzeit	Ch 1 Kraft Sollwert	Ch 1 Kraft	Ch 1 Weg
d	d	s	kN	kN	mm
41716	0,62522036	232,03906	-801,24652	-801,16931	-1,0056787
41716	0,62522268	232,23926	-802,02728	-801,94995	-1,0066062
41716	0,62522501	232,43945	-802,80804	-802,72699	-1,0077573
41716	0,62522733	232,63965	-803,58881	-803,55811	-1,0088168
41716	0,62522966	232,83984	-804,36957	-804,31647	-1,0095507
41716	0,62523198	233,04004	-805,15033	-805,07483	-1,0096915
41716	0,62523425	233,24023	-805,93109	-805,87219	-1,0111839
41716	0,62523657	233,44043	-806,71185	-806,61139	-1,0119379
41716	0,6252389	233,64063	-807,49261	-807,47559	-1,0130674
41716	0,62524122	233,84082	-808,27338	-808,21356	-1,0134495
41716	0,62524354	234,04102	-809,05414	-808,97211	-1,0147207
41716	0,62524587	234,24121	-809,8349	-809,81726	-1,0152407
41716	0,62524819	234,44141	-810,61566	-810,53094	-1,0170407
41716	0,62525052	234,6416	-811,39642	-811,33264	-1,0178015
41716	0,62525278	234,8418	-812,17719	-812,11823	-1,018592
41716	0,62525511	235,04199	-812,95795	-812,89642	-1,0195241
41716	0,62525743	235,24219	-813,73871	-813,72205	-1,0201864
41716	0,62525976	235,44238	-814,51947	-814,43256	-1,020927
41716	0,62526208	235,64258	-815,30023	-815,25372	-1,0223582
41716	0,62526441	235,84277	-816,08099	-816,0274	-1,0234773
41716	0,62526673	236,04297	-816,86176	-816,80347	-1,0240688
41716	0,62526906	236,24316	-817,64252	-817,66083	-1,0255859
41716	0,62527132	236,44336	-818,42328	-818,35901	-1,0260708
41716	0,62527364	236,64355	-819,20404	-819,15039	-1,0268241
41716	0,62527597	236,84375	-819,9848	-819,9361	-1,0278456
41716	0,62527829	237,04395	-820,76556	-820,68866	-1,0287628
41716	0,62528062	237,24414	-821,54633	-821,4989	-1,0297083
41716	0,62528294	237,44434	-822,32709	-822,25635	-1,030416
41716	0,62528527	237,64453	-823,10785	-823,04547	-1,0311507
41716	0,62528759	237,84473	-823,88861	-823,87378	-1,0324233
41716	0,62528986	238,04492	-824,66937	-824,55518	-1,0331287
41716	0,62529218	238,24512	-825,45013	-825,40674	-1,0346048
41716	0,62529451	238,44531	-826,2309	-826,14294	-1,035358
41716	0,62529683	238,64551	-827,01166	-826,92725	-1,0361896
41716	0,62529916	238,8457	-827,79242	-827,79932	-1,0368659
41716	0,62530148	239,0459	-828,57318	-828,50574	-1,0381393
41716	0,6253038	239,24609	-829,35394	-829,34015	-1,0390304
41716	0,62530613	239,44629	-830,1347	-830,0882	-1,0399506
41716	0,62530839	239,64648	-830,91547	-830,85693	-1,0411248
41716	0,62531072	239,84668	-831,69623	-831,6488	-1,0420382
41716	0,62531304	240,04688	-832,47699	-832,3703	-1,0429919
41716	0,62531537	240,24707	-833,25775	-833,23468	-1,0439634
41716	0,62531769	240,44727	-834,03851	-834,00983	-1,0444545
41716	0,62532002	240,64746	-834,81927	-834,73004	-1,0452523
41716	0,62532234	240,84766	-835,60004	-835,57837	-1,0466292
41716	0,62532467	241,04785	-836,3808	-836,27643	-1,0475837
41716	0,62532693	241,24805	-837,16156	-837,12891	-1,0484643
41716	0,62532926	241,44824	-837,94232	-837,92139	-1,0493114
41716	0,62533158	241,64844	-838,72308	-838,64655	-1,0504611
41716	0,62533391	241,84863	-839,50385	-839,49054	-1,0514975
41716	0,62533623	242,04883	-840,28461	-840,15253	-1,0525062
41716	0,62533855	242,24902	-841,06537	-841,0249	-1,0533743
41716	0,62534088	242,44922	-841,84613	-841,79834	-1,0541022
41716	0,6253432	242,64941	-842,62689	-842,51007	-1,0554522
41716	0,62534547	242,84961	-843,40765	-843,33118	-1,0561258
41716	0,62534779	243,0498	-844,18842	-844,14252	-1,0568902
41716	0,62535012	243,25	-844,96918	-844,89423	-1,0574907
41716	0,62535244	243,4502	-845,74994	-845,69928	-1,0591433
41716	0,62535477	243,65039	-846,5307	-846,41992	-1,0597401
41716	0,62535709	243,85059	-847,31146	-847,30273	-1,0608815
41716	0,62535942	244,05078	-848,09222	-848,00299	-1,0615938
41716	0,62536174	244,25098	-848,87299	-848,77814	-1,0627217
41716	0,62536401	244,45117	-849,65375	-849,60437	-1,0640397
41716	0,62536633	244,65137	-850,43451	-850,33014	-1,064577
41716	0,62536865	244,85156	-851,21527	-851,11157	-1,0654442
41716	0,62537098	245,05176	-851,99603	-851,91132	-1,0666981
41716	0,6253733	245,25195	-852,77679	-852,75531	-1,0672748
41716	0,62537563	245,45215	-853,55756	-853,50958	-1,069104
41716	0,62537795	245,65234	-854,33832	-854,229	-1,0693967
41716	0,62538028	245,85254	-855,11908	-855,12524	-1,0704703
41716	0,62538254	246,05273	-855,89984	-855,81903	-1,0712914
41716	0,62538487	246,25293	-856,6806	-856,56195	-1,0719657
41716	0,62538719	246,45313	-857,46136	-857,42529	-1,0736101
41716	0,62538952	246,65332	-858,24213	-858,13611	-1,0738515
41716	0,62539184	246,85352	-859,02289	-858,91718	-1,0753825
41716	0,62539417	247,05371	-859,80365	-859,77789	-1,0762527
41716	0,62539649	247,25391	-860,58441	-860,448	-1,0771692
41716	0,62539881	247,4541	-861,36517	-861,2301	-1,0781631
41716	0,62540108	247,6543	-862,14594	-862,07697	-1,0788895
41716	0,6254034	247,85449	-862,9267	-862,88959	-1,080247
41716	0,62540573	248,05469	-863,70746	-863,57629	-1,0808982
41716	0,62540805	248,25488	-864,48822	-864,37048	-1,0822489
41716	0,62541038	248,45508	-865,26898	-865,2251	-1,0830812
41716	0,6254127	248,65527	-866,04974	-865,93628	-1,0840952
41716	0,62541503	248,85547	-866,83051	-866,7627	-1,0844693
41716	0,62541735	249,05566	-867,61127	-867,58325	-1,0856956
41716	0,62541962	249,25586	-868,39203	-868,28821	-1,0867603
41716	0,62542194	249,45605	-869,17279	-869,0968	-1,0877274
41716	0,62542427	249,65625	-869,95355	-869,8205	-1,0891057
41716	0,62542659	249,85645	-870,73431	-870,67322	-1,0902331
41716	0,62542892	250,05664	-871,51508	-871,40533	-1,090274
41716	0,62543124	250,25684	-872,29584	-872,15991	-1,0919564
41716	0,62543356	250,45703	-873,0766	-873,02875	-1,0929167
41716	0,62543583	250,65723	-873,85736	-873,7431	-1,0937943
41716	0,62543815	250,85742	-874,63812	-874,4989	-1,0944628
41716	0,62544048	251,05762	-875,41888	-875,34039	-1,0958261
41716	0,6254428	251,25781	-876,19965	-876,06824	-1,0969557
41716	0,62544513	251,45801	-876,98041	-876,86487	-1,0976672
41716	0,62544745	251,6582	-877,76117	-877,6861	-1,0987864
41716	0,62544978	251,8584	-878,54193	-878,49402	-1,0998167
41716	0,6254521	252,05859	-879,32269	-879,17188	-1,1005566
41716	0,62545437	252,25879	-880,10345	-879,97931	-1,1014819
41716	0,62545669	252,45898	-880,88422	-880,84607	-1,102861
41716	0,62545902	252,65918	-881,66498	-881,50769	-1,1037774
41716	0,62546134	252,85938	-882,44574	-882,37543	-1,1049509
41716	0,62546366	253,05957	-883,2265	-883,1076	-1,1061854
41716	0,62546599	253,25977	-884,00726	-883,83887	-1,1065923
41716	0,62546831	253,45996	-884,78802	-884,72845	-1,1070497
41716	0,62547064	253,66016	-885,56879	-885,38641	-1,10896
41716	0,6254729	253,86035	-886,34955	-886,25604	-1,1094667
41716	0,62547523	254,06055	-887,13031	-887,03339	-1,1105858
41716	0,62547755	254,26074	-887,91107	-887,7298	-1,1118382
41716	0,62547988	254,46094	-888,69183	-888,64697	-1,112929
41716	0,6254822	254,66113	-889,4726	-889,35486	-1,1141286
41716	0,62548453	254,86133	-890,25336	-890,06982	-1,1148304
41716	0,62548685	255,06152	-891,03412	-890,95343	-1,1160367
41716	0,62548918	255,26172	-891,81488	-891,60938	-1,1168331
41716	0,62549144	255,46191	-892,59564	-892,52209	-1,1178143
41716	0,62549376	255,66211	-893,3764	-893,20258	-1,1186786
41716	0,62549609	255,8623	-894,15717	-894,02441	-1,1196487
41716	0,62549841	256,0625	-894,93793	-894,83215	-1,1216834
41716	0,62550074	256,2627	-895,71869	-895,47241	-1,1221185
41716	0,62550306	256,46289	-896,49945	-896,42847	-1,1234708
41716	0,62550539	256,66309	-897,28021	-897,08856	-1,1247225
41716	0,62550771	256,86328	-898,06097	-897,85553	-1,1253238
41716	0,62550998	257,06348	-898,84174	-898,72375	-1,126498
41716	0,6255123	257,26367	-899,6225	-899,40155	-1,1268721
41716	0,62551463	257,46387	-900,40326	-900,35425	-1,1280649
41716	0,62551695	257,66406	-901,18402	-901,02997	-1,1299736
41716	0,62551928	257,86426	-901,96478	-901,76733	-1,1308647
41716	0,6255216	258,06445	-902,74554	-902,64935	-1,1316829
41716	0,62552392	258,26465	-903,52631	-903,25647	-1,132574
41716	0,62552625	258,46484	-904,30707	-904,21936	-1,1338279
41716	0,62552851	258,66504	-905,08783	-904,87708	-1,1341407
41716	0,62553084	258,86523	-905,86859	-905,66656	-1,1358291
41716	0,62553316	259,06543	-906,64935	-906,58887	-1,1369214
41716	0,62553549	259,26563	-907,43011	-907,18976	-1,1376404
41716	0,62553781	259,46582	-908,21088	-908,14752	-1,1391312
41716	0,62554014	259,66602	-908,99164	-908,80902	-1,139909
41716	0,62554246	259,86621	-909,7724	-909,53528	-1,1407554
41716	0,62554479	260,06641	-910,55316	-910,45026	-1,1422254
41716	0,62554705	260,2666	-911,33392	-910,99365	-1,1427261
41716	0,62554938	260,4668	-912,11469	-912,02869	-1,1438661
41716	0,6255517	260,66699	-912,89545	-912,67041	-1,1450373
41716	0,62555403	260,86719	-913,67621	-913,41333	-1,1459239
41716	0,62555635	261,06738	-914,45697	-914,32507	-1,1480421
41716	0,62555867	261,26758	-915,23773	-914,86005	-1,1481076
41716	0,625561	261,46777	-916,01849	-915,86969	-1,1491485
41716	0,62556332	261,66797	-916,79926	-916,52484	-1,1506155
41716	0,62556559	261,86816	-917,58002	-917,29065	-1,1512563
41716	0,62556791	262,06836	-918,36078	-918,1817	-1,152189
41716	0,62557024	262,26855	-919,14154	-918,80994	-1,1530876
41716	0,62557256	262,46875	-919,9223	-919,80249	-1,154448
41716	0,62557489	262,66895	-920,70306	-920,40051	-1,1557035
41716	0,62557721	262,86914	-921,48383	-921,16028	-1,1571839
41716	0,62557954	263,06934	-922,26459	-922,12482	-1,1578128
41716	0,62558186	263,26953	-923,04535	-922,64954	-1,1590146
41716	0,62558413	263,46973	-923,82611	-923,58539	-1,1605732
41716	0,62558645	263,66992	-924,60687	-924,26849	-1,1610568
41716	0,62558877	263,87012	-925,38763	-924,95276	-1,1623554
41716	0,6255911	264,07031	-926,1684	-925,93622	-1,1632472
41716	0,62559342	264,27051	-926,94916	-926,44293	-1,1644714
41716	0,62559575	264,4707	-927,72992	-927,41705	-1,166059
41716	0,62559807	264,6709	-928,51068	-928,09021	-1,167141
41716	0,6256004	264,87109	-929,29144	-928,79077	-1,16781
41716	0,62560266	265,07129	-930,0722	-929,7926	-1,1689827
41716	0,62560499	265,27148	-930,85297	-930,31329	-1,1697017
41716	0,62560731	265,47168	-931,63373	-931,20709	-1,1714548
41716	0,62560964	265,67188	-932,41449	-931,95129	-1,1723213
41716	0,62561196	265,87207	-933,19525	-932,64844	-1,1732839
41716	0,62561429	266,07227	-933,97601	-933,55298	-1,1742547
41716	0,62561661	266,27246	-934,75677	-934,13464	-1,1755838
41716	0,62561893	266,47266	-935,53754	-935,13385	-1,1769086
41716	0,6256212	266,67285	-936,3183	-935,88605	-1,1778958
41716	0,62562352	266,87305	-937,09906	-936,45508	-1,1793472
41716	0,62562585	267,07324	-937,87982	-937,51239	-1,1801541
41716	0,62562817	267,27344	-938,66058	-938,13068	-1,1815392
41716	0,6256305	267,47363	-939,44135	-938,94519	-1,1824757
41716	0,62563282	267,67383	-940,22211	-939,69006	-1,1841863
41716	0,62563515	267,87402	-941,00287	-940,39514	-1,184792
41716	0,62563747	268,07422	-941,78363	-941,40393	-1,1862494
41716	0,62563974	268,27441	-942,56439	-941,8764	-1,1868417
41716	0,62564206	268,47461	-943,34515	-942,85547	-1,1882268
41716	0,62564439	268,6748	-944,12592	-943,61859	-1,1890769
41716	0,62564671	268,875	-944,90668	-944,3432	-1,1905104
41716	0,62564903	269,0752	-945,68744	-945,1781	-1,1919528
41716	0,62565136	269,27539	-946,4682	-945,77966	-1,1930205
41716	0,62565368	269,47559	-947,24896	-946,72357	-1,1946075
41716	0,62565601	269,67578	-948,02972	-947,45325	-1,1956536
41716	0,62565827	269,87598	-948,81049	-948,12219	-1,1971079
41716	0,6256606	270,07617	-949,59125	-949,14783	-1,1981323
41716	0,62566292	270,27637	-950,37201	-949,62164	-1,1990056
41716	0,62566525	270,47656	-951,15277	-950,62585	-1,2003586
41716	0,62566757	270,67676	-951,93353	-951,42108	-1,201813
41716	0,6256699	270,87695	-952,71429	-952,08948	-1,2029753
41716	0,62567222	271,07715	-953,49506	-953,04401	-1,2041755
41716	0,62567455	271,27734	-954,27582	-953,46863	-1,205755
41716	0,62567681	271,47754	-955,05658	-954,47754	-1,207719
41716	0,62567914	271,67773	-955,83734	-955,27649	-1,2089819
41716	0,62568146	271,87793	-956,6181	-955,89056	-1,210133
41716	0,62568378	272,07813	-957,39886	-956,93762	-1,2115836
41716	0,62568611	272,27832	-958,17963	-957,3808	-1,212518
41716	0,62568843	272,47852	-958,96039	-958,28845	-1,2135439
41716	0,62569076	272,67871	-959,74115	-959,20624	-1,2154863
41716	0,62569308	272,87891	-960,52191	-959,68018	-1,2169063
41716	0,62569535	273,0791	-961,30267	-960,75037	-1,2186147
41716	0,62569767	273,2793	-962,08344	-961,26752	-1,2192398
41716	0,6257	273,47949	-962,8642	-962,15576	-1,2207158
41716	0,62570232	273,67969	-963,64496	-963,13312	-1,2226589
41716	0,62570465	273,87988	-964,42572	-963,45911	-1,224146
41716	0,62570697	274,08008	-965,20648	-964,67584	-1,225359
41716	0,6257093	274,28027	-965,98724	-965,02423	-1,2266904
41716	0,62571162	274,48047	-966,76801	-966,04657	-1,228179
41716	0,62571388	274,68066	-967,54877	-967,01288	-1,2297742
41716	0,62571621	274,88086	-968,32953	-967,3299	-1,2307293
41716	0,62571853	275,08105	-969,11029	-968,50409	-1,2328155
41716	0,62572086	275,28125	-969,89105	-969,07892	-1,2345351
41716	0,62572318	275,48145	-970,67181	-969,66107	-1,2366877
41716	0,62572551	275,68164	0	-899,23535	-1,201322
41716	0,62572783	275,88184	0	-567,24335	-0,86931813
41716	0,62573016	276,08203	0	-260,25714	-0,53333414
41716	0,62573242	276,28223	0	-34,830093	-0,19448847
41716	0,62573475	276,48242	0	1,5834942	0,13994873
41716	0,62573707	276,68262	0	1,5294869	0,46650842
41716	0,6257394	276,88281	0	1,4921651	0,7919997
41716	0,62574172	277,08301	0	1,4866554	1,1180513
41716	0,62574404	277,2832	0	1,4747437	1,443652
41716	0,62574637	277,4834	0	1,4461968	1,7685041
