MTS793|MPT|DEU|1|2|,|.|:|49|1|1|A

Bediener Information						Zeit:	38,210938	s	19.03.2024 09:02:34
Datum	19.03.2024
Probe	20240220_7188_M01_Z1
Prüfer: 	Be
Masse	5482
Länge	300,9
Durchmesser	98,5
Bediener Information Ende

Datenerfassung						Zeit:	156,8125	s	19.03.2024 09:04:33
Ch 1 Weg	Ch 1 Kraft
mm	kN
0,96021742	0,29724276
-1,126708	-410,09866

Datenerfassung						Zeit:	156,81641	s	19.03.2024 09:04:33
Datum	Tageszeit	Laufzeit	Ch 1 Kraft Sollwert	Ch 1 Kraft	Ch 1 Weg
d	d	s	kN	kN	mm
45370	0,37659526	49,831055	-1,7617188	-1,418762	-0,0034555793
45370	0,37659758	50,03125	-2,5424805	-2,2434518	-0,0087082386
45370	0,37659991	50,231445	-3,3232422	-3,0173342	-0,014965236
45370	0,37660223	50,431641	-4,1040039	-3,4201593	-0,01796335
45370	0,37660453	50,631836	-4,8847656	-3,8147085	-0,019943714
45370	0,37660685	50,832031	-5,6655273	-4,8448706	-0,025078654
45370	0,37660918	51,032227	-6,4462891	-5,9088879	-0,031021237
45370	0,3766115	51,232422	-7,2270508	-6,7143049	-0,035710633
45370	0,3766138	51,432617	-8,0078125	-7,5365257	-0,039327145
45370	0,37661612	51,632813	-8,7885742	-8,4705095	-0,043267012
45370	0,37661844	51,833008	-9,5693359	-9,3451405	-0,04735589
45370	0,37662077	52,033203	-10,350098	-10,162606	-0,05017519
45370	0,37662306	52,233398	-11,130859	-11,076597	-0,055244565
45370	0,37662539	52,433594	-11,911621	-11,82998	-0,057278574
45370	0,37662771	52,633789	-12,692383	-12,631252	-0,060601532
45370	0,37663001	52,833984	-13,473145	-13,404655	-0,063106418
45370	0,37663233	53,03418	-14,253906	-14,224281	-0,066955388
45370	0,37663466	53,234375	-15,034668	-14,991552	-0,069007277
45370	0,37663698	53,43457	-15,81543	-15,777911	-0,072278082
45370	0,37663928	53,634766	-16,596191	-16,561144	-0,074729323
45370	0,3766416	53,834961	-17,376953	-17,357893	-0,077712536
45370	0,37664393	54,035156	-18,157715	-18,119308	-0,080342591
45370	0,37664625	54,235352	-18,938477	-18,930382	-0,083737075
45370	0,37664855	54,435547	-19,719238	-19,680544	-0,085513294
45370	0,37665087	54,635742	-20,5	-20,490942	-0,088185072
45370	0,37665319	54,835938	-21,280762	-21,258505	-0,090301037
45370	0,37665552	55,036133	-22,061523	-22,04875	-0,092586875
45370	0,37665781	55,236328	-22,842285	-22,80578	-0,095412135
45370	0,37666014	55,436523	-23,623047	-23,633896	-0,098571181
45370	0,37666246	55,636719	-24,403809	-24,394606	-0,10029823
45370	0,37666479	55,836914	-25,18457	-25,154779	-0,10316521
45370	0,37666708	56,037109	-25,965332	-25,967424	-0,10519773
45370	0,37666941	56,237305	-26,746094	-26,74176	-0,10721385
45370	0,37667173	56,4375	-27,526855	-27,534651	-0,10975599
45370	0,37667406	56,637695	-28,307617	-28,278498	-0,11177063
45370	0,37667635	56,837891	-29,088379	-29,096886	-0,1143083
45370	0,37667868	57,038086	-29,869141	-29,845512	-0,11622012
45370	0,376681	57,238281	-30,649902	-30,65884	-0,11928231
45370	0,37668332	57,438477	-31,430664	-31,391546	-0,12099892
45370	0,37668562	57,638672	-32,211426	-32,243191	-0,12343228
45370	0,37668794	57,838867	-32,992188	-32,983517	-0,12510568
45370	0,37669027	58,039063	-33,772949	-33,811062	-0,1280576
45370	0,37669259	58,239258	-34,553711	-34,520287	-0,12952834
45370	0,37669489	58,439453	-35,334473	-35,375553	-0,13150126
45370	0,37669721	58,639648	-36,115234	-36,051655	-0,13353825
45370	0,37669954	58,839844	-36,895996	-36,903687	-0,13569444
45370	0,37670186	59,040039	-37,676758	-37,626713	-0,13814718
45370	0,37670416	59,240234	-38,45752	-38,456596	-0,13971478
45370	0,37670648	59,44043	-39,238281	-39,222786	-0,14205277
45370	0,37670881	59,640625	-40,019043	-40,029518	-0,14479309
45370	0,37671113	59,84082	-40,799805	-40,806324	-0,14642328
45370	0,37671342	60,041016	-41,580566	-41,597172	-0,14791936
45370	0,37671575	60,241211	-42,361328	-42,403137	-0,15019327
45370	0,37671807	60,441406	-43,14209	-43,144249	-0,15246421
45370	0,3767204	60,641602	-43,922852	-43,948223	-0,15469939
45370	0,37672269	60,841797	-44,703613	-44,660793	-0,15643686
45370	0,37672502	61,041992	-45,484375	-45,5116	-0,15851855
45370	0,37672734	61,242188	-46,265137	-46,219505	-0,16035289
45370	0,37672967	61,442383	-47,045898	-47,059711	-0,16319305
45370	0,37673196	61,642578	-47,82666	-47,791946	-0,1641795
45370	0,37673429	61,842773	-48,607422	-48,629818	-0,16711205
45370	0,37673661	62,042969	-49,388184	-49,32111	-0,16812086
45370	0,37673894	62,243164	-50,168945	-50,184273	-0,17039329
45370	0,37674123	62,443359	-50,949707	-50,934399	-0,17199963
45370	0,37674356	62,643555	-51,730469	-51,718079	-0,17399937
45370	0,37674588	62,84375	-52,51123	-52,547691	-0,1760751
45370	0,3767482	63,043945	-53,291992	-53,242077	-0,17781407
45370	0,3767505	63,244141	-54,072754	-54,129738	-0,18012375
45370	0,37675282	63,444336	-54,853516	-54,774944	-0,18198192
45370	0,37675515	63,644531	-55,634277	-55,651379	-0,18447042
45370	0,37675747	63,844727	-56,415039	-56,423946	-0,18584132
45370	0,37675977	64,044922	-57,195801	-57,135506	-0,18775463
45370	0,37676209	64,245117	-57,976563	-58,018108	-0,19040257
45370	0,37676442	64,445313	-58,757324	-58,681953	-0,19111186
45370	0,37676674	64,645508	-59,538086	-59,547611	-0,19407868
45370	0,37676904	64,845703	-60,318848	-60,322681	-0,19568354
45370	0,37677136	65,045898	-61,099609	-61,044533	-0,19753724
45370	0,37677369	65,246094	-61,880371	-61,946777	-0,19917339
45370	0,37677601	65,446289	-62,661133	-62,581745	-0,20062774
45370	0,3767783	65,646484	-63,441895	-63,468414	-0,20267367
45370	0,37678063	65,84668	-64,222656	-64,212433	-0,20526946
45370	0,37678295	66,046875	-65,003418	-64,90358	-0,20646453
45370	0,37678528	66,24707	-65,78418	-65,821838	-0,20829439
45370	0,37678757	66,447266	-66,564941	-66,521767	-0,20998716
45370	0,3767899	66,647461	-67,345703	-67,321114	-0,21195561
45370	0,37679222	66,847656	-68,126465	-68,136925	-0,21416098
45370	0,37679455	67,047852	-68,907227	-68,816475	-0,21532476
45370	0,37679684	67,248047	-69,687988	-69,732895	-0,21781772
45370	0,37679917	67,448242	-70,46875	-70,432747	-0,21947473
45370	0,37680149	67,648438	-71,249512	-71,215797	-0,22144318
45370	0,37680382	67,848633	-72,030273	-72,105972	-0,22320151
45370	0,37680611	68,048828	-72,811035	-72,720932	-0,22441
45370	0,37680843	68,249023	-73,591797	-73,57975	-0,2269581
45370	0,37681076	68,449219	-74,372559	-74,390282	-0,22865683
45370	0,37681308	68,649414	-75,15332	-75,048317	-0,23003072
45370	0,37681538	68,849609	-75,934082	-75,960533	-0,23198575
45370	0,3768177	69,049805	-76,714844	-76,675781	-0,2338931
45370	0,37682003	69,25	-77,495605	-77,45755	-0,23491085
45370	0,37682235	69,450195	-78,276367	-78,303932	-0,23712963
45370	0,37682465	69,650391	-79,057129	-78,964828	-0,23904145
45370	0,37682697	69,850586	-79,837891	-79,882568	-0,24137944
45370	0,3768293	70,050781	-80,618652	-80,589691	-0,2426371
45370	0,37683162	70,250977	-81,399414	-81,347122	-0,24434626
45370	0,37683392	70,451172	-82,180176	-82,233917	-0,2464518
45370	0,37683624	70,651367	-82,960938	-82,869781	-0,24711639
45370	0,37683856	70,851563	-83,741699	-83,76442	-0,24961084
45370	0,37684089	71,051758	-84,522461	-84,505898	-0,25160015
45370	0,37684318	71,251953	-85,303223	-85,230141	-0,25254786
45370	0,37684551	71,452148	-86,083984	-86,135651	-0,25516897
45370	0,37684783	71,652344	-86,864746	-86,776917	-0,255768
45370	0,37685016	71,852539	-87,645508	-87,647537	-0,25854707
45370	0,37685245	72,052734	-88,42627	-88,469917	-0,25972128
45370	0,37685478	72,25293	-89,207031	-89,145554	-0,26176721
45370	0,3768571	72,453125	-89,987793	-90,03907	-0,26357174
45370	0,37685943	72,65332	-90,768555	-90,72583	-0,26493222
45370	0,37686172	72,853516	-91,549316	-91,516426	-0,26645958
45370	0,37686405	73,053711	-92,330078	-92,378693	-0,26839525
45370	0,37686637	73,253906	-93,11084	-93,019867	-0,26995391
45370	0,3768687	73,454102	-93,891602	-93,928749	-0,27168244
45370	0,37687099	73,654297	-94,672363	-94,651855	-0,27392507
45370	0,37687331	73,854492	-95,453125	-95,403351	-0,27479082
45370	0,37687564	74,054688	-96,233887	-96,289925	-0,27613044
45370	0,37687796	74,254883	-97,014648	-96,934319	-0,27830005
45370	0,37688026	74,455078	-97,79541	-97,862762	-0,28026402
45370	0,37688258	74,655273	-98,576172	-98,536072	-0,28150827
45370	0,37688491	74,855469	-99,356934	-99,337563	-0,28323382
45370	0,37688723	75,055664	-100,1377	-100,19809	-0,28489083
45370	0,37688953	75,255859	-100,91846	-100,81783	-0,28673559
45370	0,37689185	75,456055	-101,69922	-101,73827	-0,28843582
45370	0,37689418	75,65625	-102,47998	-102,44935	-0,2901271
45370	0,3768965	75,856445	-103,26074	-103,23941	-0,29180497
45370	0,3768988	76,056641	-104,0415	-104,08326	-0,29330254
45370	0,37690112	76,256836	-104,82227	-104,75603	-0,2942279
45370	0,37690344	76,457031	-105,60303	-105,66718	-0,29642731
45370	0,37690577	76,657227	-106,38379	-106,3501	-0,29786378
45370	0,37690806	76,857422	-107,16455	-107,15456	-0,29993504
45370	0,37691039	77,057617	-107,94531	-107,94713	-0,3013283
45370	0,37691271	77,257813	-108,72607	-108,631	-0,30308515
45370	0,37691504	77,458008	-109,50684	-109,55779	-0,30488074
45370	0,37691733	77,658203	-110,2876	-110,21027	-0,30624866
45370	0,37691966	77,858398	-111,06836	-111,07145	-0,30816197
45370	0,37692198	78,058594	-111,84912	-111,86971	-0,30948073
45370	0,37692431	78,258789	-112,62988	-112,59852	-0,3105849
45370	0,3769266	78,458984	-113,41064	-113,48508	-0,31273067
45370	0,37692893	78,65918	-114,19141	-114,10793	-0,31402409
45370	0,37693125	78,859375	-114,97217	-115,03603	-0,31602532
45370	0,37693357	79,05957	-115,75293	-115,72749	-0,31707734
45370	0,37693587	79,259766	-116,53369	-116,54413	-0,31882972
45370	0,37693819	79,459961	-117,31445	-117,34321	-0,32139868
45370	0,37694052	79,660156	-118,09521	-118,03921	-0,32200813
45370	0,37694281	79,860352	-118,87598	-118,94513	-0,32435209
45370	0,37694514	80,060547	-119,65674	-119,56849	-0,32544583
45370	0,37694746	80,260742	-120,4375	-120,46207	-0,3276363
45370	0,37694979	80,460938	-121,21826	-121,20884	-0,32898635
45370	0,37695208	80,661133	-121,99902	-121,97361	-0,33048838
45370	0,37695441	80,861328	-122,77979	-122,83768	-0,33209175
45370	0,37695673	81,061523	-123,56055	-123,49896	-0,33297986
45370	0,37695906	81,261719	-124,34131	-124,41785	-0,3352493
45370	0,37696135	81,461914	-125,12207	-125,03296	-0,33621788
45370	0,37696368	81,662109	-125,90283	-125,90549	-0,33818185
45370	0,376966	81,862305	-126,68359	-126,66166	-0,34009218
45370	0,37696832	82,0625	-127,46436	-127,42056	-0,34092367
45370	0,37697062	82,262695	-128,24512	-128,28571	-0,34328699
45370	0,37697294	82,462891	-129,02588	-128,90971	-0,34441501
45370	0,37697527	82,663086	-129,80664	-129,83736	-0,34605414
45370	0,37697759	82,863281	-130,5874	-130,50658	-0,34725815
45370	0,37697989	83,063477	-131,36816	-131,37581	-0,3488645
45370	0,37698221	83,263672	-132,14893	-132,16766	-0,3506884
45370	0,37698454	83,463867	-132,92969	-132,88293	-0,35186857
45370	0,37698686	83,664063	-133,71045	-133,76021	-0,3547281
45370	0,37698916	83,864258	-134,49121	-134,39091	-0,35496801
45370	0,37699148	84,064453	-135,27197	-135,31349	-0,35698563
45370	0,37699381	84,264648	-136,05273	-135,97482	-0,35836101
45370	0,37699613	84,464844	-136,8335	-136,82378	-0,35997778
45370	0,37699842	84,665039	-137,61426	-137,59267	-0,36133528
45370	0,37700075	84,865234	-138,39502	-138,31218	-0,36289394
45370	0,37700307	85,06543	-139,17578	-139,23309	-0,36485791
45370	0,3770054	85,265625	-139,95654	-139,87938	-0,366503
45370	0,37700769	85,46582	-140,7373	-140,78494	-0,36807656
45370	0,37701002	85,666016	-141,51807	-141,4539	-0,36894232
45370	0,37701234	85,866211	-142,29883	-142,261	-0,37093759
45370	0,37701467	86,066406	-143,07959	-143,08975	-0,37214756
45370	0,37701696	86,266602	-143,86035	-143,78149	-0,37315041
45370	0,37701929	86,466797	-144,64111	-144,68083	-0,37606508
45370	0,37702161	86,666992	-145,42188	-145,30809	-0,37671477
45370	0,37702394	86,867188	-146,20264	-146,22108	-0,37816614
45370	0,37702623	87,067383	-146,9834	-146,95226	-0,37938654
45370	0,37702855	87,267578	-147,76416	-147,73589	-0,38097352
45370	0,37703088	87,467773	-148,54492	-148,57465	-0,38334578
45370	0,3770332	87,667969	-149,32568	-149,22162	-0,38476735
45370	0,3770355	87,868164	-150,10645	-150,1443	-0,38650781
45370	0,37703782	88,068359	-150,88721	-150,80794	-0,38752407
45370	0,37704015	88,268555	-151,66797	-151,68001	-0,38940609
45370	0,37704247	88,46875	-152,44873	-152,40128	-0,3907457
45370	0,37704477	88,668945	-153,22949	-153,18297	-0,39274544
45370	0,37704709	88,869141	-154,01025	-154,02429	-0,39343983
45370	0,37704942	89,069336	-154,79102	-154,70483	-0,39496124
45370	0,37705174	89,269531	-155,57178	-155,62466	-0,39758384
45370	0,37705404	89,469727	-156,35254	-156,24031	-0,39836615
45370	0,37705636	89,669922	-157,1333	-157,16647	-0,40049553
45370	0,37705868	89,870117	-157,91406	-157,84999	-0,4012242
45370	0,37706101	90,070313	-158,69482	-158,63829	-0,40317774
45370	0,3770633	90,270508	-159,47559	-159,47456	-0,40456355
45370	0,37706563	90,470703	-160,25635	-160,16096	-0,40579587
45370	0,37706795	90,670898	-161,03711	-161,06949	-0,40740222
45370	0,37707028	90,871094	-161,81787	-161,69246	-0,40859729
45370	0,37707257	91,071289	-162,59863	-162,61394	-0,41039884
45370	0,3770749	91,271484	-163,37939	-163,31322	-0,4119426
45370	0,37707722	91,47168	-164,16016	-164,12917	-0,41359514
45370	0,37707955	91,671875	-164,94092	-164,94391	-0,41551143
45370	0,37708184	91,87207	-165,72168	-165,64952	-0,41649789
45370	0,37708417	92,072266	-166,50244	-166,52975	-0,41814595
45370	0,37708649	92,272461	-167,2832	-167,16713	-0,41885376
45370	0,37708881	92,472656	-168,06396	-168,10185	-0,42110682
45370	0,37709111	92,672852	-168,84473	-168,74211	-0,4224211
45370	0,37709343	92,873047	-169,62549	-169,64345	-0,4241541
45370	0,37709576	93,073242	-170,40625	-170,35298	-0,42558461
45370	0,37709808	93,273438	-171,18701	-171,15994	-0,42644292
45370	0,37710038	93,473633	-171,96777	-171,95941	-0,42815357
45370	0,3771027	93,673828	-172,74854	-172,68242	-0,43001622
45370	0,37710503	93,874023	-173,5293	-173,56819	-0,43147504
45370	0,37710735	94,074219	-174,31006	-174,21449	-0,4330337
45370	0,37710965	94,274414	-175,09082	-175,12888	-0,43470114
45370	0,37711197	94,474609	-175,87158	-175,79742	-0,43581277
45370	0,3771143	94,674805	-176,65234	-176,67842	-0,43739527
45370	0,37711662	94,875	-177,43311	-177,38684	-0,43827295
45370	0,37711892	95,075195	-178,21387	-178,20097	-0,43985695
45370	0,37712124	95,275391	-178,99463	-179,01811	-0,44232458
45370	0,37712356	95,475586	-179,77539	-179,72112	-0,44374913
45370	0,37712589	95,675781	-180,55615	-180,5887	-0,44501573
45370	0,37712818	95,875977	-181,33691	-181,23679	-0,44605583
45370	0,37713051	96,076172	-182,11768	-182,18208	-0,44807792
45370	0,37713283	96,276367	-182,89844	-182,80615	-0,44906437
45370	0,37713516	96,476563	-183,6792	-183,71722	-0,45042336
45370	0,37713745	96,676758	-184,45996	-184,41316	-0,45256168
45370	0,37713978	96,876953	-185,24072	-185,21191	-0,45373291
45370	0,3771421	97,077148	-186,02148	-186,06345	-0,45562238
45370	0,37714443	97,277344	-186,80225	-186,73785	-0,45653582
45370	0,37714672	97,477539	-187,58301	-187,63956	-0,45743883
45370	0,37714905	97,677734	-188,36377	-188,2672	-0,45954883
45370	0,37715137	97,87793	-189,14453	-189,1873	-0,46146661
45370	0,37715369	98,078125	-189,92529	-189,83022	-0,4630208
45370	0,37715599	98,27832	-190,70605	-190,7343	-0,46445131
45370	0,37715831	98,478516	-191,48682	-191,43015	-0,46584159
45370	0,37716064	98,678711	-192,26758	-192,26114	-0,46795309
45370	0,37716296	98,878906	-193,04834	-193,04427	-0,4687652
45370	0,37716526	99,079102	-193,8291	-193,78061	-0,47024935
45370	0,37716758	99,279297	-194,60986	-194,6371	-0,47211498
45370	0,37716991	99,479492	-195,39063	-195,29675	-0,47330409
45370	0,37717223	99,679688	-196,17139	-196,21181	-0,47475696
45370	0,37717453	99,879883	-196,95215	-196,84235	-0,47534108
45370	0,37717685	100,08008	-197,73291	-197,8131	-0,47789961
45370	0,37717918	100,28027	-198,51367	-198,3791	-0,47937781
45370	0,3771815	100,48047	-199,29443	-199,32777	-0,48111677
45370	0,37718379	100,68066	-200,0752	-199,99176	-0,48255026
45370	0,37718612	100,88086	-200,85596	-200,85767	-0,48405677
45370	0,37718844	101,08105	-201,63672	-201,62398	-0,48551708
45370	0,37719077	101,28125	-202,41748	-202,38309	-0,48703104
45370	0,37719306	101,48145	-203,19824	-203,2126	-0,48878193
45370	0,37719539	101,68164	-203,979	-203,9189	-0,49044788
45370	0,37719771	101,88184	-204,75977	-204,81798	-0,49218833
45370	0,37720004	102,08203	-205,54053	-205,45613	-0,49317628
45370	0,37720233	102,28223	-206,32129	-206,41179	-0,49548
45370	0,37720466	102,48242	-207,10205	-207,00955	-0,49577206
45370	0,37720698	102,68262	-207,88281	-207,98325	-0,49842745
45370	0,37720931	102,88281	-208,66357	-208,56149	-0,49897432
45370	0,3772116	103,08301	-209,44434	-209,54263	-0,50167441
45370	0,37721393	103,2832	-210,2251	-210,12778	-0,5022034
45370	0,37721625	103,4834	-211,00586	-211,06772	-0,50468594
45370	0,37721857	103,68359	-211,78662	-211,69345	-0,50545335
45370	0,37722087	103,88379	-212,56738	-212,56799	-0,50622672
45370	0,37722319	104,08398	-213,34814	-213,28328	-0,50814748
45370	0,37722552	104,28418	-214,12891	-214,11859	-0,51004738
45370	0,37722784	104,48438	-214,90967	-214,89557	-0,51188618
45370	0,37723014	104,68457	-215,69043	-215,67943	-0,51331967
45370	0,37723246	104,88477	-216,47119	-216,49097	-0,51525533
45370	0,37723479	105,08496	-217,25195	-217,18846	-0,51679462
45370	0,37723711	105,28516	-218,03271	-218,0668	-0,51804781
45370	0,37723941	105,48535	-218,81348	-218,73454	-0,51958263
45370	0,37724173	105,68555	-219,59424	-219,63646	-0,52131265
45370	0,37724406	105,88574	-220,375	-220,28479	-0,52283406
45370	0,37724638	106,08594	-221,15576	-221,18767	-0,52498877
45370	0,37724867	106,28613	-221,93652	-221,84973	-0,52548945
45370	0,377251	106,48633	-222,71729	-222,76291	-0,52788854
45370	0,37725332	106,68652	-223,49805	-223,42694	-0,53008199
45370	0,37725562	106,88672	-224,27881	-224,343	-0,53138435
45370	0,37725794	107,08691	-225,05957	-224,98613	-0,53301156
45370	0,37726027	107,28711	-225,84033	-225,8699	-0,53428262
45370	0,37726259	107,4873	-226,62109	-226,55945	-0,53619295
45370	0,37726489	107,6875	-227,40186	-227,38362	-0,53788722
45370	0,37726721	107,8877	-228,18262	-228,14247	-0,53905696
45370	0,37726954	108,08789	-228,96338	-228,93477	-0,54041147
45370	0,37727186	108,28809	-229,74414	-229,73897	-0,54304302
45370	0,37727416	108,48828	-230,5249	-230,4657	-0,54321885
45370	0,37727648	108,68848	-231,30566	-231,3145	-0,54595172
45370	0,3772788	108,88867	-232,08643	-232,02219	-0,54700971
45370	0,37728113	109,08887	-232,86719	-232,85947	-0,54949075
45370	0,37728342	109,28906	-233,64795	-233,62915	-0,55044442
45370	0,37728575	109,48926	-234,42871	-234,37465	-0,55225044
45370	0,37728807	109,68945	-235,20947	-235,17763	-0,55425763
45370	0,3772904	109,88965	-235,99023	-235,93814	-0,55537075
45370	0,37729269	110,08984	-236,771	-236,72455	-0,5575031
45370	0,37729502	110,29004	-237,55176	-237,51166	-0,5591318
45370	0,37729734	110,49023	-238,33252	-238,29964	-0,55996031
45370	0,37729967	110,69043	-239,11328	-239,05022	-0,56267381
45370	0,37730196	110,89063	-239,89404	-239,82846	-0,56334585
45370	0,37730429	111,09082	-240,6748	-240,64362	-0,56573302
45370	0,37730661	111,29102	-241,45557	-241,43494	-0,56731105
45370	0,37730893	111,49121	-242,23633	-242,21945	-0,56894869
45370	0,37731123	111,69141	-243,01709	-242,97737	-0,57048947
45370	0,37731355	111,8916	-243,79785	-243,73917	-0,57218671
45370	0,37731588	112,0918	-244,57861	-244,51828	-0,57392567
45370	0,3773182	112,29199	-245,35938	-245,29457	-0,57539195
45370	0,3773205	112,49219	-246,14014	-246,10316	-0,5774051
45370	0,37732282	112,69238	-246,9209	-246,90982	-0,57860464
45370	0,37732515	112,89258	-247,70166	-247,65094	-0,58082193
45370	0,37732747	113,09277	-248,48242	-248,43906	-0,58229119
45370	0,37732977	113,29297	-249,26318	-249,2245	-0,58388263
45370	0,37733209	113,49316	-250,04395	-250,01932	-0,58596879
45370	0,37733442	113,69336	-250,82471	-250,78017	-0,58743358
45370	0,37733674	113,89355	-251,60547	-251,54866	-0,58938861
45370	0,37733904	114,09375	-252,38623	-252,36264	-0,59026331
45370	0,37734136	114,29395	-253,16699	-253,15143	-0,59282929
45370	0,37734368	114,49414	-253,94775	-253,93681	-0,59424937
45370	0,37734601	114,69434	-254,72852	-254,68208	-0,59570074
45370	0,3773483	114,89453	-255,50928	-255,4727	-0,59766322
45370	0,37735063	115,09473	-256,29004	-256,25314	-0,5987525
45370	0,37735295	115,29492	-257,0708	-257,03796	-0,60127527
45370	0,37735528	115,49512	-257,85156	-257,79343	-0,6018877
45370	0,37735757	115,69531	-258,63232	-258,58243	-0,60504377
45370	0,3773599	115,89551	-259,41309	-259,38156	-0,60533136
45370	0,37736222	116,0957	-260,19385	-260,12167	-0,60821623
45370	0,37736455	116,2959	-260,97461	-260,94507	-0,60929358
45370	0,37736684	116,49609	-261,75537	-261,6926	-0,61095804
45370	0,37736917	116,69629	-262,53613	-262,49481	-0,61346889
45370	0,37737149	116,89648	-263,31689	-263,28778	-0,61535388
45370	0,37737381	117,09668	-264,09766	-264,04257	-0,61653107
45370	0,37737611	117,29688	-264,87842	-264,79535	-0,61774999
45370	0,37737843	117,49707	-265,65918	-265,62378	-0,61984509
45370	0,37738076	117,69727	-266,43994	-266,41132	-0,62122494
45370	0,37738308	117,89746	-267,2207	-267,18011	-0,62360615
45370	0,37738538	118,09766	-268,00146	-267,98804	-0,62470585
45370	0,3773877	118,29785	-268,78223	-268,74557	-0,62727034
45370	0,37739003	118,49805	-269,56299	-269,55725	-0,62857568
45370	0,37739235	118,69824	-270,34375	-270,30148	-0,63052922
45370	0,37739465	118,89844	-271,12451	-271,10153	-0,63256025
45370	0,37739697	119,09863	-271,90527	-271,87665	-0,6342575
45370	0,3773993	119,29883	-272,68604	-272,64886	-0,63554347
45370	0,37740162	119,49902	-273,4668	-273,42123	-0,63716024
45370	0,37740391	119,69922	-274,24756	-274,21472	-0,63966662
45370	0,37740624	119,89941	-275,02832	-274,9816	-0,6409809
45370	0,37740856	120,09961	-275,80908	-275,78381	-0,6426543
45370	0,37741089	120,2998	-276,58984	-276,547	-0,64407289
45370	0,37741318	120,5	-277,37061	-277,33652	-0,64650923
45370	0,37741551	120,7002	-278,15137	-278,11807	-0,64705163
45370	0,37741783	120,90039	-278,93213	-278,91989	-0,64966977
45370	0,37742016	121,10059	-279,71289	-279,69824	-0,65126717
45370	0,37742245	121,30078	-280,49365	-280,48392	-0,65272897
45370	0,37742478	121,50098	-281,27441	-281,25168	-0,65506101
45370	0,3774271	121,70117	-282,05518	-282,02115	-0,65705031
45370	0,37742943	121,90137	-282,83594	-282,81992	-0,65878928
45370	0,37743172	122,10156	-283,6167	-283,57883	-0,66012144
45370	0,37743405	122,30176	-284,39746	-284,37286	-0,66236556
45370	0,37743637	122,50195	-285,17822	-285,14972	-0,664033
45370	0,37743869	122,70215	-285,95898	-285,9332	-0,66554397
45370	0,37744099	122,90234	-286,73975	-286,72366	-0,66779554
45370	0,37744331	123,10254	-287,52051	-287,50354	-0,66957474
45370	0,37744564	123,30273	-288,30127	-288,27972	-0,67110509
45370	0,37744796	123,50293	-289,08203	-289,05222	-0,67207366
45370	0,37745026	123,70313	-289,86279	-289,83621	-0,67467093
45370	0,37745258	123,90332	-290,64355	-290,62286	-0,67675859
45370	0,37745491	124,10352	-291,42432	-291,39142	-0,67848712
45370	0,37745723	124,30371	-292,20508	-292,18051	-0,68028569
45370	0,37745953	124,50391	-292,98584	-292,95029	-0,6819427
45370	0,37746185	124,7041	-293,7666	-293,75964	-0,68459511
45370	0,37746418	124,9043	-294,54736	-294,51117	-0,68524778
45370	0,3774665	125,10449	-295,32813	-295,31635	-0,68837553
45370	0,37746879	125,30469	-296,10889	-296,07709	-0,68945438
45370	0,37747112	125,50488	-296,88965	-296,84497	-0,69089681
45370	0,37747344	125,70508	-297,67041	-297,65817	-0,69269836
45370	0,37747577	125,90527	-298,45117	-298,45328	-0,69516003
45370	0,37747806	126,10547	-299,23193	-299,19672	-0,69657862
45370	0,37748039	126,30566	-300,0127	-299,99585	-0,69868267
45370	0,37748271	126,50586	-300,79346	-300,77176	-0,70038438
45370	0,37748504	126,70605	-301,57422	-301,56522	-0,70207119
45370	0,37748733	126,90625	-302,35498	-302,3316	-0,70440322
45370	0,37748966	127,10645	-303,13574	-303,1203	-0,7067427
45370	0,37749198	127,30664	-303,9165	-303,87445	-0,70813894
45370	0,37749431	127,50684	-304,69727	-304,64877	-0,70980936
45370	0,3774966	127,70703	-305,47803	-305,43668	-0,71140975
45370	0,37749892	127,90723	-306,25879	-306,21765	-0,71370155
45370	0,37750125	128,10742	-307,03955	-307,00351	-0,71526915
45370	0,37750357	128,30762	-307,82031	-307,78207	-0,71763843
45370	0,37750587	128,50781	-308,60107	-308,59286	-0,71975887
45370	0,37750819	128,70801	-309,38184	-309,34109	-0,72158575
45370	0,37751052	128,9082	-310,1626	-310,17001	-0,72290748
45370	0,37751284	129,1084	-310,94336	-310,90311	-0,72464943
45370	0,37751514	129,30859	-311,72412	-311,74579	-0,72707087
45370	0,37751746	129,50879	-312,50488	-312,46246	-0,72891712
45370	0,37751979	129,70898	-313,28564	-313,31952	-0,73072314
45370	0,37752211	129,90918	-314,06641	-314,01721	-0,73241144
45370	0,37752441	130,10938	-314,84717	-314,87082	-0,73479116
45370	0,37752673	130,30957	-315,62793	-315,52917	-0,73637664
45370	0,37752905	130,50977	-316,40869	-316,45139	-0,73871613
45370	0,37753138	130,70996	-317,18945	-317,08347	-0,74026883
45370	0,37753367	130,91016	-317,97021	-317,98151	-0,74214935
45370	0,377536	131,11035	-318,75098	-318,69891	-0,7438913
45370	0,37753832	131,31055	-319,53174	-319,53067	-0,74646026
45370	0,37754065	131,51074	-320,3125	-320,24786	-0,74820369
45370	0,37754294	131,71094	-321,09326	-321,06793	-0,7503137
45370	0,37754527	131,91113	-321,87402	-321,8945	-0,7523492
45370	0,37754759	132,11133	-322,65479	-322,56537	-0,75401515
45370	0,37754992	132,31152	-323,43555	-323,48099	-0,75594187
45370	0,37755221	132,51172	-324,21631	-324,07056	-0,75777322
45370	0,37755454	132,71191	-324,99707	-325,01126	-0,76010674
45370	0,37755686	132,91211	-325,77783	-325,70468	-0,76215267
45370	0,37755919	133,1123	-326,55859	-326,5481	-0,76383799
45370	0,37756148	133,3125	-327,33936	-327,32742	-0,76642334
45370	0,3775638	133,5127	-328,12012	-328,04306	-0,76772571
45370	0,37756613	133,71289	-328,90088	-328,96509	-0,77001601
45370	0,37756842	133,91309	-329,68164	-329,58179	-0,77144504
45370	0,37757075	134,11328	-330,4624	-330,47513	-0,77417493
45370	0,37757307	134,31348	-331,24316	-331,17682	-0,77597648
45370	0,3775754	134,51367	-332,02393	-331,94244	-0,77793151
45370	0,37757769	134,71387	-332,80469	-332,82892	-0,78030527
45370	0,37758002	134,91406	-333,58545	-333,45041	-0,78176707
45370	0,37758234	135,11426	-334,36621	-334,36783	-0,78441799
45370	0,37758467	135,31445	-335,14697	-335,10858	-0,78646094
45370	0,37758696	135,51465	-335,92773	-335,84869	-0,78795701
45370	0,37758929	135,71484	-336,7085	-336,74597	-0,79050064
45370	0,37759161	135,91504	-337,48926	-337,35538	-0,7916823
45370	0,37759393	136,11523	-338,27002	-338,28339	-0,79432726
45370	0,37759623	136,31543	-339,05078	-339,02905	-0,79648644
45370	0,37759855	136,51563	-339,83154	-339,71823	-0,79823732
45370	0,37760088	136,71582	-340,6123	-340,65836	-0,80083609
45370	0,3776032	136,91602	-341,39307	-341,27914	-0,80311447
45370	0,3776055	137,11621	-342,17383	-342,15692	-0,80539733
45370	0,37760782	137,31641	-342,95459	-342,9339	-0,80795884
45370	0,37761015	137,5166	-343,73535	-343,61407	-0,80934018
45370	0,37761247	137,7168	-344,51611	-344,54193	-0,81178695
45370	0,37761477	137,91699	-345,29688	-345,21967	-0,81355125
45370	0,37761709	138,11719	-346,07764	-345,99405	-0,81599355
45370	0,37761942	138,31738	-346,8584	-346,89981	-0,81780106
45370	0,37762174	138,51758	-347,63916	-347,49664	-0,81960261
45370	0,37762403	138,71777	-348,41992	-348,42535	-0,82254261
45370	0,37762636	138,91797	-349,20068	-349,19504	-0,82456917
45370	0,37762868	139,11816	-349,98145	-349,85519	-0,82662702
45370	0,37763101	139,31836	-350,76221	-350,77832	-0,82903057
45370	0,3776333	139,51855	-351,54297	-351,45554	-0,83082914
45370	0,37763563	139,71875	-352,32373	-352,25589	-0,83321184
45370	0,37763795	139,91895	-353,10449	-353,13776	-0,83585531
45370	0,37764028	140,11914	-353,88525	-353,74216	-0,83698034
45370	0,37764257	140,31934	-354,66602	-354,65405	-0,84003061
45370	0,3776449	140,51953	-355,44678	-355,39532	-0,84235519
45370	0,37764722	140,71973	-356,22754	-356,10754	-0,84496886
45370	0,37764955	140,91992	-357,0083	-357,0058	-0,84720403
45370	0,37765184	141,12012	-357,78906	-357,66461	-0,84930807
45370	0,37765417	141,32031	-358,56982	-358,52155	-0,85110813
45370	0,37765649	141,52051	-359,35059	-359,35397	-0,85432231
45370	0,37765881	141,7207	-360,13135	-359,97693	-0,85616559
45370	0,37766111	141,9209	-360,91211	-360,92361	-0,85865259
45370	0,37766343	142,12109	-361,69287	-361,62173	-0,86101294
45370	0,37766576	142,32129	-362,47363	-362,39328	-0,86300969
45370	0,37766808	142,52148	-363,25439	-363,26556	-0,8660242
45370	0,37767038	142,72168	-364,03516	-363,92026	-0,86747706
45370	0,3776727	142,92188	-364,81592	-364,7858	-0,86989403
45370	0,37767503	143,12207	-365,59668	-365,56845	-0,87258071
45370	0,37767735	143,32227	-366,37744	-366,27399	-0,87509304
45370	0,37767965	143,52246	-367,1582	-367,20386	-0,87761283
45370	0,37768197	143,72266	-367,93896	-367,82431	-0,87973177
45370	0,3776843	143,92285	-368,71973	-368,69156	-0,88277161
45370	0,37768662	144,12305	-369,50049	-369,5246	-0,88514537
45370	0,37768891	144,32324	-370,28125	-370,15591	-0,88706166
45370	0,37769124	144,52344	-371,06201	-371,0976	-0,89091212
45370	0,37769356	144,72363	-371,84277	-371,74533	-0,89256465
45370	0,37769589	144,92383	-372,62354	-372,56119	-0,89549273
45370	0,37769818	145,12402	-373,4043	-373,44363	-0,89761317
45370	0,37770051	145,32422	-374,18506	-374,04797	-0,90002418
45370	0,37770283	145,52441	-374,96582	-375,00998	-0,90329349
45370	0,37770516	145,72461	-375,74658	-375,68109	-0,90542436
45370	0,37770745	145,9248	-376,52734	-376,44742	-0,90831518
45370	0,37770978	146,125	-377,30811	-377,34399	-0,91090649
45370	0,3777121	146,3252	-378,08887	-377,94305	-0,91377795
45370	0,37771443	146,52539	-378,86963	-378,91678	-0,91617852
45370	0,37771672	146,72559	-379,65039	-379,56747	-0,91886669
45370	0,37771904	146,92578	-380,43115	-380,38171	-0,9219721
45370	0,37772137	147,12598	-381,21191	-381,24255	-0,92411488
45370	0,37772369	147,32617	-381,99268	-381,86633	-0,92708319
45370	0,37772599	147,52637	-382,77344	-382,81683	-0,93055367
45370	0,37772831	147,72656	-383,5542	-383,42236	-0,93287826
45370	0,37773064	147,92676	-384,33496	-384,30518	-0,9357661
45370	0,37773296	148,12695	-385,11572	-385,06189	-0,93893409
45370	0,37773526	148,32715	-385,89648	-385,80969	-0,94134957
45370	0,37773758	148,52734	-386,67725	-386,69186	-0,94490796
45370	0,37773991	148,72754	-387,45801	-387,32849	-0,9473905
45370	0,37774223	148,92773	-388,23877	-388,26624	-0,95114559
45370	0,37774453	149,12793	-389,01953	-388,89902	-0,95383078
45370	0,37774685	149,32813	-389,80029	-389,74799	-0,95781982
45370	0,37774917	149,52832	-390,58105	-390,56494	-0,9603098
45370	0,3777515	149,72852	-391,36182	-391,23053	-0,96350312
45370	0,37775379	149,92871	-392,14258	-392,16565	-0,96680969
45370	0,37775612	150,12891	-392,92334	-392,79321	-0,97016692
45370	0,37775844	150,3291	-393,7041	-393,65268	-0,97370148
45370	0,37776077	150,5293	-394,48486	-394,43063	-0,97763687
45370	0,37776306	150,72949	-395,26563	-395,11703	-0,98041892
45370	0,37776539	150,92969	-396,04639	-396,05762	-0,98379552
45370	0,37776771	151,12988	-396,82715	-396,65356	-0,98769665
45370	0,37777004	151,33008	-397,60791	-397,57306	-0,99298209
45370	0,37777233	151,53027	-398,38867	-398,24966	-0,99562407
45370	0,37777466	151,73047	-399,16943	-399,08408	-0,99969953
45370	0,37777698	151,93066	-399,9502	-399,89719	-1,0034397
45370	0,3777793	152,13086	-400,73096	-400,57788	-1,0072708
45370	0,3777816	152,33105	-401,51172	-401,51508	-1,0128305
45370	0,37778392	152,53125	-402,29248	-402,09613	-1,0175302
45370	0,37778625	152,73145	-403,07324	-403,06119	-1,0223939
45370	0,37778857	152,93164	-403,854	-403,68707	-1,0268495
45370	0,37779087	153,13184	-404,63477	-404,59314	-1,0324671
45370	0,37779319	153,33203	-405,41553	-405,26276	-1,0381534
45370	0,37779552	153,53223	-406,19629	-406,03851	-1,0444283
45370	0,37779784	153,73242	-406,97705	-406,79532	-1,0510042
45370	0,37780014	153,93262	-407,75781	-407,51602	-1,0581658
45370	0,37780246	154,13281	-408,53857	-408,32449	-1,0673553
45370	0,37780479	154,33301	-409,31934	-408,99551	-1,0769889
45370	0,37780711	154,5332	-410,1001	-409,7037	-1,0905101
45370	0,37780941	154,7334	-410,88086	-409,98215	-1,1093885
45370	0,37781173	154,93359	0	-368,59647	-1,0782049
45370	0,37781405	155,13379	0	-246,97771	-0,8721292
45370	0,37781638	155,33398	0	-134,6312	-0,65074265
45370	0,37781867	155,53418	0	-50,149109	-0,42775422
45370	0,377821	155,73438	0	-2,6042666	-0,20810664
45370	0,37782332	155,93457	0	0,24989992	0,016580522
45370	0,37782565	156,13477	0	0,26974455	0,2282694
45370	0,37782794	156,33496	0	0,24405494	0,44041574
45370	0,37783027	156,53516	0	0,23676082	0,65284073
45370	0,37783259	156,73535	0	0,24074502	0,88068247
