MTS793|MPT|DEU|1|2|,|.|:|49|1|1|A

Bediener Information			Würfeldruckfestigkeit (150mm)			Zeit:	10,112305	Sec	06.02.2013 13:14:53
Datum	06.02.2013
Prüfer:	Kh
Probebezeichnung	7.2 Thiele 28d v. 09.01.13 Probe 6
Protokoll Seite	-
Breite [mm]:	150
Höhe [mm]:	150
Länge Einfüllseite [mm]:	149
Masse [g]:	7974
Bediener Information Ende

Datenerfassung						Zeit:	156,51758	Sec	06.02.2013 13:17:20
Ch 1 Weg	Ch 1 Kraft
mm	kN
0,86012661	2,2321279
-1,3889843	-1392,5558

Datenerfassung						Zeit:	156,52734	Sec	06.02.2013 13:17:20
Datum	Tageszeit	Laufzeit	Ch 1 Weg	Ch 1 Kraft
Days	Days	Sec	mm	kN
41317	0,24057089	31,363281	-0,003319598	-15,202875
41317	0,24057321	31,563477	-0,0072068265	-18,197645
41317	0,24057552	31,763672	-0,013667709	-20,066645
41317	0,24057785	31,963867	-0,020015661	-22,050056
41317	0,24058016	32,164063	-0,030319193	-24,767363
41317	0,24058248	32,364258	-0,039481521	-27,197386
41317	0,24058479	32,564453	-0,048676543	-29,921505
41317	0,24058712	32,764648	-0,055488106	-32,588768
41317	0,24058942	32,964844	-0,061934132	-34,742062
41317	0,24059175	33,165039	-0,068424731	-37,535564
41317	0,24059406	33,365234	-0,074849956	-39,671703
41317	0,24059638	33,56543	-0,079664409	-41,847717
41317	0,24059869	33,765625	-0,086039111	-44,366158
41317	0,24060102	33,96582	-0,091837257	-46,375923
41317	0,24060333	34,166016	-0,096699268	-48,792881
41317	0,24060565	34,366211	-0,1010085	-51,24403
41317	0,24060796	34,566406	-0,10585268	-52,770145
41317	0,24061029	34,766602	-0,11173107	-55,442158
41317	0,2406126	34,966797	-0,11664657	-57,555969
41317	0,24061492	35,166992	-0,11996914	-59,333523
41317	0,24061723	35,367188	-0,12665589	-61,645409
41317	0,24061956	35,567383	-0,13084328	-64,078331
41317	0,24062186	35,767578	-0,13639179	-66,237129
41317	0,24062419	35,967773	-0,14069806	-68,40049
41317	0,2406265	36,167969	-0,14777115	-70,690002
41317	0,24062882	36,368164	-0,15268666	-72,679337
41317	0,24063113	36,568359	-0,15808657	-75,255646
41317	0,24063346	36,768555	-0,16394415	-77,772186
41317	0,24063577	36,96875	-0,16832769	-80,078468
41317	0,24063809	37,168945	-0,17202769	-82,54187
41317	0,2406404	37,369141	-0,1768273	-84,815239
41317	0,24064273	37,569336	-0,18080962	-87,077774
41317	0,24064504	37,769531	-0,18480384	-89,453056
41317	0,24064736	37,969727	-0,18749042	-91,839157
41317	0,24064967	38,169922	-0,19096158	-94,262566
41317	0,24065199	38,370117	-0,1942485	-96,520828
41317	0,2406543	38,570313	-0,19745219	-98,939957
41317	0,24065663	38,770508	-0,20108978	-101,15511
41317	0,24065894	38,970703	-0,20323548	-103,67285
41317	0,24066126	39,170898	-0,20574673	-105,68853
41317	0,24066357	39,371094	-0,20886424	-107,94286
41317	0,2406659	39,571289	-0,21095051	-110,35231
41317	0,24066821	39,771484	-0,21631178	-112,10965
41317	0,24067053	39,97168	-0,21823756	-114,56831
41317	0,24067284	40,171875	-0,22105491	-116,82048
41317	0,24067517	40,37207	-0,22337596	-118,96529
41317	0,24067748	40,572266	-0,22684713	-121,26143
41317	0,2406798	40,772461	-0,22929893	-123,21197
41317	0,24068211	40,972656	-0,23211926	-125,48987
41317	0,24068443	41,172852	-0,23500793	-127,72616
41317	0,24068674	41,373047	-0,23738247	-129,43536
41317	0,24068907	41,573242	-0,23978969	-131,72545
41317	0,24069138	41,773438	-0,24334407	-133,88329
41317	0,2406937	41,973633	-0,24471709	-135,28697
41317	0,24069601	42,173828	-0,24777813	-137,82889
41317	0,24069834	42,374023	-0,24970093	-140,03352
41317	0,24070065	42,574219	-0,25272334	-142,00586
41317	0,24070297	42,774414	-0,25506818	-144,26036
41317	0,24070528	42,974609	-0,25818866	-146,02811
41317	0,24070761	43,174805	-0,26038489	-148,29538
41317	0,24070992	43,375	-0,26235822	-150,9147
41317	0,24071224	43,575195	-0,26579964	-152,74388
41317	0,24071455	43,775391	-0,26791266	-155,38329
41317	0,24071687	43,975586	-0,27046254	-157,20361
41317	0,24071918	44,175781	-0,27185637	-159,68837
41317	0,24072151	44,375977	-0,27496198	-162,33864
41317	0,24072382	44,576172	-0,27810028	-164,11966
41317	0,24072614	44,776367	-0,2794525	-166,83749
41317	0,24072845	44,976563	-0,28201723	-169,24068
41317	0,24073078	45,176758	-0,28468302	-171,21788
41317	0,24073309	45,376953	-0,28692681	-173,76134
41317	0,24073541	45,577148	-0,28894767	-175,93021
41317	0,24073772	45,777344	-0,29205924	-177,98895
41317	0,24074005	45,977539	-0,29363436	-180,35939
41317	0,24074236	46,177734	-0,29621691	-182,38577
41317	0,24074468	46,37793	-0,29792872	-184,73099
41317	0,24074699	46,578125	-0,30030325	-186,74423
41317	0,24074931	46,77832	-0,30263025	-188,81206
41317	0,24075162	46,978516	-0,30472544	-190,86308
41317	0,24075395	47,178711	-0,30680874	-193,43036
41317	0,24075626	47,378906	-0,30995893	-195,43312
41317	0,24075858	47,579102	-0,3115162	-197,94601
41317	0,24076089	47,779297	-0,31384614	-199,71698
41317	0,24076322	47,979492	-0,31595024	-202,20036
41317	0,24076553	48,179688	-0,31819996	-204,03191
41317	0,24076785	48,379883	-0,32082117	-205,69676
41317	0,24077016	48,580078	-0,32160279	-208,12386
41317	0,24077249	48,780273	-0,32490751	-210,42197
41317	0,2407748	48,980469	-0,32786751	-212,48618
41317	0,24077712	49,180664	-0,32846487	-214,70677
41317	0,24077943	49,380859	-0,33105338	-216,93842
41317	0,24078175	49,581055	-0,33253634	-219,39128
41317	0,24078406	49,78125	-0,33481282	-221,72899
41317	0,24078639	49,981445	-0,33614424	-223,9175
41317	0,2407887	50,181641	-0,33742213	-226,00447
41317	0,24079102	50,381836	-0,34174028	-228,53683
41317	0,24079333	50,582031	-0,34270319	-230,65596
41317	0,24079566	50,782227	-0,34446847	-233,41548
41317	0,24079797	50,982422	-0,34664389	-235,39175
41317	0,24080029	51,182617	-0,34891441	-238,00948
41317	0,2408026	51,382813	-0,35010913	-240,36493
41317	0,24080491	51,583008	-0,35183579	-242,75632
41317	0,24080724	51,783203	-0,35456991	-245,12088
41317	0,24080954	51,983398	-0,35557145	-247,56142
41317	0,24081187	52,183594	-0,35739619	-250,00949
41317	0,24081418	52,383789	-0,36035025	-252,18646
41317	0,2408165	52,583984	-0,36108431	-254,38914
41317	0,24081881	52,78418	-0,3623206	-257,33057
41317	0,24082114	52,984375	-0,36468327	-259,84708
41317	0,24082345	53,18457	-0,36712319	-261,55649
41317	0,24082577	53,384766	-0,36827627	-264,08139
41317	0,24082808	53,584961	-0,37002969	-266,5629
41317	0,24083041	53,785156	-0,37063	-268,73007
41317	0,24083272	53,985352	-0,37320367	-271,00342
41317	0,24083504	54,185547	-0,37529883	-272,82254
41317	0,24083735	54,385742	-0,3769958	-275,23126
41317	0,24083968	54,585938	-0,37844011	-277,73877
41317	0,24084198	54,786133	-0,38062149	-279,53833
41317	0,24084431	54,986328	-0,38182214	-281,66986
41317	0,24084662	55,186523	-0,38303468	-283,8508
41317	0,24084894	55,386719	-0,38594118	-286,02628
41317	0,24085125	55,586914	-0,38673764	-288,26147
41317	0,24085358	55,787109	-0,38902006	-290,62421
41317	0,24085589	55,987305	-0,38937369	-292,4299
41317	0,24085821	56,1875	-0,3917096	-294,78729
41317	0,24086052	56,387695	-0,39275572	-297,27597
41317	0,24086285	56,587891	-0,39499354	-299,45193
41317	0,24086516	56,788086	-0,39604262	-301,80112
41317	0,24086748	56,988281	-0,39801297	-303,90994
41317	0,24086979	57,188477	-0,39949891	-306,4516
41317	0,24087211	57,388672	-0,40100271	-308,60663
41317	0,24087442	57,588867	-0,40141281	-310,91901
41317	0,24087675	57,789063	-0,40321973	-313,23636
41317	0,24087906	57,989258	-0,40578446	-315,41418
41317	0,24088138	58,189453	-0,40656903	-317,68329
41317	0,24088369	58,389648	-0,40837893	-319,90399
41317	0,24088602	58,589844	-0,40901193	-322,54871
41317	0,24088833	58,790039	-0,41103283	-324,5495
41317	0,24089065	58,990234	-0,41237909	-327,02206
41317	0,24089296	59,19043	-0,41353217	-329,67432
41317	0,24089529	59,390625	-0,41483384	-331,63705
41317	0,2408976	59,59082	-0,41689634	-334,34015
41317	0,24089992	59,791016	-0,41797218	-336,47559
41317	0,24090223	59,991211	-0,41991875	-338,66928
41317	0,24090455	60,191406	-0,42197233	-340,93497
41317	0,24090686	60,391602	-0,42279258	-343,32977
41317	0,24090919	60,591797	-0,42404374	-345,35843
41317	0,2409115	60,791992	-0,42658767	-347,53525
41317	0,24091382	60,992188	-0,42649555	-349,58838
41317	0,24091613	61,192383	-0,42813602	-352,12515
41317	0,24091846	61,392578	-0,42958334	-354,38217
41317	0,24092077	61,592773	-0,43155369	-356,11899
41317	0,24092309	61,792969	-0,43335763	-358,65436
41317	0,2409254	61,993164	-0,43351811	-361,09152
41317	0,24092773	62,193359	-0,4361423	-362,93347
41317	0,24093004	62,393555	-0,43813345	-365,32043
41317	0,24093236	62,59375	-0,43918252	-367,20932
41317	0,24093467	62,793945	-0,4398393	-369,14136
41317	0,24093699	62,994141	-0,44172052	-371,26514
41317	0,2409393	63,194336	-0,44244567	-373,55771
41317	0,24094163	63,394531	-0,44350067	-375,41943
41317	0,24094394	63,594727	-0,44517979	-377,65363
41317	0,24094626	63,794922	-0,44670141	-379,63708
41317	0,24094857	63,995117	-0,44804767	-381,57394
41317	0,2409509	64,195313	-0,44964951	-383,96805
41317	0,24095321	64,395508	-0,45036277	-386,07596
41317	0,24095553	64,595703	-0,45226479	-388,25839
41317	0,24095784	64,795898	-0,45378342	-390,38022
41317	0,24096017	64,996094	-0,45504647	-392,57574
41317	0,24096248	65,196289	-0,45663941	-395,14029
41317	0,2409648	65,396484	-0,45765874	-397,23224
41317	0,24096711	65,59668	-0,46006003	-399,14581
41317	0,24096943	65,796875	-0,46061876	-401,80756
41317	0,24097174	65,99707	-0,4612785	-403,83679
41317	0,24097407	66,197266	-0,46253562	-406,21216
41317	0,24097638	66,397461	-0,46385217	-408,9375
41317	0,2409787	66,597656	-0,46552238	-411,1514
41317	0,24098101	66,797852	-0,46670219	-413,22955
41317	0,24098334	66,998047	-0,46746004	-416,01639
41317	0,24098565	67,198242	-0,46858341	-417,93954
41317	0,24098797	67,398438	-0,47010502	-420,25342
41317	0,24099028	67,598633	-0,4714067	-422,52512
41317	0,24099261	67,798828	-0,4728035	-424,67621
41317	0,24099492	67,999023	-0,47433698	-426,96243
41317	0,24099724	68,199219	-0,47469065	-429,1684
41317	0,24099955	68,399414	-0,47668776	-431,15094
41317	0,24100187	68,599609	-0,4783847	-433,28656
41317	0,24100418	68,799805	-0,48009649	-435,48929
41317	0,24100651	69	-0,48054227	-437,49548
41317	0,24100882	69,200195	-0,48256615	-439,66049
41317	0,24101114	69,400391	-0,48396888	-442,35074
41317	0,24101345	69,600586	-0,4839451	-444,29791
41317	0,24101578	69,800781	-0,48519924	-446,24298
41317	0,24101809	70,000977	-0,48739547	-448,67947
41317	0,24102041	70,201172	-0,48962733	-450,65634
41317	0,24102272	70,401367	-0,48896462	-453,00497
41317	0,24102505	70,601563	-0,49067047	-455,03873
41317	0,24102736	70,801758	-0,49297369	-456,81046
41317	0,24102968	71,001953	-0,49349973	-459,17896
41317	0,24103199	71,202148	-0,49523827	-461,49518
41317	0,24103431	71,402344	-0,49664694	-463,5531
41317	0,24103662	71,602539	-0,49678066	-466,25211
41317	0,24103895	71,802734	-0,49934244	-468,19608
41317	0,24104126	72,00293	-0,49956831	-470,52359
41317	0,24104358	72,203125	-0,5009948	-472,77203
41317	0,24104589	72,40332	-0,50236487	-475,07578
41317	0,24104822	72,603516	-0,50412124	-477,47357
41317	0,24105053	72,803711	-0,50507224	-479,92416
41317	0,24105285	73,003906	-0,50570524	-482,05725
41317	0,24105516	73,204102	-0,50767559	-484,43237
41317	0,24105749	73,404297	-0,50886732	-486,91931
41317	0,2410598	73,604492	-0,51032656	-489,22662
41317	0,24106212	73,804688	-0,51142615	-491,46317
41317	0,24106443	74,004883	-0,51327169	-494,22955
41317	0,24106675	74,205078	-0,5137769	-496,55722
41317	0,24106906	74,405273	-0,51486164	-498,901
41317	0,24107139	74,605469	-0,51585722	-501,53348
41317	0,2410737	74,805664	-0,51795536	-503,60663
41317	0,24107602	75,005859	-0,51928675	-506,01993
41317	0,24107833	75,206055	-0,51964045	-508,52591
41317	0,24108066	75,40625	-0,52093917	-510,60449
41317	0,24108297	75,606445	-0,52296895	-513,02075
41317	0,24108529	75,806641	-0,52408934	-515,71417
41317	0,2410876	76,006836	-0,52495712	-517,71362
41317	0,24108993	76,207031	-0,526241	-520,07672
41317	0,24109223	76,407227	-0,52842832	-522,34729
41317	0,24109456	76,607422	-0,52844614	-524,4411
41317	0,24109687	76,807617	-0,53001231	-526,66565
41317	0,24109919	77,007813	-0,53208375	-528,68921
41317	0,2411015	77,208008	-0,5331893	-530,5415
41317	0,24110383	77,408203	-0,53507346	-532,94403
41317	0,24110614	77,608398	-0,53496945	-535,34351
41317	0,24110846	77,808594	-0,53620571	-537,255
41317	0,24111077	78,008789	-0,53717756	-539,27393
41317	0,2411131	78,208984	-0,53865755	-541,75806
41317	0,24111541	78,40918	-0,54014647	-543,74286
41317	0,24111772	78,609375	-0,53992951	-546,25043
41317	0,24112004	78,80957	-0,5420633	-548,23633
41317	0,24112235	79,009766	-0,54324019	-550,80316
41317	0,24112467	79,209961	-0,54346311	-553,27783
41317	0,24112698	79,410156	-0,54517788	-555,55469
41317	0,24112931	79,610352	-0,54672027	-557,8324
41317	0,24113162	79,810547	-0,54842317	-560,35052
41317	0,24113394	80,010742	-0,54818541	-562,37006
41317	0,24113625	80,210938	-0,55064613	-564,79645
41317	0,24113858	80,411133	-0,55137128	-567,37476
41317	0,24114089	80,611328	-0,55182004	-568,86835
41317	0,24114321	80,811523	-0,55275619	-571,42969
41317	0,24114552	81,011719	-0,55467302	-574,09235
41317	0,24114785	81,211914	-0,55608171	-576,12018
41317	0,24115016	81,412109	-0,55645323	-578,68524
41317	0,24115248	81,612305	-0,55817097	-581,12762
41317	0,24115479	81,8125	-0,5598976	-582,99207
41317	0,24115711	82,012695	-0,56145489	-585,4519
41317	0,24115942	82,212891	-0,56091696	-587,61908
41317	0,24116175	82,413086	-0,56320238	-589,96661
41317	0,24116406	82,613281	-0,56423658	-592,10199
41317	0,24116638	82,813477	-0,56420684	-594,33527
41317	0,24116869	83,013672	-0,56687856	-596,47308
41317	0,24117102	83,213867	-0,56726789	-598,74213
41317	0,24117333	83,414063	-0,56840318	-601,03162
41317	0,24117565	83,614258	-0,57036757	-603,41187
41317	0,24117796	83,814453	-0,57165438	-605,58527
41317	0,24118029	84,014648	-0,57254004	-607,47095
41317	0,2411826	84,214844	-0,57358319	-609,66907
41317	0,24118492	84,415039	-0,57510179	-612,07935
41317	0,24118723	84,615234	-0,57664716	-613,97205
41317	0,24118955	84,81543	-0,57580018	-616,06732
41317	0,24119186	85,015625	-0,57954776	-618,44202
41317	0,24119419	85,21582	-0,57913166	-620,117
41317	0,2411965	85,416016	-0,58109015	-622,25378
41317	0,24119882	85,616211	-0,58114958	-624,48718
41317	0,24120113	85,816406	-0,58310509	-626,15582
41317	0,24120346	86,016602	-0,58496547	-628,57648
41317	0,24120577	86,216797	-0,58506948	-630,99719
41317	0,24120809	86,416992	-0,58702797	-632,53369
41317	0,2412104	86,617188	-0,58837426	-634,88684
41317	0,24121273	86,817383	-0,58897454	-637,2287
41317	0,24121504	87,017578	-0,59060019	-639,06372
41317	0,24121736	87,217773	-0,59154522	-641,68878
41317	0,24121967	87,417969	-0,59332836	-643,79803
41317	0,24122199	87,618164	-0,59413373	-645,86823
41317	0,2412243	87,818359	-0,5948351	-648,32391
41317	0,24122663	88,018555	-0,59613681	-650,6665
41317	0,24122894	88,21875	-0,59720373	-652,51752
41317	0,24123126	88,418945	-0,59912652	-655,19202
41317	0,24123357	88,619141	-0,6003896	-657,35999
41317	0,2412359	88,819336	-0,60039848	-659,75732
41317	0,24123821	89,019531	-0,60217571	-662,57947
41317	0,24124053	89,219727	-0,6038875	-664,52295
41317	0,24124284	89,419922	-0,60439271	-666,99945
41317	0,24124517	89,620117	-0,60519212	-669,34784
41317	0,24124748	89,820313	-0,60717738	-671,27179
41317	0,2412498	90,020508	-0,60749239	-673,67853
41317	0,24125211	90,220703	-0,60989368	-676,19775
41317	0,24125443	90,420898	-0,61047322	-677,96881
41317	0,24125674	90,621094	-0,61068422	-680,0849
41317	0,24125907	90,821289	-0,61299336	-682,02972
41317	0,24126138	91,021484	-0,61439908	-684,41693
41317	0,2412637	91,22168	-0,61491024	-686,57629
41317	0,24126601	91,421875	-0,61571264	-689,00159
41317	0,24126834	91,62207	-0,61800694	-691,28748
41317	0,24127065	91,822266	-0,6188004	-693,34998
41317	0,24127297	92,022461	-0,62051815	-695,45831
41317	0,24127528	92,222656	-0,62033391	-697,71918
41317	0,24127761	92,422852	-0,62232804	-699,87793
41317	0,24127991	92,623047	-0,6233058	-701,61761
41317	0,24128224	92,823242	-0,62433708	-704,09271
41317	0,24128455	93,023438	-0,62561792	-706,23358
41317	0,24128687	93,223633	-0,628043	-708,12573
41317	0,24128918	93,423828	-0,62850958	-710,38989
41317	0,24129151	93,624023	-0,62989151	-712,57263
41317	0,24129382	93,824219	-0,63069987	-714,64606
41317	0,24129614	94,024414	-0,63197184	-717,4104
41317	0,24129845	94,224609	-0,6328842	-719,39636
41317	0,24130078	94,424805	-0,63384116	-721,9906
41317	0,24130309	94,625	-0,63531518	-724,33813
41317	0,24130541	94,825195	-0,63646531	-726,51843
41317	0,24130772	95,025391	-0,63683385	-729,05145
41317	0,24131005	95,225586	-0,63921732	-731,39471
41317	0,24131235	95,425781	-0,64053977	-733,36401
41317	0,24131468	95,625977	-0,64137489	-735,69318
41317	0,24131699	95,826172	-0,64257848	-738,04041
41317	0,24131931	96,026367	-0,644005	-740,16437
41317	0,24132162	96,226563	-0,64553255	-742,74542
41317	0,24132395	96,426758	-0,64694715	-744,82288
41317	0,24132626	96,626953	-0,64724433	-747,36316
41317	0,24132858	96,827148	-0,6482994	-749,89612
41317	0,24133089	97,027344	-0,65000224	-752,21997
41317	0,24133322	97,227539	-0,65085816	-754,99652
41317	0,24133553	97,427734	-0,65345562	-756,94257
41317	0,24133785	97,62793	-0,65315247	-759,0636
41317	0,24134016	97,828125	-0,65551811	-761,74609
41317	0,24134248	98,02832	-0,65617788	-763,9519
41317	0,24134479	98,228516	-0,65836811	-766,49982
41317	0,24134712	98,428711	-0,65864748	-768,66809
41317	0,24134943	98,628906	-0,65930426	-771,26239
41317	0,24135175	98,829102	-0,66073376	-773,58862
41317	0,24135406	99,029297	-0,66321528	-775,98682
41317	0,24135639	99,229492	-0,66335791	-777,51398
41317	0,2413587	99,429688	-0,66498059	-780,16052
41317	0,24136102	99,629883	-0,6659494	-782,35791
41317	0,24136333	99,830078	-0,66824073	-784,59833
41317	0,24136566	100,03027	-0,66847551	-786,97632
41317	0,24136797	100,23047	-0,67045182	-788,87354
41317	0,24137029	100,43066	-0,67183971	-791,02228
41317	0,2413726	100,63086	-0,67297792	-793,13971
41317	0,24137492	100,83105	-0,67361093	-795,24304
41317	0,24137723	101,03125	-0,67537922	-797,57312
41317	0,24137956	101,23145	-0,67552781	-799,80615
41317	0,24138187	101,43164	-0,67715049	-802,07068
41317	0,24138419	101,63184	-0,67816091	-804,28912
41317	0,2413865	101,83203	-0,67973006	-805,97034
41317	0,24138883	102,03223	-0,68101096	-808,5968
41317	0,24139114	102,23242	-0,68159044	-810,90302
41317	0,24139346	102,43262	-0,68291593	-812,92126
41317	0,24139577	102,63281	-0,68453854	-815,43457
41317	0,2413981	102,83301	-0,68573028	-817,74554
41317	0,24140041	103,0332	-0,6863544	-820,03125
41317	0,24140273	103,2334	-0,68825048	-822,67151
41317	0,24140504	103,43359	-0,68981963	-824,56366
41317	0,24140736	103,63379	-0,69187021	-826,96466
41317	0,24140967	103,83398	-0,69285983	-829,19305
41317	0,241412	104,03418	-0,6938138	-831,30438
41317	0,24141431	104,23438	-0,69471133	-833,70068
41317	0,24141663	104,43457	-0,69615865	-836,05542
41317	0,24141894	104,63477	-0,69665498	-838,28168
41317	0,24142127	104,83496	-0,69810522	-840,58356
41317	0,24142358	105,03516	-0,69943368	-843,07501
41317	0,2414259	105,23535	-0,70028365	-845,32904
41317	0,24142821	105,43555	-0,70236987	-847,90576
41317	0,24143052	105,63574	-0,7031396	-849,89343
41317	0,24143285	105,83594	-0,70452452	-852,43457
41317	0,24143516	106,03613	-0,7055617	-854,57367
41317	0,24143748	106,23633	-0,70674449	-856,54254
41317	0,24143979	106,43652	-0,7082988	-859,2843
41317	0,24144211	106,63672	-0,70971638	-861,29047
41317	0,24144442	106,83691	-0,71100914	-863,22095
41317	0,24144675	107,03711	-0,71233761	-865,55853
41317	0,24144906	107,2373	-0,71392459	-867,78876
41317	0,24145138	107,4375	-0,71506578	-870,06744
41317	0,24145369	107,6377	-0,71637046	-872,05884
41317	0,24145602	107,83789	-0,71769887	-874,3302
41317	0,24145833	108,03809	-0,71875685	-876,33728
41317	0,24146065	108,23828	-0,71998721	-878,95953
41317	0,24146296	108,43848	-0,72054297	-880,5188
41317	0,24146529	108,63867	-0,72219241	-883,05212
41317	0,2414676	108,83887	-0,72380018	-884,99298
41317	0,24146992	109,03906	-0,72503352	-887,18402
41317	0,24147223	109,23926	-0,72642732	-889,2356
41317	0,24147455	109,43945	-0,72826988	-891,29785
41317	0,24147686	109,63965	-0,72795188	-893,30994
41317	0,24147919	109,83984	-0,73038292	-895,43372
41317	0,2414815	110,04004	-0,73168755	-897,66992
41317	0,24148382	110,24023	-0,7328496	-899,71667
41317	0,24148613	110,44043	-0,73336369	-901,80176
41317	0,24148846	110,64063	-0,73478425	-903,64508
41317	0,24149077	110,84082	-0,73670709	-906,2475
41317	0,24149309	111,04102	-0,73788393	-908,21423
41317	0,2414954	111,24121	-0,73943526	-910,60687
41317	0,24149773	111,44141	-0,74109358	-912,8327
41317	0,24150003	111,6416	-0,74181575	-915,33868
41317	0,24150236	111,8418	-0,74334031	-917,30072
41317	0,24150467	112,04199	-0,74531066	-919,49408
41317	0,24150699	112,24219	-0,74566138	-922,29102
41317	0,2415093	112,44238	-0,74755448	-925,07111
41317	0,24151163	112,64258	-0,74872243	-926,6936
41317	0,24151394	112,84277	-0,75023216	-929,01379
41317	0,24151626	113,04297	-0,75172997	-931,57977
41317	0,24151857	113,24316	-0,75315946	-933,92401
41317	0,2415209	113,44336	-0,75380731	-935,91949
41317	0,24152321	113,64355	-0,75612539	-937,914
41317	0,24152553	113,84375	-0,75647902	-940,43451
41317	0,24152784	114,04395	-0,75812846	-942,83752
41317	0,24153017	114,24414	-0,75874066	-944,55591
41317	0,24153247	114,44434	-0,76099336	-946,47223
41317	0,2415348	114,64453	-0,76162934	-948,98291
41317	0,24153711	114,84473	-0,76380771	-950,94318
41317	0,24153943	115,04492	-0,76482409	-953,56195
41317	0,24154174	115,24512	-0,76656562	-955,23999
41317	0,24154407	115,44531	-0,76814967	-957,95746
41317	0,24154638	115,64551	-0,76894313	-959,67493
41317	0,2415487	115,8457	-0,77030724	-961,91742
41317	0,24155101	116,0459	-0,77167135	-963,7887
41317	0,24155334	116,24609	-0,77324051	-966,27863
41317	0,24155565	116,44629	-0,77429253	-968,04822
41317	0,24155797	116,64648	-0,77572799	-970,60455
41317	0,24156028	116,84668	-0,77752298	-973,00732
41317	0,2415626	117,04688	-0,77955276	-974,8728
41317	0,24156491	117,24707	-0,78020364	-977,39081
41317	0,24156724	117,44727	-0,78248602	-979,76129
41317	0,24156955	117,64746	-0,78332412	-981,84167
41317	0,24157187	117,84766	-0,78474468	-984,24554
41317	0,24157418	118,04785	-0,78580266	-986,46747
41317	0,24157651	118,24805	-0,78842384	-988,89282
41317	0,24157882	118,44824	-0,78942537	-991,23022
41317	0,24158114	118,64844	-0,79077762	-993,54181
41317	0,24158345	118,84863	-0,79191285	-996,01917
41317	0,24158578	119,04883	-0,79347312	-998,77936
41317	0,24158809	119,24902	-0,79490852	-1000,9503
41317	0,24159041	119,44922	-0,79633802	-1003,2219
41317	0,24159272	119,64941	-0,79725927	-1005,6299
41317	0,24159504	119,84961	-0,8008315	-1007,8572
41317	0,24159735	120,0498	-0,80043328	-1010,5715
41317	0,24159968	120,25	-0,80201429	-1012,9992
41317	0,24160199	120,4502	-0,80384499	-1015,2188
41317	0,24160431	120,65039	-0,80460578	-1017,4588
41317	0,24160662	120,85059	-0,80612445	-1020,1904
41317	0,24160895	121,05078	-0,80832362	-1022,0764
41317	0,24161126	121,25098	-0,81030291	-1024,3879
41317	0,24161358	121,45117	-0,81073087	-1026,7455
41317	0,24161589	121,65137	-0,81274581	-1028,8925
41317	0,24161822	121,85156	-0,81476665	-1031,4009
41317	0,24162053	122,05176	-0,81617832	-1033,0363
41317	0,24162285	122,25195	-0,81792873	-1035,3148
41317	0,24162516	122,45215	-0,81832403	-1037,6071
41317	0,24162748	122,65234	-0,82074612	-1039,3048
41317	0,24162979	122,85254	-0,82215774	-1041,7562
41317	0,24163212	123,05273	-0,82206565	-1043,9762
41317	0,24163443	123,25293	-0,82582802	-1046,3141
41317	0,24163675	123,45313	-0,82586074	-1048,1749
41317	0,24163906	123,65332	-0,82775086	-1050,7604
41317	0,24164139	123,85352	-0,82959044	-1053,0071
41317	0,2416437	124,05371	-0,83051473	-1055,5594
41317	0,24164602	124,25391	-0,83169156	-1057,3496
41317	0,24164833	124,4541	-0,83393532	-1059,9689
41317	0,24165066	124,6543	-0,83520436	-1062,6858
41317	0,24165297	124,85449	-0,83563226	-1064,5211
41317	0,24165529	125,05469	-0,83800387	-1067,1342
41317	0,2416576	125,25488	-0,84040809	-1069,2971
41317	0,24165992	125,45508	-0,84246171	-1071,4711
41317	0,24166223	125,65527	-0,84391791	-1074,073
41317	0,24166456	125,85547	-0,84481841	-1076,6139
41317	0,24166687	126,05566	-0,84469652	-1078,3792
41317	0,24166919	126,25586	-0,84847379	-1080,9332
41317	0,2416715	126,45605	-0,84965068	-1083,3027
41317	0,24167383	126,65625	-0,85150814	-1085,5087
41317	0,24167614	126,85645	-0,85236996	-1087,942
41317	0,24167846	127,05664	-0,853526	-1090,0209
41317	0,24168077	127,25684	-0,85597783	-1092,1472
41317	0,2416831	127,45703	-0,85804033	-1094,5381
41317	0,24168541	127,65723	-0,85946685	-1096,1384
41317	0,24168773	127,85742	-0,86132425	-1098,979
41317	0,24169004	128,05762	-0,86218905	-1100,9417
41317	0,24169236	128,25781	-0,86423671	-1103,1613
41317	0,24169467	128,45801	-0,86547303	-1105,3093
41317	0,241697	128,6582	-0,86814773	-1107,4867
41317	0,24169931	128,8584	-0,86866182	-1109,5242
41317	0,24170163	129,05859	-0,8708967	-1111,6621
41317	0,24170394	129,25879	-0,87153566	-1113,4465
41317	0,24170627	129,45898	-0,87345552	-1115,5031
41317	0,24170858	129,65918	-0,87649572	-1117,927
41317	0,2417109	129,85938	-0,87807083	-1119,4974
41317	0,24171321	130,05957	-0,87988371	-1121,9701
41317	0,24171554	130,25977	-0,88054347	-1123,8638
41317	0,24171785	130,45996	-0,88209772	-1125,8936
41317	0,24172017	130,66016	-0,88456142	-1128,2888
41317	0,24172248	130,86035	-0,88677251	-1130,5641
41317	0,2417248	131,06055	-0,88789886	-1132,636
41317	0,24172711	131,26074	-0,88959879	-1135,2943
41317	0,24172944	131,46094	-0,89041311	-1137,2072
41317	0,24173175	131,66113	-0,89442515	-1139,7252
41317	0,24173407	131,86133	-0,89509082	-1142,0392
41317	0,24173638	132,06152	-0,89690071	-1144,3735
41317	0,24173871	132,26172	-0,89917421	-1146,6244
41317	0,24174102	132,46191	-0,90047294	-1148,886
41317	0,24174333	132,66211	-0,90253544	-1150,7026
41317	0,24174565	132,8623	-0,9049902	-1153,6743
41317	0,24174796	133,0625	-0,90613437	-1155,7408
41317	0,24175029	133,2627	-0,90799332	-1157,9796
41317	0,24175259	133,46289	-0,90953422	-1160,0317
41317	0,24175492	133,66309	-0,91160709	-1162,1619
41317	0,24175723	133,86328	-0,91332042	-1164,2328
41317	0,24175955	134,06348	-0,91440219	-1166,9496
41317	0,24176186	134,26367	-0,9170962	-1168,4749
41317	0,24176419	134,46387	-0,91895658	-1170,8384
41317	0,2417665	134,66406	-0,92008442	-1173,4385
41317	0,24176882	134,86426	-0,92380673	-1175,5071
41317	0,24177113	135,06445	-0,92519605	-1177,6573
41317	0,24177346	135,26465	-0,92683059	-1179,6202
41317	0,24177577	135,46484	-0,92883515	-1181,913
41317	0,24177809	135,66504	-0,93181145	-1183,611
41317	0,2417804	135,86523	-0,9328115	-1186,047
41317	0,24178272	136,06543	-0,93487549	-1187,8516
41317	0,24178503	136,26563	-0,93692315	-1190,2552
41317	0,24178736	136,46582	-0,9386186	-1192,4554
41317	0,24178967	136,66602	-0,94108081	-1195,0037
41317	0,24179199	136,86621	-0,94262022	-1197,0271
41317	0,2417943	137,06641	-0,94491005	-1199,3324
41317	0,24179663	137,2666	-0,94710928	-1201,8032
41317	0,24179894	137,4668	-0,9496116	-1203,9678
41317	0,24180126	137,66699	-0,95204705	-1206,2529
41317	0,24180357	137,86719	-0,95349884	-1208,7799
41317	0,2418059	138,06738	-0,95502639	-1210,967
41317	0,24180821	138,26758	-0,95718694	-1213,58
41317	0,24181053	138,46777	-0,95846486	-1215,7001
41317	0,24181284	138,66797	-0,96206081	-1218,3707
41317	0,24181516	138,86816	-0,96404606	-1220,5967
41317	0,24181747	139,06836	-0,96763909	-1223,2958
41317	0,2418198	139,26855	-0,9675588	-1225,2952
41317	0,24182211	139,46875	-0,97090369	-1227,7561
41317	0,24182443	139,66895	-0,97341639	-1230,403
41317	0,24182674	139,86914	-0,9754566	-1232,718
41317	0,24182907	140,06934	-0,97611046	-1235,2068
41317	0,24183138	140,26953	-0,9802562	-1237,4816
41317	0,2418337	140,46973	-0,98195314	-1239,7085
41317	0,24183601	140,66992	-0,98434997	-1242,2157
41317	0,24183834	140,87012	-0,98608261	-1244,3545
41317	0,24184065	141,07031	-0,98971725	-1246,1664
41317	0,24184297	141,27051	-0,9916237	-1248,6129
41317	0,24184528	141,4707	-0,99339938	-1250,8738
41317	0,2418476	141,6709	-0,99661499	-1252,8384
41317	0,24184991	141,87109	-0,99872947	-1255,0996
41317	0,24185224	142,07129	-1,0015973	-1256,8657
41317	0,24185455	142,27148	-1,0038277	-1259,4476
41317	0,24185687	142,47168	-1,0068278	-1261,7838
41317	0,24185918	142,67188	-1,0093926	-1263,5471
41317	0,24186151	142,87207	-1,0116929	-1265,9213
41317	0,24186382	143,07227	-1,0136944	-1268,0979
41317	0,24186614	143,27246	-1,0163022	-1270,9042
41317	0,24186845	143,47266	-1,019387	-1272,8512
41317	0,24187078	143,67285	-1,0217735	-1275,0242
41317	0,24187309	143,87305	-1,0242089	-1277,6096
41317	0,24187541	144,07324	-1,0277069	-1280,082
41317	0,24187772	144,27344	-1,0293919	-1282,0667
41317	0,24188004	144,47363	-1,0325317	-1284,4572
41317	0,24188235	144,67383	-1,0355958	-1286,7161
41317	0,24188468	144,87402	-1,038373	-1288,8945
41317	0,24188699	145,07422	-1,0403329	-1291,075
41317	0,24188931	145,27441	-1,044284	-1293,3936
41317	0,24189162	145,47461	-1,0468354	-1295,8995
41317	0,24189395	145,6748	-1,0493304	-1298,7007
41317	0,24189626	145,875	-1,0539055	-1300,9489
41317	0,24189858	146,0752	-1,0559145	-1302,9641
41317	0,24190089	146,27539	-1,0592015	-1305,7006
41317	0,24190322	146,47559	-1,0621272	-1307,4366
41317	0,24190553	146,67578	-1,0651675	-1309,8232
41317	0,24190785	146,87598	-1,0685718	-1311,6764
41317	0,24191016	147,07617	-1,0721112	-1313,9023
41317	0,24191248	147,27637	-1,074517	-1316,2733
41317	0,24191479	147,47656	-1,0782676	-1318,6531
41317	0,24191712	147,67676	-1,0813895	-1320,2593
41317	0,24191943	147,87695	-1,0860896	-1323,0767
41317	0,24192175	148,07715	-1,0889544	-1325,0094
41317	0,24192406	148,27734	-1,0921537	-1327,1971
41317	0,24192639	148,47754	-1,0958686	-1329,2634
41317	0,2419287	148,67773	-1,0995255	-1331,6223
41317	0,24193102	148,87793	-1,1040382	-1333,3191
41317	0,24193333	149,07813	-1,1079448	-1335,8243
41317	0,24193566	149,27832	-1,1119212	-1337,2253
41317	0,24193797	149,47852	-1,1169437	-1339,5889
41317	0,24194029	149,67871	-1,1191638	-1341,9208
41317	0,2419426	149,87891	-1,1247286	-1343,5978
41317	0,24194492	150,0791	-1,1286961	-1346,0936
41317	0,24194723	150,2793	-1,1317838	-1347,8594
41317	0,24194956	150,47949	-1,1373146	-1350,3295
41317	0,24195187	150,67969	-1,1428481	-1352,2814
41317	0,24195419	150,87988	-1,1468706	-1354,3967
41317	0,2419565	151,08008	-1,1519302	-1356,7336
41317	0,24195883	151,28027	-1,1571964	-1358,7603
41317	0,24196114	151,48047	-1,1624819	-1361,1448
41317	0,24196346	151,68066	-1,1680869	-1363,8866
41317	0,24196577	151,88086	-1,1744661	-1365,4767
41317	0,2419681	152,08105	-1,1798214	-1368,1176
41317	0,2419704	152,28125	-1,1869093	-1370,4088
41317	0,24197273	152,48145	-1,1935768	-1372,6404
41317	0,24197504	152,68164	-1,2016069	-1374,8354
41317	0,24197736	152,88184	-1,2102178	-1377,3824
41317	0,24197967	153,08203	-1,2189151	-1379,3616
41317	0,241982	153,28223	-1,2293717	-1381,985
41317	0,24198431	153,48242	-1,2413647	-1383,6914
41317	0,24198663	153,68262	-1,255343	-1385,6428
41317	0,24198894	153,88281	-1,2728727	-1387,9741
41317	0,24199127	154,08301	-1,2928572	-1389,6487
41317	0,24199358	154,2832	-1,3207914	-1390,4871
41317	0,2419959	154,4834	-1,3701738	-1383,647
41317	0,24199821	154,68359	-1,2880307	-1109,432
41317	0,24200054	154,88379	-1,0656266	-642,88989
41317	0,24200284	155,08398	-0,84003663	-259,83759
41317	0,24200517	155,28418	-0,61104381	-36,638153
41317	0,24200748	155,48438	-0,37683234	0,88880235
41317	0,2420098	155,68457	-0,13495934	1,1521908
41317	0,24201211	155,88477	0,1042865	1,3113358
41317	0,24201444	156,08496	0,34589797	1,5632026
41317	0,24201675	156,28516	0,58717656	1,3470687
41317	0,24201907	156,48535	0,82804209	1,9277335
