MTS793|MPT|DEU|1|2|,|.|:|49|1|1|A

Bediener Information						Zeit:	19,149414	s	03.09.2014 09:13:28
Datum : 	03.09.2014
Prüfer : 	Kh
Probenbezeichnung :  	Werner 7.0 M IV E-Modul 28d v. 06.08.14 Probe 4
Bemerkungen	Kraftgeregelt 3,9 kN/s
Masse :	5392,1
Durchmesser :	98,6
Länge :	300,3
Bediener Information Ende

Datenerfassung						Zeit:	315,56152	s	03.09.2014 09:18:25
Datum	Laufzeit	Ch 1 Kraft Sollwert	Ch 1 Kraft	Ch 1 Weg	1944 B	1281068	2157
d	s	kN	kN	mm	mm	mm	mm
41885	19,658203	-1	-1,0072626	-0,056257844	-0,15665145	-0,0095548686	0,046613906
41885	20,158203	-1	-0,99849516	-0,056928396	-0,1566541	-0,0095067797	0,046587739
41885	20,658203	-1	-1,037348	-0,056523085	-0,15660064	-0,0095544867	0,046593852
41885	21,158203	-1	-1,040915	-0,056114793	-0,15656868	-0,0095193675	0,046672229
41885	21,658203	-1	-1,0109991	-0,056800246	-0,15664986	-0,0095110377	0,046680603
41885	22,158203	-1	-0,97291356	-0,056383014	-0,15658139	-0,0094340993	0,046677612
41885	22,658203	-1	-0,9989273	-0,05594492	-0,15662833	-0,0095138615	0,046680339
41885	23,158203	-1	-1,0345783	-0,056767464	-0,15662299	-0,0095169041	0,046645973
41885	23,658203	-1	-1,0645072	-0,056776404	-0,15665971	-0,0095968638	0,046577193
41885	24,158203	-1	-1,0285192	-0,056856871	-0,15665242	-0,0095210541	0,046581898
41885	24,658203	-1	-0,97807682	-0,056317449	-0,15664548	-0,0095781218	0,046663027
41885	25,158203	-1	-1,0107607	-0,056105852	-0,15666391	-0,0095799202	0,046662204
41885	25,658203	-1	-1,0549631	-0,056672096	-0,1566952	-0,0095904712	0,046583794
41885	26,158203	-1	-1,0172036	-0,056123734	-0,15660655	-0,0095197363	0,046641544
41885	26,658203	-1	-0,95633233	-0,056570768	-0,15663305	-0,0094210925	0,046708457
41885	27,158203	-1	-0,96319056	-0,056162477	-0,15657997	-0,0095608365	0,046695739
41885	27,658203	-1	-1,0533929	-0,056275725	-0,15662679	-0,0095496783	0,046653386
41885	28,158203	-1	-1,0614917	-0,056421757	-0,15669639	-0,0095886076	0,046570603
41885	28,658203	-1	-0,98332202	-0,05684495	-0,15671854	-0,0095234448	0,04661623
41885	29,158203	-1	-0,97495687	-0,057017803	-0,1566381	-0,0095102293	0,046642076
41885	29,658203	-2,7748048	-2,6739314	-0,0092089176	-0,00059168041	-0,00065475953	-0,00051810592
41885	30,158203	-4,7248049	-4,431706	-0,017863512	-0,0011523813	-0,0012281366	-0,0010824241
41885	30,658203	-6,6748047	-6,44977	-0,02694428	-0,0018780529	-0,0018049197	-0,0018381812
41885	31,158203	-8,6248045	-8,4536552	-0,037336349	-0,0025357902	-0,0024653634	-0,0024549179
41885	31,658203	-10,574805	-10,532796	-0,045952201	-0,0032829791	-0,0031975482	-0,0032264311
41885	32,158203	-12,524805	-12,680529	-0,053590536	-0,0040470064	-0,0038997473	-0,003992239
41885	32,658203	-14,474805	-14,758462	-0,060766935	-0,0048151165	-0,0046603107	-0,0047218576
41885	33,158203	-16,424805	-16,6236	-0,067591667	-0,0054468364	-0,0053123576	-0,0054338779
41885	33,658203	-18,374805	-18,517256	-0,07352829	-0,0061401576	-0,0060764574	-0,0061249658
41885	34,158203	-20,324804	-20,453724	-0,079315901	-0,0067673475	-0,0068479679	-0,0068649296
41885	34,658203	-22,274805	-22,455872	-0,085821748	-0,0075342804	-0,0076504494	-0,0074955299
41885	35,158203	-24,224806	-24,396933	-0,091230869	-0,0082016438	-0,0083250124	-0,008243395
41885	35,658203	-26,174805	-26,254181	-0,098094344	-0,0088612139	-0,0090430304	-0,0089308582
41885	36,158203	-28,124805	-28,171787	-0,10312796	-0,0095937848	-0,0098300818	-0,0096363518
41885	36,658203	-30,074806	-30,16766	-0,10816157	-0,01034686	-0,010595535	-0,010344921
41885	37,158203	-32,024807	-32,167629	-0,11432469	-0,010988101	-0,01146632	-0,011040779
41885	37,658203	-33,974804	-34,055767	-0,1196444	-0,011715442	-0,012166274	-0,011779049
41885	38,158203	-35,924805	-35,937801	-0,12544692	-0,012313366	-0,012742911	-0,012453055
41885	38,658203	-37,874805	-37,877728	-0,12977123	-0,013043538	-0,013657333	-0,013210796
41885	39,158203	-39,824806	-39,940418	-0,13485253	-0,013801366	-0,014480959	-0,013906889
41885	39,658203	-41,774807	-41,914345	-0,14019608	-0,01453577	-0,015240143	-0,014705669
41885	40,158203	-43,724804	-43,776405	-0,14538765	-0,015177116	-0,016060425	-0,015442884
41885	40,658203	-45,674805	-45,703762	-0,15061796	-0,0159024	-0,016869055	-0,016126567
41885	41,158203	-47,624805	-47,713745	-0,15555918	-0,01670526	-0,017507849	-0,016899422
41885	41,658203	-49,574806	-49,71051	-0,16052723	-0,017377302	-0,018389445	-0,017717373
41885	42,158203	-51,524807	-51,61396	-0,1652211	-0,018077403	-0,019246817	-0,018455241
41885	42,658203	-53,474808	-53,50515	-0,17041862	-0,01880981	-0,019958222	-0,019092325
41885	43,158203	-55,424805	-55,458916	-0,17518401	-0,019519776	-0,020831006	-0,019867897
41885	43,658203	-57,374805	-57,405743	-0,18026531	-0,020204678	-0,021538438	-0,020558035
41885	44,158203	-59,324806	-59,434265	-0,18510222	-0,020934492	-0,022354931	-0,021345319
41885	44,658203	-61,274807	-61,287888	-0,18986464	-0,021672383	-0,023211535	-0,022105515
41885	45,158203	-63,224808	-63,263702	-0,19474328	-0,022366419	-0,024048585	-0,022873625
41885	45,658203	-65,174805	-65,245033	-0,20024478	-0,023045331	-0,024898322	-0,023673367
41885	46,158203	-67,124809	-67,253036	-0,20471513	-0,023886591	-0,025658598	-0,024436515
41885	46,658203	-69,074806	-69,153343	-0,20879805	-0,024613932	-0,026426271	-0,025178967
41885	47,158203	-71,024803	-71,013535	-0,21399856	-0,02524443	-0,027273009	-0,025887474
41885	47,658203	-72,974808	-72,997131	-0,21880269	-0,025934845	-0,028099347	-0,02655977
41885	48,158203	-74,924805	-75,031624	-0,22419393	-0,026814133	-0,028915871	-0,027411463
41885	48,658203	-76,874809	-77,033318	-0,22798479	-0,027521327	-0,029774487	-0,028165892
41885	49,158203	-78,824806	-78,905792	-0,23358166	-0,028241381	-0,030487759	-0,029014725
41885	49,658203	-80,774803	-80,75985	-0,23746789	-0,028980926	-0,03139152	-0,029699443
41885	50,158203	-82,724808	-82,779518	-0,24286807	-0,029763296	-0,032294862	-0,030505164
41885	50,658203	-84,674805	-84,785698	-0,24698675	-0,030473277	-0,032999501	-0,031223683
41885	51,158203	-86,624809	-86,709076	-0,2517134	-0,031198129	-0,03385178	-0,031985868
41885	51,658203	-88,574806	-88,599007	-0,25624633	-0,031950802	-0,03473388	-0,032761551
41885	52,158203	-90,524803	-90,594933	-0,26168227	-0,03274034	-0,035565753	-0,033567529
41885	52,658203	-92,474808	-92,573341	-0,26552975	-0,033547059	-0,036391061	-0,034296356
41885	53,158203	-94,424805	-94,515549	-0,26949644	-0,034254566	-0,037302084	-0,035078321
41885	53,658203	-96,374809	-96,361526	-0,27480423	-0,034968168	-0,038087856	-0,03585612
41885	54,158203	-98,324806	-98,298637	-0,27902424	-0,03567408	-0,038872719	-0,036608808
41885	54,658203	-100,27481	-100,26878	-0,2836585	-0,036444113	-0,039732184	-0,037374604
41885	55,158203	-102,22481	-102,2632	-0,28798282	-0,037227154	-0,040651854	-0,038158394
41885	55,658203	-104,1748	-104,25926	-0,29231608	-0,038078383	-0,041438077	-0,038985454
41885	56,158203	-106,12481	-106,15928	-0,2971977	-0,038729459	-0,04235743	-0,039817762
41885	56,658203	-108,07481	-108,11353	-0,30139089	-0,03952466	-0,043168847	-0,040527761
41885	57,158203	-110,02481	-110,11464	-0,30538142	-0,040328592	-0,0440153	-0,041383505
41885	57,658203	-111,97481	-112,05592	-0,31068623	-0,041044384	-0,044859566	-0,042121679
41885	58,158203	-113,9248	-113,95936	-0,31469762	-0,041860133	-0,045734897	-0,04288175
41885	58,658203	-115,87481	-115,86456	-0,3190428	-0,04259567	-0,046557639	-0,043690741
41885	59,158203	-117,82481	-117,83928	-0,32312274	-0,043360904	-0,047314595	-0,044412345
41885	59,658203	-119,77481	-119,87099	-0,32825768	-0,04421331	-0,048320487	-0,04527447
41885	60,158203	-121,72481	-121,79813	-0,33249259	-0,045069262	-0,049129754	-0,045994282
41885	60,658203	-123,6748	-123,67821	-0,33676326	-0,045732692	-0,049862143	-0,046792544
41885	61,158203	-125,62481	-125,60981	-0,34107864	-0,04652752	-0,050790172	-0,047610793
41885	61,658203	-127,57481	-127,65083	-0,34480393	-0,047390819	-0,051843159	-0,048487637
41885	62,158203	-129,52481	-129,64368	-0,34948289	-0,048135981	-0,052547123	-0,049285363
41885	62,658203	-131,47481	-131,58011	-0,35381317	-0,049026981	-0,053569306	-0,050149895
41885	63,158203	-132,59248	-132,75111	-0,35776496	-0,049527779	-0,054162577	-0,050683938
41885	63,658203	-130,64249	-130,71657	-0,35390854	-0,048945293	-0,05352921	-0,05015539
41885	64,158203	-128,69247	-128,78799	-0,35090446	-0,048483625	-0,052953258	-0,049578223
41885	64,658203	-126,74248	-126,79803	-0,3474623	-0,047783896	-0,052387416	-0,048986413
41885	65,158203	-124,79248	-124,74478	-0,34451783	-0,047212124	-0,051606953	-0,048358683
41885	65,658203	-122,84248	-122,75588	-0,34055412	-0,046633661	-0,051026601	-0,047820047
41885	66,158203	-120,89248	-120,89249	-0,33724308	-0,04606165	-0,050326083	-0,047332749
41885	66,658203	-118,94248	-118,99421	-0,3336966	-0,045511484	-0,049708854	-0,046711143
41885	67,158203	-116,99248	-116,95177	-0,33020377	-0,044900894	-0,048992362	-0,046070214
41885	67,658203	-115,04248	-114,94888	-0,32689571	-0,044240743	-0,048287529	-0,045410905
41885	68,158203	-113,09248	-113,01841	-0,32208264	-0,043612987	-0,047689203	-0,044833172
41885	68,658203	-111,14248	-111,11048	-0,31883419	-0,042981803	-0,046964213	-0,044251692
41885	69,158203	-109,19248	-109,16666	-0,31509697	-0,042399928	-0,046391826	-0,043603301
41885	69,658203	-107,24248	-107,14075	-0,31152666	-0,0417431	-0,045584265	-0,042936467
41885	70,158203	-105,29248	-105,19924	-0,30821264	-0,041108936	-0,044917796	-0,042303331
41885	70,658203	-103,34248	-103,26105	-0,30333102	-0,040474162	-0,044254202	-0,041681536
41885	71,158203	-101,39248	-101,39152	-0,29965937	-0,039880544	-0,043549981	-0,041118544
41885	71,658203	-99,442482	-99,419914	-0,29675663	-0,039207146	-0,042900499	-0,040481139
41885	72,158203	-97,492477	-97,369324	-0,29217601	-0,038535193	-0,042054925	-0,039793592
41885	72,658203	-95,54248	-95,431084	-0,28889179	-0,037935227	-0,041437238	-0,039156243
41885	73,158203	-93,592476	-93,506683	-0,28468072	-0,037293464	-0,040792916	-0,038502067
41885	73,658203	-91,642479	-91,641075	-0,28048456	-0,036646873	-0,039846871	-0,037900161
41885	74,158203	-89,692482	-89,586113	-0,27597845	-0,036035895	-0,03920145	-0,03720073
41885	74,658203	-87,742477	-87,601982	-0,27287304	-0,035305828	-0,038619988	-0,036509439
41885	75,158203	-85,79248	-85,729553	-0,26871562	-0,034630105	-0,037836801	-0,035912123
41885	75,658203	-83,842476	-83,821899	-0,26473105	-0,034095824	-0,037159238	-0,035332061
41885	76,158203	-81,892479	-81,851326	-0,26103854	-0,033395991	-0,036468867	-0,03464425
41885	76,658203	-79,942482	-79,823776	-0,2574712	-0,032692462	-0,03557355	-0,033947837
41885	77,158203	-77,992477	-77,896103	-0,25261641	-0,03202945	-0,034893733	-0,033331554
41885	77,658203	-76,04248	-76,060616	-0,24829209	-0,031438187	-0,034260046	-0,03265433
41885	78,158203	-74,092476	-74,080009	-0,24443567	-0,030761972	-0,033440456	-0,031912886
41885	78,658203	-72,142479	-72,038017	-0,24006069	-0,030136779	-0,032687601	-0,031227645
41885	79,158203	-70,192482	-70,036087	-0,23584366	-0,02939944	-0,031852886	-0,030520163
41885	79,658203	-68,242477	-68,195816	-0,23196638	-0,028793409	-0,031155841	-0,02988828
41885	80,158203	-66,29248	-66,297722	-0,22651553	-0,028143227	-0,030423557	-0,029264271
41885	80,658203	-64,342476	-64,323242	-0,22209585	-0,027508631	-0,029637061	-0,028555773
41885	81,158203	-62,392479	-62,295959	-0,21813512	-0,026805937	-0,028833823	-0,027846355
41885	81,658203	-60,442478	-60,326488	-0,2132386	-0,02617681	-0,027996579	-0,027083561
41885	82,158203	-58,492477	-58,44495	-0,20913184	-0,025546834	-0,027443053	-0,026473451
41885	82,658203	-56,54248	-56,548595	-0,20484626	-0,024928898	-0,026598422	-0,025671761
41885	83,158203	-54,59248	-54,496861	-0,19908845	-0,024216875	-0,025760977	-0,024960956
41885	83,658203	-52,642479	-52,534481	-0,1950115	-0,023502588	-0,024967836	-0,024173968
41885	84,158203	-50,692478	-50,621906	-0,18953085	-0,022855818	-0,024252528	-0,023465943
41885	84,658203	-48,742477	-48,773346	-0,18413663	-0,022145778	-0,023414118	-0,02285164
41885	85,158203	-46,792477	-46,787987	-0,17973185	-0,021483451	-0,022635059	-0,022115912
41885	85,658203	-44,84248	-44,802822	-0,1742214	-0,020803422	-0,021781342	-0,021341626
41885	86,158203	-42,892479	-42,826355	-0,16976297	-0,020046577	-0,020992655	-0,020569358
41885	86,658203	-40,942478	-40,933819	-0,16438961	-0,019321591	-0,020186165	-0,019798748
41885	87,158203	-38,992477	-39,031586	-0,15984774	-0,018667758	-0,019483257	-0,019132087
41885	87,658203	-37,042477	-37,01218	-0,15485883	-0,017934933	-0,018648641	-0,018317964
41885	88,158203	-35,09248	-34,997952	-0,14834702	-0,017182767	-0,017779635	-0,017556725
41885	88,658203	-33,142479	-33,057411	-0,14406443	-0,01649344	-0,017055145	-0,016745204
41885	89,158203	-31,192478	-31,186045	-0,13793707	-0,015808925	-0,016246723	-0,016025728
41885	89,658203	-29,242477	-29,264454	-0,13274848	-0,015159726	-0,015405708	-0,015334597
41885	90,158203	-27,292479	-27,215714	-0,12675822	-0,014406577	-0,014587254	-0,014536133
41885	90,658203	-25,342478	-25,252012	-0,1218617	-0,013694659	-0,013827635	-0,01372665
41885	91,158203	-23,392477	-23,335648	-0,11591315	-0,012934133	-0,012940199	-0,012929015
41885	91,658203	-21,442478	-21,43284	-0,10996759	-0,012224331	-0,012081081	-0,012204379
41885	92,158203	-19,492477	-19,441725	-0,10225475	-0,011466488	-0,011310361	-0,011333944
41885	92,658203	-17,542479	-17,436308	-0,096622109	-0,010658145	-0,010304242	-0,010489143
41885	93,158203	-15,592478	-15,525953	-0,090500712	-0,0099924505	-0,0096039576	-0,0097695924
41885	93,658203	-13,642478	-13,647686	-0,083339214	-0,0091746747	-0,0088445712	-0,0090086665
41885	94,158203	-11,692477	-11,729363	-0,076892972	-0,0084101111	-0,0079425257	-0,0082205161
41885	94,658203	-9,7424774	-9,7102776	-0,068995357	-0,0076068491	-0,0070027229	-0,0074391942
41885	95,158203	-7,7924776	-7,7710552	-0,060734153	-0,0068190992	-0,0062291478	-0,0066429209
41885	95,658203	-5,8424773	-5,8951063	-0,050863624	-0,0060176551	-0,005465827	-0,0057835244
41885	96,158203	-3,946043	-3,9813201	-0,041800737	-0,0051980913	-0,004653716	-0,0050266832
41885	96,658203	-5,8960433	-5,7177916	-0,047886372	-0,0057271868	-0,0051652067	-0,0055101644
41885	97,158203	-7,8460431	-7,6685038	-0,057125092	-0,0064669549	-0,0058207042	-0,0061603207
41885	97,658203	-9,7960434	-9,6847496	-0,063568354	-0,0070846379	-0,0064861062	-0,0068255942
41885	98,158203	-11,746043	-11,78157	-0,070488453	-0,007908389	-0,0073352056	-0,0076425858
41885	98,658203	-13,696043	-13,781477	-0,077748299	-0,0086519271	-0,0079380479	-0,0083022825
41885	99,158203	-15,646044	-15,686165	-0,083705783	-0,0092876107	-0,0087314332	-0,008935703
41885	99,658203	-17,596043	-17,554701	-0,090003014	-0,0099522173	-0,0094676437	-0,0096465442
41885	100,1582	-19,546043	-19,568758	-0,096005201	-0,010624945	-0,010178102	-0,010348339
41885	100,6582	-21,496044	-21,568459	-0,10157228	-0,011355639	-0,010950066	-0,011098275
41885	101,1582	-23,446043	-23,504759	-0,10740161	-0,012031212	-0,011687575	-0,011825169
41885	101,6582	-25,396044	-25,373398	-0,11297464	-0,012659743	-0,012440095	-0,012417596
41885	102,1582	-27,346045	-27,319889	-0,11822879	-0,013452768	-0,013141561	-0,013054622
41885	102,6582	-29,296043	-29,34379	-0,12358427	-0,014087945	-0,013970244	-0,013846574
41885	103,1582	-31,246044	-31,351793	-0,12822151	-0,014842182	-0,014838895	-0,014637837
41885	103,6582	-33,196045	-33,263779	-0,13322234	-0,015512601	-0,015431416	-0,015354943
41885	104,1582	-35,146046	-35,182152	-0,13955534	-0,016165003	-0,01619586	-0,016073959
41885	104,6582	-37,096043	-37,16436	-0,14407933	-0,016866073	-0,017026031	-0,016794769
41885	105,1582	-39,046043	-39,166328	-0,14925301	-0,017589271	-0,017856732	-0,017503947
41885	105,6582	-40,996044	-41,097504	-0,15373528	-0,01827912	-0,018576546	-0,018169213
41885	106,1582	-42,946045	-42,976017	-0,15988946	-0,018906608	-0,019343754	-0,018872714
41885	106,6582	-44,896046	-44,910831	-0,16369224	-0,019622609	-0,019981027	-0,019574393
41885	107,1582	-46,846043	-46,917152	-0,16842782	-0,020387769	-0,020848375	-0,020287521
41885	107,6582	-48,796043	-48,937847	-0,17355382	-0,021100014	-0,021631792	-0,021057934
41885	108,1582	-50,746044	-50,847748	-0,17822385	-0,021753505	-0,022349333	-0,02175995
41885	108,6582	-52,696045	-52,741631	-0,18328428	-0,02238521	-0,023111492	-0,022493096
41885	109,1582	-54,646046	-54,700626	-0,18838644	-0,023137406	-0,02389274	-0,023188878
41885	109,6582	-56,596043	-56,720779	-0,19319355	-0,023753315	-0,024674736	-0,02391693
41885	110,1582	-58,546043	-58,687271	-0,19746721	-0,024457574	-0,025484903	-0,024647683
41885	110,6582	-60,496044	-60,521137	-0,20329654	-0,025121793	-0,026238391	-0,025298361
41885	111,1582	-62,446045	-62,459877	-0,20732582	-0,025786847	-0,027042881	-0,026016705
41885	111,6582	-64,396042	-64,471992	-0,21147728	-0,026506543	-0,027785335	-0,026770342
41885	112,1582	-66,346046	-66,496811	-0,21588504	-0,027208731	-0,02851896	-0,027461227
41885	112,6582	-68,296043	-68,408363	-0,22052824	-0,027857244	-0,029389186	-0,028231142
41885	113,1582	-70,246048	-70,299408	-0,2248913	-0,028617874	-0,03008022	-0,028929925
41885	113,6582	-72,196045	-72,288399	-0,22927523	-0,029288322	-0,030836463	-0,029710107
41885	114,1582	-74,146042	-74,315598	-0,23362339	-0,029981121	-0,031683136	-0,030434731
41885	114,6582	-76,096046	-76,259781	-0,23857951	-0,030613855	-0,03248246	-0,031114036
41885	115,1582	-78,046043	-78,097313	-0,24305582	-0,031278327	-0,033142038	-0,03172747
41885	115,6582	-79,996048	-80,012527	-0,24841428	-0,031974554	-0,034116585	-0,032436978
41885	116,1582	-81,946045	-82,010742	-0,25212765	-0,032640696	-0,034803033	-0,033130746
41885	116,6582	-83,896042	-84,002022	-0,25589466	-0,033304602	-0,035538357	-0,033866186
41885	117,1582	-85,846046	-85,955406	-0,26073456	-0,034014553	-0,036450893	-0,034585528
41885	117,6582	-87,796043	-87,802025	-0,26457012	-0,034707874	-0,037211105	-0,035254166
41885	118,1582	-89,746048	-89,780151	-0,26853979	-0,035404906	-0,037928287	-0,035995111
41885	118,6582	-91,696045	-91,817017	-0,27257502	-0,036101818	-0,038737275	-0,036783714
41885	119,1582	-93,646042	-93,817665	-0,27712286	-0,036777586	-0,03956433	-0,037455834
41885	119,6582	-95,596046	-95,600021	-0,28104484	-0,037389711	-0,040203184	-0,03809128
41885	120,1582	-97,546043	-97,540985	-0,28500855	-0,038143143	-0,040909823	-0,038783379
41885	120,6582	-99,496048	-99,519768	-0,29011071	-0,038771093	-0,041833088	-0,039460495
41885	121,1582	-101,44604	-101,53422	-0,29397905	-0,039474189	-0,04265897	-0,040172461
41885	121,6582	-103,39604	-103,43534	-0,29782355	-0,040167168	-0,043420799	-0,04088622
41885	122,1582	-105,34605	-105,36256	-0,30314028	-0,040819898	-0,044162765	-0,041565642
41885	122,6582	-107,29604	-107,36047	-0,30755401	-0,041515201	-0,04492493	-0,042307969
41885	123,1582	-109,24605	-109,33085	-0,31051934	-0,042232037	-0,045698889	-0,043024406
41885	123,6582	-111,19604	-111,30941	-0,31539202	-0,042967707	-0,046530899	-0,043746777
41885	124,1582	-113,14605	-113,17937	-0,31907558	-0,043628678	-0,047263853	-0,044395506
41885	124,6582	-115,09605	-115,06104	-0,32331944	-0,044282064	-0,04799993	-0,045045655
41885	125,1582	-117,04604	-117,08864	-0,32781661	-0,045049995	-0,048903767	-0,045780413
41885	125,6582	-118,99605	-119,08296	-0,33124685	-0,045749813	-0,049717236	-0,046559878
41885	126,1582	-120,94604	-120,9897	-0,33496618	-0,046411708	-0,050305184	-0,047216997
41885	126,6582	-122,89605	-122,89378	-0,33938587	-0,04712154	-0,051147263	-0,047928143
41885	127,1582	-124,84605	-124,85297	-0,34400523	-0,047829106	-0,051915646	-0,048594341
41885	127,6582	-126,79604	-126,88955	-0,34726262	-0,048588023	-0,052611031	-0,049335696
41885	128,1582	-128,74605	-128,77054	-0,35200715	-0,04935877	-0,053518411	-0,049997315
41885	128,6582	-130,69604	-130,7468	-0,35572052	-0,05001837	-0,054281767	-0,050787196
41885	129,1582	-131,37158	-131,51553	-0,35813749	-0,050309867	-0,054763202	-0,05112084
41885	129,6582	-129,42159	-129,49229	-0,35365224	-0,049862355	-0,054049455	-0,050562039
41885	130,1582	-127,47158	-127,58768	-0,3502667	-0,049250126	-0,053410307	-0,049959876
41885	130,6582	-125,52158	-125,53656	-0,34785569	-0,048660025	-0,052867241	-0,049340095
41885	131,1582	-123,57158	-123,52079	-0,34489334	-0,047966853	-0,052041605	-0,048756197
41885	131,6582	-121,62158	-121,57204	-0,34119785	-0,047355324	-0,051448818	-0,048214957
41885	132,1582	-119,67159	-119,68771	-0,33728182	-0,046709105	-0,050883375	-0,047639318
41885	132,6582	-117,72158	-117,73609	-0,33352971	-0,046167925	-0,050143171	-0,046981957
41885	133,1582	-115,77158	-115,69901	-0,33023655	-0,045473158	-0,049533408	-0,046314999
41885	133,6582	-113,82158	-113,73109	-0,32625794	-0,04491201	-0,048838995	-0,045726236
41885	134,1582	-111,87158	-111,83322	-0,32195449	-0,044282153	-0,048112534	-0,045168273
41885	134,6582	-109,92159	-109,95631	-0,319314	-0,043647051	-0,047472879	-0,044627227
41885	135,1582	-107,97158	-107,97637	-0,31443238	-0,04309544	-0,046768721	-0,043926395
41885	135,6582	-106,02158	-105,92941	-0,31141937	-0,042444035	-0,046057127	-0,043260362
41885	136,1582	-104,07158	-103,99184	-0,30724406	-0,041651428	-0,045361597	-0,042578511
41885	136,6582	-102,12158	-102,07643	-0,30384362	-0,041147575	-0,044747584	-0,041931704
41885	137,1582	-100,17158	-100,15969	-0,29984415	-0,040520042	-0,04403558	-0,041341167
41885	137,6582	-98,221581	-98,182793	-0,29579699	-0,039832041	-0,043315236	-0,040719822
41885	138,1582	-96,271584	-96,199295	-0,29218197	-0,039199099	-0,042509094	-0,040145528
41885	138,6582	-94,321579	-94,231682	-0,28814375	-0,038556248	-0,041943934	-0,039411649
41885	139,1582	-92,371582	-92,33828	-0,28386712	-0,03794305	-0,041150197	-0,03879375
41885	139,6582	-90,421577	-90,408966	-0,28055906	-0,037324682	-0,040435255	-0,038160905
41885	140,1582	-88,471581	-88,350937	-0,27703643	-0,036552042	-0,039665777	-0,037411518
41885	140,6582	-86,521584	-86,393829	-0,27253926	-0,035960361	-0,038875435	-0,036788892
41885	141,1582	-84,571579	-84,503632	-0,26874542	-0,035333782	-0,03822669	-0,036172297
41885	141,6582	-82,621582	-82,667183	-0,26451945	-0,034682304	-0,037552726	-0,035566859
41885	142,1582	-80,671577	-80,620453	-0,26024282	-0,034004018	-0,036741536	-0,034840543
41885	142,6582	-78,721581	-78,64518	-0,25575459	-0,033347815	-0,036035802	-0,034147039
41885	143,1582	-76,771584	-76,676216	-0,25155842	-0,032703683	-0,03529577	-0,033432867
41885	143,6582	-74,821579	-74,752502	-0,24735332	-0,032040372	-0,034546912	-0,032764871
41885	144,1582	-72,871582	-72,843964	-0,24328828	-0,031446368	-0,033729974	-0,03209674
41885	144,6582	-70,921577	-70,850044	-0,23925602	-0,030669615	-0,033083152	-0,031512808
41885	145,1582	-68,971581	-68,903343	-0,23572445	-0,030020237	-0,032365311	-0,030787384
41885	145,6582	-67,021584	-66,955933	-0,2309233	-0,029371664	-0,031540729	-0,030101916
41885	146,1582	-65,071579	-65,067184	-0,22620857	-0,028682768	-0,0308345	-0,029407205
41885	146,6582	-63,121582	-63,07869	-0,22196174	-0,028063014	-0,030051868	-0,028652649
41885	147,1582	-61,171581	-61,053268	-0,21763742	-0,02736114	-0,029171525	-0,027919095
41885	147,6582	-59,221581	-59,121529	-0,2125591	-0,026747525	-0,028414952	-0,027164362
41885	148,1582	-57,27158	-57,244331	-0,20701289	-0,026047513	-0,027620448	-0,026478976
41885	148,6582	-55,321579	-55,319866	-0,20313859	-0,025302887	-0,026806226	-0,025825113
41885	149,1582	-53,371578	-53,328426	-0,19794703	-0,024719134	-0,025975032	-0,025118031
41885	149,6582	-51,421581	-51,369102	-0,19326508	-0,023998231	-0,025263621	-0,02442969
41885	150,1582	-49,471581	-49,442875	-0,18817782	-0,023317993	-0,024428533	-0,023629924
41885	150,6582	-47,52158	-47,55151	-0,18381178	-0,022651687	-0,023796439	-0,022951007
41885	151,1582	-45,571579	-45,540123	-0,17869771	-0,021936566	-0,022896094	-0,022166114
41885	151,6582	-43,621578	-43,533016	-0,17338395	-0,021158978	-0,022028359	-0,021392204
41885	152,1582	-41,671581	-41,573105	-0,16850233	-0,020505577	-0,021248741	-0,020567253
41885	152,6582	-39,721581	-39,661686	-0,16315877	-0,019846752	-0,020520635	-0,019897919
41885	153,1582	-37,77158	-37,778141	-0,15790761	-0,019152164	-0,019686759	-0,019157719
41885	153,6582	-35,821579	-35,754993	-0,15304089	-0,01851882	-0,01876015	-0,018402459
41885	154,1582	-33,871578	-33,795513	-0,14714897	-0,017654076	-0,018028272	-0,017647777
41885	154,6582	-31,921579	-31,900028	-0,14153123	-0,016919151	-0,017300561	-0,01689011
41885	155,1582	-29,971579	-29,980011	-0,13567209	-0,016267359	-0,016413756	-0,016159814
41885	155,6582	-28,02158	-27,980173	-0,13084114	-0,015557081	-0,015570663	-0,015378008
41885	156,1582	-26,071579	-25,958302	-0,12504756	-0,014740586	-0,014719416	-0,014501033
41885	156,6582	-24,12158	-24,041744	-0,11921227	-0,014040276	-0,013815757	-0,013729829
41885	157,1582	-22,171579	-22,14679	-0,11288822	-0,013323709	-0,013054849	-0,012943448
41885	157,6582	-20,221579	-20,188038	-0,10705888	-0,012554675	-0,012245982	-0,01211985
41885	158,1582	-18,27158	-18,236841	-0,10149777	-0,011822566	-0,011302328	-0,011349482
41885	158,6582	-16,321579	-16,275078	-0,095415115	-0,011065111	-0,010464227	-0,010636088
41885	159,1582	-14,371579	-14,403675	-0,087809563	-0,010297045	-0,0097107897	-0,0098917168
41885	159,6582	-12,421579	-12,493793	-0,081053376	-0,0094584674	-0,0088175423	-0,0091337785
41885	160,1582	-10,471579	-10,478383	-0,074288249	-0,008616969	-0,0080661019	-0,0082486533
41885	160,6582	-8,5215788	-8,4746685	-0,06582737	-0,0078134835	-0,0072573628	-0,0074743442
41885	161,1582	-6,571579	-6,5312347	-0,056901574	-0,0069826096	-0,006273705	-0,0066386014
41885	161,6582	-4,6215787	-4,70048	-0,047576427	-0,0061760843	-0,0055438303	-0,0059119556
41885	162,1582	-3,927	-3,8272982	-0,040483475	-0,0057139248	-0,0051310388	-0,0054429267
41885	162,6582	-3,927	-3,851289	-0,041928887	-0,0056175739	-0,0050615538	-0,0053596459
41885	163,1582	-3,927	-3,9025638	-0,041168928	-0,0056801885	-0,0049559809	-0,0053591505
41885	163,6582	-3,927	-3,9882996	-0,041651726	-0,0056566298	-0,0050374023	-0,0054202843
41885	164,1582	-3,927	-4,0241385	-0,040704012	-0,00564152	-0,0050748931	-0,0054220781
41885	164,6582	-3,927	-4,0067492	-0,041279197	-0,00566414	-0,0049689836	-0,0053985026
41885	165,1582	-3,927	-3,7799869	-0,040218234	-0,0055836141	-0,0049107629	-0,0053146631
41885	165,6582	-3,927	-3,8086753	-0,04042685	-0,0055038184	-0,0049943705	-0,0052764975
41885	166,1582	-3,927	-3,8590691	-0,040233135	-0,0055389106	-0,0048641502	-0,0052426662
41885	166,6582	-3,927	-3,8831997	-0,040012598	-0,0055586696	-0,0048872861	-0,0052815005
41885	167,1582	-3,927	-3,8334522	-0,040057302	-0,0054945052	-0,0049141976	-0,0052341595
41885	167,6582	-3,927	-3,8354006	-0,039958954	-0,0055128634	-0,0048273718	-0,0051765107
41885	168,1582	-3,927	-3,884675	-0,040403008	-0,0054995716	-0,0048447959	-0,0052013472
41885	168,6582	-3,927	-3,941834	-0,04016757	-0,0055164546	-0,0048485608	-0,0051561408
41885	169,1582	-3,927	-3,9333775	-0,040376186	-0,0054290742	-0,0047584646	-0,0051901881
41885	169,6582	-3,927	-3,9014556	-0,040370226	-0,0054863542	-0,004837526	-0,0051950384
41885	170,1582	-3,927	-3,8875601	-0,040102005	-0,0054659545	-0,0048261741	-0,0051392708
41885	170,6582	-3,927	-3,9243996	-0,04003346	-0,0054597259	-0,004710461	-0,0051168501
41885	171,1582	-3,927	-3,9250777	-0,04042387	-0,0054103881	-0,0046949056	-0,0050950237
41885	171,6582	-3,927	-3,888443	-0,040251017	-0,0054370165	-0,0047294917	-0,005110709
41885	172,1582	-3,927	-3,9027388	-0,040188432	-0,0054377019	-0,0047603776	-0,0051841978
41885	172,6582	-3,927	-3,9510708	-0,039559603	-0,0054366887	-0,0046769809	-0,0051658154
41885	173,1582	-3,927	-3,945183	-0,039535761	-0,0054150373	-0,0047563734	-0,0051372629
41885	173,6582	-3,927	-3,9187801	-0,040256977	-0,0053814054	-0,0047945445	-0,0050917119
41885	174,1582	-3,927	-3,8645995	-0,039389729	-0,0053575337	-0,0047136354	-0,005045237
41885	174,6582	-3,927	-3,8928931	-0,03952682	-0,0053867549	-0,0046618646	-0,0050698556
41885	175,1582	-3,927	-3,9681475	-0,039920211	-0,0054502189	-0,0047459207	-0,0051326696
41885	175,6582	-3,927	-3,9745457	-0,040230155	-0,0054135323	-0,0046564089	-0,0051518101
41885	176,1582	-3,927	-3,9190519	-0,038644671	-0,0053949803	-0,0047204201	-0,0051334463
41885	176,6582	-3,927	-3,8775353	-0,039389729	-0,0053730756	-0,004741678	-0,0050629079
41885	177,1582	-3,927	-3,9136298	-0,039410591	-0,0053630471	-0,0047094384	-0,0050838776
41885	177,6582	-3,927	-3,9591546	-0,040277839	-0,0053895861	-0,0046569332	-0,0050494336
41885	178,1582	-3,927	-3,9025955	-0,039431453	-0,0054327399	-0,0046956902	-0,0050487686
41885	178,6582	-3,927	-3,8499684	-0,039204955	-0,0053447187	-0,004596727	-0,0049872622
41885	179,1582	-3,927	-3,8847029	-0,039771199	-0,005363211	-0,0045590303	-0,0050659776
41885	179,6582	-3,927	-3,9612	-0,039827824	-0,0054345727	-0,0046075294	-0,0051592402
41885	180,1582	-3,927	-3,9879699	-0,038912892	-0,0053770393	-0,004785988	-0,0051119979
41885	180,6582	-3,927	-3,8969069	-0,039619207	-0,0053949058	-0,0046343715	-0,0050719865
41885	181,1582	-3,927	-3,8662217	-0,03926456	-0,0054109544	-0,0045792144	-0,0050267447
41885	181,6582	-3,927	-3,9131773	-0,039339066	-0,0053610057	-0,0047244015	-0,0050870497
41885	182,1582	-3,927	-3,9566643	-0,038722157	-0,0053328276	-0,0046007084	-0,0050385296
41885	182,6582	-3,927	-3,9148424	-0,040113926	-0,0054408908	-0,0046663135	-0,0050485823
41885	183,1582	-3,927	-3,8755107	-0,039467216	-0,0053825527	-0,0045965821	-0,0050184093
41885	183,6582	-3,927	-3,8895216	-0,038695335	-0,0053486973	-0,0045544836	-0,0050227586
41885	184,1582	-3,927	-3,9687605	-0,039124489	-0,0054155141	-0,004639192	-0,0051232874
41885	184,6582	-3,927	-3,983114	-0,038719177	-0,0053803474	-0,0046459776	-0,0050806105
41885	185,1582	-3,927	-3,9057415	-0,039610267	-0,0053610653	-0,0045207436	-0,0050438605
41885	185,6582	-3,927	-3,8929973	-0,039634109	-0,0053486675	-0,0045705712	-0,0050264448
41885	186,1582	-3,927	-3,8890595	-0,038921833	-0,005290404	-0,0045838919	-0,0050281081
41885	186,6582	-3,927	-3,9389617	-0,039964914	-0,0053420067	-0,0045373398	-0,0049930811
41885	187,1582	-3,927	-3,9432068	-0,038859248	-0,0053467005	-0,0044997982	-0,0049846712
41885	187,6582	-3,927	-3,8682575	-0,038933754	-0,0053333044	-0,0045596855	-0,0049946215
41885	188,1582	-3,927	-3,9101615	-0,038310885	-0,0053313226	-0,0045321039	-0,0050362162
41885	188,6582	-3,927	-3,9796791	-0,038963556	-0,0053849518	-0,0045399475	-0,0050667524
41885	189,1582	-3,927	-3,9659925	-0,038218498	-0,0053030103	-0,004550138	-0,0050268546
41885	189,6582	-3,927	-3,9032586	-0,039958954	-0,0053919256	-0,0046142456	-0,0049876161
41885	190,1582	-3,927	-3,8783383	-0,0387609	-0,0053555369	-0,0045357822	-0,0049561244
41885	190,6582	-3,927	-3,8976762	-0,039756298	-0,0053307414	-0,0045853811	-0,0049730167
41885	191,1582	-3,927	-3,94818	-0,039723516	-0,0053176731	-0,0046027899	-0,0050028246
41885	191,6582	-3,927	-3,9312131	-0,038844347	-0,0053260475	-0,0045808447	-0,0049696453
41885	192,1582	-5,153367	-4,9898977	-0,043034554	-0,0057333559	-0,004887762	-0,005347373
41885	192,6582	-7,1033673	-6,0983377	-0,04850328	-0,0060791224	-0,0053627309	-0,0057008155
41885	193,1582	-9,0533676	-9,1301308	-0,06069541	-0,0072290897	-0,0063734041	-0,0067663752
41885	193,6582	-11,003367	-11,171506	-0,067803264	-0,0079956651	-0,0071115913	-0,0074747149
41885	194,1582	-12,953367	-13,067257	-0,074207783	-0,0087027699	-0,0079064639	-0,0081377998
41885	194,6582	-14,903367	-14,959432	-0,080782175	-0,0094373077	-0,0085178874	-0,0087493807
41885	195,1582	-16,853367	-16,90291	-0,087362528	-0,01012817	-0,0092598023	-0,0094630979
41885	195,6582	-18,803368	-18,875219	-0,09341836	-0,010862172	-0,010030932	-0,010176478
41885	196,1582	-20,753368	-20,841345	-0,099262595	-0,011549458	-0,010735663	-0,01090082
41885	196,6582	-22,703367	-22,734137	-0,10450184	-0,01226005	-0,011550424	-0,011627274
41885	197,1582	-24,653368	-24,65774	-0,11065304	-0,012946263	-0,012357715	-0,01230338
41885	197,6582	-26,603367	-26,691376	-0,11613965	-0,013654307	-0,013047576	-0,013062373
41885	198,1582	-28,553368	-28,686531	-0,12104809	-0,014410511	-0,013864732	-0,013848418
41885	198,6582	-30,503368	-30,555178	-0,12604892	-0,015077606	-0,014609334	-0,014501667
41885	199,1582	-32,453369	-32,449413	-0,13149679	-0,015755668	-0,015347924	-0,015175296
41885	199,6582	-34,403366	-34,429169	-0,13772845	-0,016489446	-0,016083993	-0,01594431
41885	200,1582	-36,353367	-36,433559	-0,14211833	-0,017210782	-0,016961824	-0,016687583
41885	200,6582	-38,303368	-38,402142	-0,1478523	-0,017848983	-0,017841252	-0,017398752
41885	201,1582	-40,253368	-40,313942	-0,15266836	-0,018578708	-0,018481245	-0,01812581
41885	201,6582	-42,203369	-42,198734	-0,15743375	-0,019196421	-0,019273315	-0,018826276
41885	202,1582	-44,15337	-44,183632	-0,16216636	-0,019965261	-0,020111719	-0,019543329
41885	202,6582	-46,103367	-46,154194	-0,1668185	-0,02065073	-0,020851117	-0,020251952
41885	203,1582	-48,053368	-48,140278	-0,17210245	-0,021356225	-0,021719141	-0,021004947
41885	203,6582	-50,003368	-50,00909	-0,1768738	-0,022027031	-0,02244192	-0,021741595
41885	204,1582	-51,953369	-51,977768	-0,18175542	-0,022731155	-0,02309666	-0,022525374
41885	204,6582	-53,90337	-53,995338	-0,18659234	-0,02350767	-0,024047984	-0,02326246
41885	205,1582	-55,853367	-55,988297	-0,19033551	-0,024174824	-0,024871705	-0,024013363
41885	205,6582	-57,803368	-57,845139	-0,19640625	-0,024869174	-0,025569342	-0,024638662
41885	206,1582	-59,753368	-59,74189	-0,20100772	-0,025570348	-0,026293639	-0,025375098
41885	206,6582	-61,703369	-61,73642	-0,20475388	-0,026277825	-0,02717389	-0,026100256
41885	207,1582	-63,65337	-63,752064	-0,21006167	-0,026952952	-0,028009662	-0,026754493
41885	207,6582	-65,603371	-65,688652	-0,21364093	-0,027682394	-0,028673558	-0,02752131
41885	208,1582	-67,553368	-67,585793	-0,21835566	-0,028355882	-0,029470129	-0,028213639
41885	208,6582	-69,503372	-69,504745	-0,22367835	-0,029050529	-0,030280406	-0,028963827
41885	209,1582	-71,453369	-71,532204	-0,22849441	-0,02976577	-0,031100744	-0,029727874
41885	209,6582	-73,403366	-73,553062	-0,23304224	-0,030502096	-0,031894993	-0,030486364
41885	210,1582	-75,353371	-75,399109	-0,2377063	-0,031155154	-0,032695599	-0,031153776
41885	210,6582	-77,303368	-77,289268	-0,24143457	-0,031759858	-0,033310499	-0,031896416
41885	211,1582	-79,253372	-79,276207	-0,24670959	-0,032461628	-0,034186386	-0,032568894
41885	211,6582	-81,203369	-81,288452	-0,2510488	-0,03318353	-0,035012446	-0,033343449
41885	212,1582	-83,153366	-83,256401	-0,25543571	-0,033853829	-0,035748985	-0,03402226
41885	212,6582	-85,103371	-85,120872	-0,25961101	-0,034602731	-0,036498014	-0,034729231
41885	213,1582	-87,053368	-87,069908	-0,26383102	-0,03524068	-0,037321385	-0,035395537
41885	213,6582	-89,003372	-89,076736	-0,26798546	-0,035963163	-0,038193602	-0,036169816
41885	214,1582	-90,953369	-91,121887	-0,27193725	-0,036604688	-0,038929105	-0,036924582
41885	214,6582	-92,903366	-92,979172	-0,27680099	-0,03728953	-0,039639052	-0,037585638
41885	215,1582	-94,853371	-94,866524	-0,28071702	-0,038041338	-0,040499862	-0,038254119
41885	215,6582	-96,803368	-96,832901	-0,28570592	-0,038758382	-0,041324697	-0,038985807
41885	216,1582	-98,753372	-98,828407	-0,28858781	-0,03942883	-0,042121448	-0,039670721
41885	216,6582	-100,70337	-100,81657	-0,29302537	-0,040159926	-0,042834595	-0,040418498
41885	217,1582	-102,65337	-102,71286	-0,29738247	-0,040701047	-0,043521535	-0,041102882
41885	217,6582	-104,60337	-104,62772	-0,30246973	-0,041475534	-0,044427212	-0,041744109
41885	218,1582	-106,55337	-106,63377	-0,3064692	-0,04218708	-0,045237459	-0,042481426
41885	218,6582	-108,50337	-108,61028	-0,31096041	-0,042878851	-0,04601302	-0,043186136
41885	219,1582	-110,45337	-110,53405	-0,31507015	-0,04353565	-0,046752922	-0,043905493
41885	219,6582	-112,40337	-112,35836	-0,31771064	-0,044170499	-0,047492947	-0,04451729
41885	220,1582	-114,35337	-114,33326	-0,32201409	-0,044877395	-0,048364241	-0,045244638
41885	220,6582	-116,30337	-116,38344	-0,32655299	-0,045665786	-0,049095333	-0,045950603
41885	221,1582	-118,25337	-118,38794	-0,33097565	-0,046337634	-0,04984561	-0,046740863
41885	221,6582	-120,20337	-120,26605	-0,33528507	-0,046990424	-0,050662495	-0,047411326
41885	222,1582	-122,15337	-122,16257	-0,33886433	-0,047735006	-0,051356446	-0,048104048
41885	222,6582	-124,10337	-124,1722	-0,34385026	-0,048426807	-0,052193858	-0,048834603
41885	223,1582	-126,05337	-126,19475	-0,34615397	-0,049105108	-0,053007826	-0,049565591
41885	223,6582	-128,00337	-128,09233	-0,35159588	-0,049827427	-0,053749461	-0,050234728
41885	224,1582	-129,95337	-129,99193	-0,35528243	-0,050519854	-0,05451541	-0,05091656
41885	224,6582	-131,90337	-131,93204	-0,35923421	-0,051313579	-0,055412468	-0,05159042
41885	225,1582	-132	-132,13339	-0,35934448	-0,051405281	-0,055409957	-0,051729601
41885	225,6582	-132	-132,15625	-0,36002398	-0,051552802	-0,055477068	-0,051871814
41885	226,1582	-132	-132,05099	-0,36036968	-0,051537782	-0,055573117	-0,051856533
41885	226,6582	-132	-131,99507	-0,36067069	-0,051559687	-0,055617481	-0,051887468
41885	227,1582	-132	-132,05545	-0,36049485	-0,051600575	-0,055639926	-0,051966898
41885	227,6582	-132	-132,09239	-0,36068559	-0,05162397	-0,055795867	-0,052049976
41885	228,1582	-132	-132,07027	-0,36117435	-0,051704437	-0,055869762	-0,052048467
41885	228,6582	-132	-131,99359	-0,36135018	-0,051730722	-0,055776052	-0,052105177
41885	229,1582	-132	-131,97069	-0,36171079	-0,051787347	-0,055845559	-0,052105643
41885	229,6582	-132	-132,04752	-0,36141872	-0,051851779	-0,055858228	-0,05217988
41885	230,1582	-132	-132,08295	-0,36169291	-0,051785797	-0,05593992	-0,052195165
41885	230,6582	-132	-131,99643	-0,36150217	-0,051885277	-0,055943657	-0,052238695
41885	231,1582	-132	-131,96503	-0,36206841	-0,051867932	-0,055954039	-0,052208051
41885	231,6582	-132	-131,99181	-0,36174357	-0,051940233	-0,056016322	-0,052273318
41885	232,1582	-132	-132,08339	-0,36158264	-0,051948279	-0,056125581	-0,052339159
41885	232,6582	-132	-132,04608	-0,36216378	-0,051968485	-0,056196958	-0,052318193
41885	233,1582	-132	-131,97266	-0,36239624	-0,051916867	-0,05601611	-0,052319687
41885	233,6582	-132	-131,96707	-0,36205947	-0,052008122	-0,056134533	-0,052386314
41885	234,1582	-132	-132,03342	-0,36274791	-0,052027017	-0,056130633	-0,052363813
41885	234,6582	-132	-132,08536	-0,36218762	-0,052070677	-0,056082688	-0,052424036
41885	235,1582	-132	-132,01237	-0,36273897	-0,051985383	-0,056174163	-0,052440047
41885	235,6582	-132	-131,93895	-0,36343932	-0,052068084	-0,056204103	-0,052418966
41885	236,1582	-132	-131,99739	-0,36269426	-0,052053809	-0,056209017	-0,052469209
41885	236,6582	-132	-132,0493	-0,36281049	-0,052152544	-0,056237634	-0,052513726
41885	237,1582	-132	-132,05367	-0,36318004	-0,052169591	-0,056222983	-0,052524082
41885	237,6582	-132	-131,99205	-0,36273301	-0,052161187	-0,056217253	-0,052559398
41885	238,1582	-132	-131,95914	-0,3623873	-0,052207947	-0,056262512	-0,052570425
41885	238,6582	-132	-132,00929	-0,36321878	-0,052211136	-0,056349114	-0,052628085
41885	239,1582	-132	-132,07033	-0,36313534	-0,052264661	-0,056482743	-0,052673761
41885	239,6582	-132	-132,00839	-0,36305189	-0,052256525	-0,056346443	-0,052620448
41885	240,1582	-132	-131,93462	-0,36363602	-0,052257687	-0,056359466	-0,052648112
41885	240,6582	-132	-131,96468	-0,36323369	-0,052220821	-0,056333736	-0,052635252
41885	241,1582	-132	-132,02687	-0,36356151	-0,052326053	-0,056499403	-0,052679263
41885	241,6582	-132	-132,06046	-0,36382675	-0,052339464	-0,056435294	-0,05275622
41885	242,1582	-132	-131,99144	-0,36405921	-0,052375466	-0,056556378	-0,052681744
41885	242,6582	-132	-131,94525	-0,36380887	-0,052360952	-0,056324407	-0,05275682
41885	243,1582	-132	-132,00986	-0,36401451	-0,052397728	-0,05642337	-0,052755907
41885	243,6582	-132	-132,0755	-0,36451221	-0,052428186	-0,056541122	-0,052840903
41885	244,1582	-132	-132,01462	-0,36374032	-0,052418113	-0,056501441	-0,052822012
41885	244,6582	-132	-131,92851	-0,36406219	-0,052424192	-0,056489829	-0,052752748
41885	245,1582	-132	-131,96796	-0,36379695	-0,052484155	-0,056564637	-0,052862167
41885	245,6582	-132	-132,05168	-0,36355555	-0,052530557	-0,056601394	-0,052882925
41885	246,1582	-132	-132,0675	-0,36363602	-0,052531987	-0,056606594	-0,052850612
41885	246,6582	-132	-131,97273	-0,36373138	-0,052533746	-0,056609157	-0,052884839
41885	247,1582	-132	-131,95569	-0,36396086	-0,052495003	-0,056569029	-0,052885041
41885	247,6582	-132	-131,98862	-0,36409199	-0,052637607	-0,056648571	-0,052940592
41885	248,1582	-132	-132,06335	-0,36495924	-0,05265516	-0,056686167	-0,052955069
41885	248,6582	-132	-132,00943	-0,36442876	-0,05259046	-0,056584951	-0,05298131
41885	249,1582	-132	-131,92387	-0,36462247	-0,052509129	-0,056602094	-0,052920967
41885	249,6582	-132	-131,96721	-0,36416352	-0,052597553	-0,056579843	-0,052973773
41885	250,1582	-132	-132,05328	-0,36487877	-0,052637696	-0,056788228	-0,053040497
41885	250,6582	-132	-132,08952	-0,36444068	-0,052611858	-0,056811854	-0,053034231
41885	251,1582	-132	-131,99846	-0,36397874	-0,05270496	-0,056724243	-0,053054728
41885	251,6582	-132	-131,94162	-0,36415756	-0,052623421	-0,056680232	-0,05305662
41885	252,1582	-132	-132,00966	-0,36454499	-0,05266732	-0,056867909	-0,053055905
41885	252,6582	-132	-132,073	-0,36430061	-0,052741885	-0,056721088	-0,053159051
41885	253,1582	-132	-132,01419	-0,3644377	-0,052653074	-0,056772862	-0,05310268
41885	253,6582	-132	-131,96269	-0,36399066	-0,05278492	-0,056886207	-0,053086601
41885	254,1582	-132	-131,98367	-0,36492944	-0,052688718	-0,05684381	-0,053099237
41885	254,6582	-132	-132,05003	-0,36490858	-0,052779406	-0,056893699	-0,053181402
41885	255,1582	-129,66113	-129,76935	-0,36143959	-0,052089185	-0,05611534	-0,052492615
41885	255,6582	-127,16113	-127,13602	-0,35645068	-0,051259905	-0,055207826	-0,051677279
41885	256,1582	-124,66113	-124,60296	-0,35153627	-0,050450206	-0,054361783	-0,050854281
41885	256,6582	-122,16113	-122,15481	-0,34772456	-0,049661756	-0,053526565	-0,050144993
41885	257,1582	-119,66113	-119,66773	-0,3421396	-0,048840165	-0,052498214	-0,049363278
41885	257,6582	-117,16113	-117,1646	-0,3380239	-0,048032999	-0,051686406	-0,048588235
41885	258,1582	-114,66113	-114,5915	-0,33332407	-0,047211766	-0,05074241	-0,047775958
41885	258,6582	-112,16113	-112,10448	-0,32840073	-0,046419188	-0,049957689	-0,04691365
41885	259,1582	-109,66113	-109,58836	-0,32336116	-0,045573503	-0,049084689	-0,0460831
41885	259,6582	-107,16113	-107,14893	-0,31821132	-0,044751406	-0,048176192	-0,045367174
41885	260,1582	-104,66113	-104,59951	-0,31365454	-0,044000179	-0,04735139	-0,044513613
41885	260,6582	-102,16113	-102,06339	-0,30925274	-0,043111771	-0,04627379	-0,043708552
41885	261,1582	-99,661133	-99,602623	-0,30346513	-0,042365938	-0,045440927	-0,042839795
41885	261,6582	-97,161133	-97,126259	-0,29905736	-0,04152748	-0,044444729	-0,041937441
41885	262,1582	-94,661133	-94,607033	-0,29357374	-0,040685013	-0,043582078	-0,041112419
41885	262,6582	-92,161133	-92,058624	-0,28937161	-0,039841995	-0,042692218	-0,040301546
41885	263,1582	-89,661133	-89,522194	-0,28334856	-0,038942337	-0,041803222	-0,039424434
41885	263,6582	-87,161133	-87,102776	-0,27844906	-0,038116619	-0,040800668	-0,038598314
41885	264,1582	-84,661133	-84,644569	-0,27332008	-0,037344545	-0,03987259	-0,037775714
41885	264,6582	-82,161133	-82,076996	-0,26815534	-0,036428571	-0,038932249	-0,036884643
41885	265,1582	-79,661133	-79,525589	-0,26271045	-0,035592094	-0,037855286	-0,035936389
41885	265,6582	-77,161133	-77,069221	-0,25773644	-0,034784034	-0,036976643	-0,035100702
41885	266,1582	-74,661133	-74,620087	-0,252226	-0,033905163	-0,035972964	-0,034243036
41885	266,6582	-72,161133	-72,117958	-0,24653375	-0,032977685	-0,034968	-0,033408374
41885	267,1582	-69,661133	-69,569923	-0,2409786	-0,032176241	-0,034004796	-0,032451171
41885	267,6582	-67,161133	-67,090111	-0,23564696	-0,03140673	-0,033002492	-0,031601641
41885	268,1582	-64,661133	-64,629959	-0,23036301	-0,030497178	-0,031953167	-0,030704668
41885	268,6582	-62,161133	-62,213211	-0,22373199	-0,029708073	-0,030986428	-0,02990327
41885	269,1582	-59,661133	-59,605209	-0,21816492	-0,028754473	-0,0299554	-0,028902587
41885	269,6582	-57,161133	-57,100105	-0,2122581	-0,027871266	-0,028994845	-0,027978428
41885	270,1582	-54,661133	-54,638218	-0,20587444	-0,027022034	-0,027946731	-0,027031675
41885	270,6582	-52,161133	-52,191021	-0,1998812	-0,026147842	-0,026990628	-0,026129082
41885	271,1582	-49,661133	-49,707722	-0,19354224	-0,025302231	-0,025905445	-0,025150832
41885	271,6582	-47,161133	-47,087349	-0,1871258	-0,024347514	-0,024801683	-0,024178721
41885	272,1582	-44,661133	-44,589825	-0,1802057	-0,023435727	-0,023816345	-0,023215143
41885	272,6582	-42,161133	-42,120731	-0,17411411	-0,022507936	-0,022762468	-0,022234542
41885	273,1582	-39,661133	-39,686775	-0,16721189	-0,021622851	-0,021726754	-0,021267606
41885	273,6582	-37,161133	-37,147297	-0,15981495	-0,020652026	-0,020615691	-0,020281985
41885	274,1582	-34,661133	-34,574833	-0,15327334	-0,019744098	-0,019663079	-0,019308697
41885	274,6582	-32,161133	-32,096714	-0,14671683	-0,018772289	-0,01852623	-0,018292913
41885	275,1582	-29,661133	-29,628714	-0,13871193	-0,017833218	-0,017426932	-0,017335054
41885	275,6582	-27,161133	-27,16679	-0,13172925	-0,01690346	-0,016408645	-0,016257551
41885	276,1582	-24,661133	-24,559946	-0,12488961	-0,015917689	-0,015264738	-0,015225666
41885	276,6582	-22,161133	-22,072035	-0,11718273	-0,014960796	-0,014205009	-0,014184237
41885	277,1582	-19,661133	-19,639034	-0,10947287	-0,014019325	-0,013149787	-0,013219424
41885	277,6582	-17,161133	-17,191391	-0,10150373	-0,013042971	-0,012194655	-0,012215473
41885	278,1582	-14,661133	-14,662713	-0,091794133	-0,011958241	-0,010961342	-0,011164075
41885	278,6582	-12,161133	-12,106092	-0,082477927	-0,010931194	-0,0098704481	-0,010137407
41885	279,1582	-9,6611328	-9,6045399	-0,073421001	-0,0098298788	-0,0088114003	-0,0090853311
41885	279,6582	-7,1611328	-7,1705432	-0,062897801	-0,0088569522	-0,0077146944	-0,0080708414
41885	280,1582	-4,6611328	-4,6762133	-0,04940927	-0,0077075064	-0,0066555478	-0,0070336144
41885	280,6582	-2,1611328	-2,269635	-0,0346452	-0,006465286	-0,0056065116	-0,0061106123
41885	281,1582	-1	-1,2285653	-0,025033951	-0,0059968382	-0,0049468293	-0,0056628585
41885	281,6582	-1	-0,82130915	-0,021702051	-0,0057894886	-0,0047424384	-0,005443424
41885	282,1582	-1	-0,79651546	-0,020295382	-0,0056962371	-0,0047265384	-0,005433524
41885	282,6582	-1	-0,82713926	-0,021257997	-0,0056072325	-0,0047475938	-0,0053514782
41885	283,1582	-1	-0,84524786	-0,021293759	-0,0055729896	-0,0045870263	-0,0053502619
41885	283,6582	-1	-0,90222245	-0,020718575	-0,0055773109	-0,0045812586	-0,0054095518
41885	284,1582	-1	-0,96453542	-0,021371245	-0,0055656284	-0,0046887537	-0,0053423624
41885	284,6582	-1	-0,96630305	-0,021547079	-0,005550161	-0,0045857537	-0,0052875839
41885	285,1582	-1	-0,92042422	-0,020429492	-0,005505383	-0,0045732162	-0,0053017046
41885	285,6582	-1	-0,94359744	-0,020632148	-0,0055206269	-0,0045723049	-0,0053120535
41885	286,1582	-1	-0,97812343	-0,021895766	-0,005474925	-0,0044460911	-0,0052577518
41885	286,6582	-1	-1,0185912	-0,020539761	-0,0054448545	-0,0044586402	-0,0052331164
41885	287,1582	-1	-0,99834055	-0,020623207	-0,0054524541	-0,0044126236	-0,0051792841
41885	287,6582	-1	-0,95719099	-0,021505356	-0,0054459125	-0,004485982	-0,0051679127
41885	288,1582	-1	-0,97555852	-0,021252036	-0,0054179579	-0,0044327569	-0,0051552132
41885	288,6582	-1	-1,0060146	-0,02079308	-0,0054687411	-0,0044060703	-0,005156219
41885	289,1582	-1	-1,0261499	-0,020617247	-0,0054771453	-0,0044307024	-0,0051746685
41885	289,6582	-1	-0,9688679	-0,020629168	-0,0054207444	-0,0043266225	-0,005131878
41885	290,1582	-1	-0,97728521	-0,020441413	-0,0054839402	-0,0043437956	-0,005089825
41885	290,6582	-1	-1,0081642	-0,02001524	-0,0054943264	-0,0043588015	-0,0051067043
41885	291,1582	-1	-1,061555	-0,020796061	-0,0054192245	-0,0043171975	-0,0051297229
41885	291,6582	-1	-1,0312554	-0,020158291	-0,0053591877	-0,0043318314	-0,0051373206
41885	292,1582	-1	-0,99533796	-0,020933151	-0,0053896457	-0,0043481407	-0,0051417872
41885	292,6582	-1	-1,0047071	-0,020590425	-0,0053569227	-0,0042661484	-0,0051094722
41885	293,1582	-1	-1,059752	-0,020992756	-0,005378291	-0,0042646648	-0,0051158704
41885	293,6582	-1	-1,0672417	-0,020560622	-0,0053992122	-0,004246362	-0,00510538
41885	294,1582	-1	-1,0127462	-0,019788742	-0,0054003149	-0,0042547113	-0,0050752256
41885	294,6582	-1	-0,99495983	-0,020480156	-0,0053970218	-0,0042291549	-0,0050897822
41885	295,1582	-1	-1,0199752	-0,020566583	-0,0053736567	-0,0042735874	-0,0050564352
41885	295,6582	-1	-1,043532	-0,020110607	-0,005343318	-0,0042873812	-0,0050240867
41885	296,1582	-1	-1,015896	-0,020170212	-0,0053388178	-0,0042404258	-0,0049986411
41885	296,6582	-1	-0,97481161	-0,019800663	-0,0053029805	-0,0042366353	-0,0049652867
41885	297,1582	-1	-0,98150039	-0,019693375	-0,0052787215	-0,0042756475	-0,0049585644
41885	297,6582	-1	-1,0032002	-0,020456314	-0,005322963	-0,004141436	-0,0050037168
41885	298,1582	-1	-1,0400527	-0,019782782	-0,0053966641	-0,0042758966	-0,0049662199
41885	298,6582	-1	-1,0040962	-0,01976192	-0,0053339452	-0,0042123683	-0,0049254429
41885	299,1582	-1	-0,98370016	-0,020134449	-0,0052611232	-0,0041534938	-0,0049872603
41885	299,6582	-1	-1,0068752	-0,019583106	-0,0053259581	-0,004211565	-0,0049602371
41885	300,1582	-1	-1,0312442	-0,019061565	-0,0053430349	-0,0042544473	-0,0049575232
41885	300,6582	-1	-1,0383092	-0,019609928	-0,0053314269	-0,0041882703	-0,0049824435
41885	301,1582	-1	-1,002524	-0,019955635	-0,0053161532	-0,0042374055	-0,0049802214
41885	301,6582	-1	-0,99317729	-0,020214915	-0,0052937567	-0,0042188563	-0,0049724299
41885	302,1582	-1	-1,0149982	-0,019866228	-0,0053017735	-0,0041576093	-0,004969731
41885	302,6582	-1	-1,0596458	-0,019872189	-0,0053073615	-0,0041521415	-0,0049528815
41885	303,1582	-1	-1,0238849	-0,019481778	-0,0052467138	-0,0041595744	-0,0049557835
41885	303,6582	-1	-1,012275	-0,019049644	-0,0052603334	-0,0041364916	-0,0049976688
41885	304,1582	-1	-1,0351185	-0,019958615	-0,0052733719	-0,0040942063	-0,0049984343
41885	304,6582	-1	-1,0707769	-0,019571185	-0,0052822083	-0,004220115	-0,0049748383
41885	305,1582	-1	-1,0702219	-0,019919872	-0,0052039623	-0,0041485005	-0,0049582217
41885	305,6582	-1	-1,0047294	-0,019326806	-0,0052551925	-0,0040488318	-0,0049204025
41885	306,1582	-1	-1,0071285	-0,019392371	-0,0052276403	-0,0041233883	-0,0049435012
41885	306,6582	-1	-1,0434911	-0,019496679	-0,0052813441	-0,0041293739	-0,0048940163
41885	307,1582	-1	-1,0548458	-0,020509958	-0,0052479804	-0,0041241227	-0,0049626194
41885	307,6582	-1	-1,0206978	-0,018855929	-0,0052027851	-0,0041426499	-0,0049324036
41885	308,1582	-1	-1,0021497	-0,018677115	-0,0052231997	-0,0041356753	-0,0048582833
41885	308,6582	-1	-0,99438059	-0,019529462	-0,0052000433	-0,0040224055	-0,0048346352
41885	309,1582	-1	-1,0406487	-0,019422174	-0,0052476525	-0,0040341606	-0,004899364
41885	309,6582	-1	-1,0319278	-0,018441677	-0,0052430928	-0,004096149	-0,004840035
41885	310,1582	-1	-0,98335928	-0,019738078	-0,0052145422	-0,0041236309	-0,0048815347
41885	310,6582	-1	-0,96978617	-0,019097328	-0,0051769912	-0,0040917858	-0,0048927926
41885	311,1582	-1	-1,0119061	-0,019741058	-0,005175069	-0,0041112336	-0,0048540235
41885	311,6582	-1	-1,022514	-0,018787384	-0,0052389205	-0,0040417877	-0,004870452
41885	312,1582	-1	-1,0247436	-0,019589067	-0,005193308	-0,0039757048	-0,0048624314
41885	312,6582	-1	-0,97561812	-0,018757582	-0,0051372349	-0,0040905233	-0,0048313607
41885	313,1582	-1	-0,99621528	-0,018969178	-0,0051625073	-0,004067631	-0,0048771221
41885	313,6582	-1	-1,0402985	-0,019341707	-0,0052171946	-0,0040375749	-0,0048511755
41885	314,1582	-1	-1,0317471	-0,019407272	-0,0051805973	-0,0040248791	-0,0049090218
41885	314,6582	-1	-0,99680758	-0,019142032	-0,005148083	-0,0040854989	-0,0048687253
41885	315,1582	0	0,6301887	0,82169473	-0,0045474172	-0,0034267658	-0,0042071063

Datenerfassung						Zeit:	315,57129	s	03.09.2014 09:18:25
Ch 1 Kraft	Ch 1 W2TK Mittel	1944 A	1944 B	1281068
kN	mm	mm	mm	mm
0,72591007	0,00024984128	0,00056823506	8,3327293e-05	0,00010870286
-133,15067	9,8339144e-05	-0,00063666166	-0,15675342	-0,056998007
