MTS793|MPT|DEU|1|2|,|.|:|49|1|1|A

Bediener Information						Zeit:	80,255859	s	08.04.2014 09:59:15
Datum : 	8.4.2014
Prüfer : 	Machura, Be
Probenbezeichnung :  	SL51 28d 11.03.14 Probe3
Bemerkungen	Kraftgeregelt 3,9 kN/s
Masse :	3906
Durchmesser :	98,6
Länge :	298,2
Bediener Information Ende

Datenerfassung						Zeit:	273,5293	s	08.04.2014 10:02:28
Datum	Laufzeit	Ch 1 Kraft Sollwert	Ch 1 Kraft	Ch 1 Weg	1944 A	1944 B	1281068
d	s	kN	kN	mm	mm	mm	mm
41737	80,764648	-0,12432792	-0,041782856	4,9974108	-0,014676526	-0,24161839	0,0068993606
41737	81,264648	-0,22109979	-0,038227066	4,9838443	-0,014601236	-0,24159388	0,0069171186
41737	81,764648	-0,31787166	-0,021873042	4,9567909	-0,014609013	-0,24155395	0,0068780384
41737	82,264648	-0,41464356	-0,0072531402	4,9152193	-0,01457499	-0,24159709	0,0069866106
41737	82,764648	-0,51141542	0,0016074628	4,8568783	-0,014561584	-0,24154606	0,0068932385
41737	83,264648	-0,60818732	-0,0069383532	4,7771788	-0,014562437	-0,24151142	0,0068576448
41737	83,764648	-0,70495915	-0,014482066	4,6747355	-0,014554089	-0,24151759	0,0069018407
41737	84,264648	-0,80173105	-0,023405999	4,5461559	-0,014641879	-0,24156453	0,0068871034
41737	84,764648	-0,89850295	-0,038303435	4,3884482	-0,014557894	-0,24163702	0,0069221645
41737	85,264648	-0,99527478	-0,037133694	4,2059865	-0,014612379	-0,24149787	0,0069233351
41737	85,764648	-1	-0,042261556	4,000741	-0,014659211	-0,24153516	0,0068521579
41737	86,264648	-1	-0,024300069	3,7707098	-0,014570398	-0,24147789	0,006840365
41737	86,764648	-1	-0,01526624	3,5204833	-0,014588656	-0,24154447	0,006904305
41737	87,264648	-1	-0,0026617199	3,2561886	-0,014561148	-0,24152629	0,0068812226
41737	87,764648	-1	-0,0038575381	2,9695156	-0,014550937	-0,24153656	0,0069489726
41737	88,264648	-1	-0,016961247	2,6585498	-0,014574835	-0,24151501	0,0069507211
41737	88,764648	-1	-0,0076629221	2,3240881	-0,01461325	-0,24143276	0,0068507856
41737	89,264648	-1	-0,025736168	1,964467	-0,014602603	-0,24152108	0,0067697214
41737	89,764648	-1	-0,015951693	1,5823746	-0,014634797	-0,24150349	0,006925826
41737	90,264648	-1	-0,026160851	1,1797212	-0,014580298	-0,24153204	0,0068104556
41737	90,764648	-2,7824218	-0,032577664	-0,45194533	2,3877248e-05	-1,8328428e-05	-1,9442125e-05
41737	91,264648	-4,7324219	-0,054903328	-1,0738382	6,0660765e-05	1,8581748e-05	2,8801156e-05
41737	91,764648	-6,6824222	-11,039357	-1,3021889	-0,0060249604	-0,010549009	-0,0038137261
41737	92,264648	-8,6324224	-12,38567	-1,3110938	-0,0070760362	-0,011545464	-0,0045679701
41737	92,764648	-10,582422	-13,692365	-1,3180366	-0,007851731	-0,012700766	-0,0055143363
41737	93,264648	-12,532422	-14,966609	-1,3248252	-0,0087169893	-0,013607383	-0,0065068328
41737	93,764648	-14,482422	-16,414412	-1,3323026	-0,0096745864	-0,01474756	-0,0074733193
41737	94,264648	-16,432423	-17,975044	-1,3391035	-0,010738257	-0,016045749	-0,0085529918
41737	94,764648	-18,382421	-19,578579	-1,3470528	-0,011729745	-0,017289758	-0,0096760783
41737	95,264648	-20,332422	-21,214903	-1,3544658	-0,012831606	-0,018520847	-0,010823939
41737	95,764648	-22,282423	-23,027296	-1,3625602	-0,014044215	-0,019905567	-0,012065661
41737	96,264648	-24,232422	-24,800442	-1,3702793	-0,015246357	-0,021331608	-0,013411598
41737	96,764648	-26,182423	-26,633463	-1,3783005	-0,016417522	-0,022671536	-0,014809406
41737	97,264648	-28,132423	-28,511011	-1,3866378	-0,017792644	-0,024013713	-0,016155809
41737	97,764648	-30,082422	-30,405487	-1,394554	-0,019079426	-0,025487274	-0,017543012
41737	98,264648	-32,032421	-32,320541	-1,4024159	-0,020455217	-0,026939929	-0,019106667
41737	98,764648	-33,982422	-34,222343	-1,4103091	-0,021749167	-0,028347611	-0,020413676
41737	99,264648	-35,932423	-36,129925	-1,4180934	-0,023108654	-0,029773906	-0,021852996
41737	99,764648	-37,882423	-38,037815	-1,4260596	-0,024392452	-0,031220436	-0,023521191
41737	100,26465	-39,832424	-39,931156	-1,43381	-0,025653467	-0,032543793	-0,025014672
41737	100,76465	-41,782421	-41,873199	-1,4413433	-0,026984369	-0,034009159	-0,026475687
41737	101,26465	-43,732422	-43,812733	-1,4491943	-0,028361263	-0,035409659	-0,028025562
41737	101,76465	-45,682423	-45,805901	-1,4573852	-0,029823823	-0,036882296	-0,029646771
41737	102,26465	-47,632423	-47,708996	-1,4648749	-0,031244934	-0,038297623	-0,031110248
41737	102,76465	-49,582424	-49,63118	-1,472296	-0,03261954	-0,039627329	-0,032719616
41737	103,26465	-51,532425	-51,610981	-1,4804548	-0,034102432	-0,041095704	-0,034347475
41737	103,76465	-53,482422	-53,589195	-1,4880034	-0,035521872	-0,042571247	-0,035843067
41737	104,26465	-55,432423	-55,499073	-1,4953593	-0,036912031	-0,043914303	-0,037506398
41737	104,76465	-57,382423	-57,496716	-1,5031638	-0,038447402	-0,045415834	-0,039002117
41737	105,26465	-59,332424	-59,444546	-1,510488	-0,039804004	-0,046807557	-0,040649541
41737	105,76465	-61,282425	-61,392719	-1,5173717	-0,0412746	-0,048243403	-0,042271879
41737	106,26465	-63,232422	-63,269531	-1,5251955	-0,042671315	-0,049590886	-0,043695062
41737	106,76465	-65,182426	-65,180305	-1,5322192	-0,043988518	-0,051053494	-0,045320716
41737	107,26465	-67,132423	-67,196907	-1,5397811	-0,045548573	-0,052486792	-0,046987183
41737	107,76465	-69,08242	-69,141266	-1,5471352	-0,047076669	-0,054013759	-0,04862133
41737	108,26465	-71,032425	-71,138786	-1,5549345	-0,048509799	-0,055449635	-0,050138105
41737	108,76465	-72,982422	-73,047447	-1,5620229	-0,050044321	-0,056883872	-0,051840883
41737	109,26465	-74,932426	-75,035858	-1,5694486	-0,051524892	-0,058382303	-0,053407509
41737	109,76465	-76,882423	-76,95285	-1,5760323	-0,052997306	-0,059774294	-0,054959722
41737	110,26465	-77,984863	-78,290703	-1,5815156	-0,054049231	-0,060812414	-0,056146096
41737	110,76465	-76,034866	-76,177979	-1,5757965	-0,052876011	-0,059657618	-0,054823395
41737	111,26465	-74,084862	-74,216423	-1,5705651	-0,051583774	-0,058421418	-0,053571474
41737	111,76465	-72,134865	-72,249352	-1,5647368	-0,05035558	-0,057256803	-0,052343298
41737	112,26465	-70,184868	-70,259453	-1,5584754	-0,049075194	-0,055998474	-0,05096852
41737	112,76465	-68,234863	-68,185249	-1,5518548	-0,047653481	-0,054624006	-0,049470223
41737	113,26465	-66,284866	-66,224937	-1,5461417	-0,046354279	-0,053441942	-0,048131529
41737	113,76465	-64,334862	-64,276909	-1,5399194	-0,044940419	-0,052203521	-0,046794735
41737	114,26465	-62,384865	-62,304672	-1,5336285	-0,043731213	-0,050986499	-0,04542999
41737	114,76465	-60,434864	-60,422981	-1,5279355	-0,042513445	-0,049763739	-0,043997549
41737	115,26465	-58,484863	-58,47065	-1,5211644	-0,041162252	-0,048536524	-0,042668588
41737	115,76465	-56,534863	-56,500969	-1,5147613	-0,039856695	-0,04720436	-0,041209403
41737	116,26465	-54,584866	-54,540325	-1,5080961	-0,038531005	-0,04594712	-0,039815746
41737	116,76465	-52,634865	-52,611759	-1,5015239	-0,037225842	-0,044746876	-0,038330421
41737	117,26465	-50,684864	-50,636139	-1,4945974	-0,03588881	-0,043447986	-0,036885727
41737	117,76465	-48,734863	-48,671513	-1,4877239	-0,034566663	-0,042109519	-0,035433646
41737	118,26465	-46,784863	-46,756565	-1,4807267	-0,03323938	-0,040885866	-0,03410745
41737	118,76465	-44,834866	-44,819035	-1,4739996	-0,031915423	-0,039516628	-0,032693628
41737	119,26465	-42,884865	-42,879742	-1,4665964	-0,030574458	-0,038319767	-0,031054746
41737	119,76465	-40,934864	-40,903961	-1,4595495	-0,02918027	-0,037042931	-0,029544067
41737	120,26465	-38,984863	-38,92979	-1,4519429	-0,027762013	-0,0356078	-0,028123448
41737	120,76465	-37,034863	-36,988926	-1,4446226	-0,026433855	-0,034343824	-0,026489807
41737	121,26465	-35,084866	-35,057522	-1,4371341	-0,025058925	-0,032998651	-0,024998017
41737	121,76465	-33,134865	-33,099831	-1,4292719	-0,023758736	-0,031636864	-0,023485688
41737	122,26465	-31,184864	-31,168741	-1,4215714	-0,022326447	-0,030222654	-0,021920875
41737	122,76465	-29,234863	-29,217901	-1,4134417	-0,020901825	-0,028896958	-0,020512391
41737	123,26465	-27,284864	-27,250736	-1,4050874	-0,019528408	-0,02741237	-0,018882234
41737	123,76465	-25,334864	-25,304989	-1,3968623	-0,018154494	-0,025993809	-0,017324727
41737	124,26465	-23,384863	-23,338709	-1,3887969	-0,01671165	-0,024497405	-0,015937269
41737	124,76465	-21,434864	-21,388405	-1,3800392	-0,015270316	-0,023111925	-0,014305746
41737	125,26465	-19,484863	-19,460358	-1,371243	-0,013929348	-0,021634147	-0,012837285
41737	125,76465	-17,534863	-17,516102	-1,3621622	-0,012472739	-0,020056859	-0,011304244
41737	126,26465	-15,584864	-15,549334	-1,3524095	-0,011023471	-0,018480107	-0,0098364549
41737	126,76465	-13,634863	-13,598969	-1,3436949	-0,0097529013	-0,016912073	-0,0082260203
41737	127,26465	-11,684863	-11,608282	-1,3328401	-0,0083429627	-0,015164122	-0,006674564
41737	127,76465	-9,7348633	-9,6501656	-1,322526	-0,0069721565	-0,013524771	-0,0052459417
41737	128,26465	-7,784863	-7,6989589	-1,3112174	-0,0057131425	-0,011701733	-0,0036833135
41737	128,76465	-5,8348632	-5,7862177	-1,2993658	-0,0044795927	-0,0099181682	-0,002304574
41737	129,26465	-3,8848629	-4,276257	-1,2885118	-0,0034845732	-0,0083862096	-0,0014361439
41737	129,76465	-1,934863	-2,148278	-1,2694391	-0,0021873489	-0,0058751851	-0,00060536829
41737	130,26465	-1,9978516	-1,3114586	-1,2577312	-0,0017534439	-0,0044455677	-0,00071877998
41737	130,76465	-3,9478517	-3,4844074	-1,2779268	-0,0028977916	-0,006757319	-0,0010876931
41737	131,26465	-5,8978515	-5,0061793	-1,2885256	-0,0037156828	-0,0081034005	-0,0019112892
41737	131,76465	-7,8478518	-7,7224679	-1,30489	-0,0054083224	-0,010480374	-0,0036285922
41737	132,26465	-9,7978516	-9,810235	-1,3158923	-0,0066536535	-0,012111858	-0,0051196301
41737	132,76465	-11,747851	-11,802327	-1,3258742	-0,0079683233	-0,013634562	-0,0065559195
41737	133,26465	-13,697852	-13,783077	-1,3360733	-0,0092777442	-0,015223622	-0,007985834
41737	133,76465	-15,647852	-15,718557	-1,3446862	-0,010516064	-0,016792491	-0,009425913
41737	134,26465	-17,597853	-17,65753	-1,3537375	-0,011785977	-0,018274352	-0,010756023
41737	134,76465	-19,547852	-19,602686	-1,3629781	-0,013086537	-0,019940525	-0,012213769
41737	135,26465	-21,497852	-21,571815	-1,3713231	-0,014417008	-0,021383137	-0,013702217
41737	135,76465	-23,447851	-23,528894	-1,3798816	-0,015733806	-0,022855833	-0,01516285
41737	136,26465	-25,397852	-25,495596	-1,3880672	-0,017051131	-0,024362966	-0,016506018
41737	136,76465	-27,347853	-27,420296	-1,3967084	-0,018368421	-0,025742546	-0,018080598
41737	137,26465	-29,297852	-29,372101	-1,4037704	-0,019725583	-0,027263463	-0,019548772
41737	137,76465	-31,247852	-31,312326	-1,4120164	-0,021024462	-0,028731495	-0,020971142
41737	138,26465	-33,197853	-33,2616	-1,4203376	-0,022424683	-0,030141354	-0,022456514
41737	138,76465	-35,147854	-35,237251	-1,428028	-0,023764692	-0,031453311	-0,023963677
41737	139,26465	-37,097851	-37,190598	-1,4357088	-0,025088821	-0,032963917	-0,025384832
41737	139,76465	-39,047852	-39,135597	-1,4431497	-0,026423363	-0,03437373	-0,027021296
41737	140,26465	-40,997852	-41,085419	-1,4505135	-0,027800012	-0,035764053	-0,02850619
41737	140,76465	-42,947853	-43,004555	-1,4578426	-0,029183496	-0,037109181	-0,029939992
41737	141,26465	-44,897854	-44,961578	-1,4652742	-0,030506583	-0,038484648	-0,031565707
41737	141,76465	-46,847851	-46,935421	-1,4722357	-0,031973042	-0,039885387	-0,032987747
41737	142,26465	-48,797852	-48,92289	-1,4798714	-0,033317089	-0,0411935	-0,034567431
41737	142,76465	-50,747852	-50,856667	-1,4871398	-0,03472171	-0,042537391	-0,036177997
41737	143,26465	-52,697853	-52,789856	-1,4943914	-0,036114588	-0,043899551	-0,037582282
41737	143,76465	-54,647854	-54,714771	-1,5012147	-0,037430845	-0,045234621	-0,039056357
41737	144,26465	-56,597855	-56,673656	-1,5082588	-0,038777888	-0,046527937	-0,040598236
41737	144,76465	-58,547852	-58,656937	-1,515265	-0,040271625	-0,04791455	-0,04211032
41737	145,26465	-60,497852	-60,592361	-1,5224921	-0,041481063	-0,04929927	-0,043573614
41737	145,76465	-62,447853	-62,550179	-1,5298483	-0,042952497	-0,050607234	-0,045128409
41737	146,26465	-64,39785	-64,463463	-1,5364418	-0,044332635	-0,051879793	-0,046619453
41737	146,76465	-66,347855	-66,390862	-1,542843	-0,045552298	-0,053212523	-0,048141237
41737	147,26465	-68,297852	-68,361694	-1,5500816	-0,047038615	-0,054581389	-0,049607944
41737	147,76465	-70,247856	-70,305717	-1,5568084	-0,04840374	-0,055946827	-0,051116366
41737	148,26465	-72,197853	-72,262871	-1,5635411	-0,049837045	-0,057330534	-0,052522533
41737	148,76465	-74,14785	-74,220139	-1,5706712	-0,051272612	-0,058692992	-0,054033365
41737	149,26465	-76,097855	-76,153084	-1,5771227	-0,052656136	-0,060080782	-0,055577528
41737	149,76465	-76,767776	-77,030815	-1,5810112	-0,053274114	-0,060749888	-0,05631366
41737	150,26465	-74,817772	-74,935394	-1,575202	-0,052044678	-0,059516922	-0,054858763
41737	150,76465	-72,867775	-72,930687	-1,5692049	-0,050787367	-0,058257759	-0,053622067
41737	151,26465	-70,917778	-70,942116	-1,5630404	-0,049498346	-0,056975618	-0,052255273
41737	151,76465	-68,967773	-69,012398	-1,5571038	-0,048172835	-0,055800185	-0,050928626
41737	152,26465	-67,017776	-67,02948	-1,5506787	-0,046900332	-0,054577574	-0,04963249
41737	152,76465	-65,067772	-65,047928	-1,5447723	-0,045537394	-0,053301692	-0,048163224
41737	153,26465	-63,117775	-63,053295	-1,5383726	-0,044255644	-0,051945731	-0,046767708
41737	153,76465	-61,167774	-61,093582	-1,5320265	-0,042891998	-0,050742641	-0,045421287
41737	154,26465	-59,217773	-59,157261	-1,5253568	-0,041576553	-0,049556702	-0,043957472
41737	154,76465	-57,267773	-57,246094	-1,5197082	-0,040227637	-0,048260882	-0,042547416
41737	155,26465	-55,317776	-55,277473	-1,513136	-0,038972028	-0,046983019	-0,04122261
41737	155,76465	-53,367775	-53,321362	-1,506223	-0,037610464	-0,045753226	-0,039718457
41737	156,26465	-51,417774	-51,343185	-1,4993576	-0,036305044	-0,044427127	-0,038279947
41737	156,76465	-49,467773	-49,420383	-1,4930362	-0,035009876	-0,043122768	-0,036829486
41737	157,26465	-47,517773	-47,457977	-1,4857275	-0,033683378	-0,04187718	-0,035340361
41737	157,76465	-45,567776	-45,504883	-1,4786592	-0,032328732	-0,040569499	-0,033891205
41737	158,26465	-43,617775	-43,584679	-1,4718982	-0,030930024	-0,039215341	-0,032417472
41737	158,76465	-41,667774	-41,643566	-1,463986	-0,029569333	-0,037904918	-0,030916194
41737	159,26465	-39,717773	-39,675003	-1,4571646	-0,028238475	-0,03658919	-0,029381212
41737	159,76465	-37,767773	-37,726974	-1,4494503	-0,026846377	-0,035305858	-0,027813029
41737	160,26465	-35,817776	-35,785038	-1,4425883	-0,025557492	-0,033896625	-0,02633542
41737	160,76465	-33,867775	-33,828438	-1,4345759	-0,02414662	-0,032571003	-0,024825476
41737	161,26465	-31,917774	-31,898352	-1,4266511	-0,022762427	-0,031225488	-0,023198619
41737	161,76465	-29,967773	-29,953455	-1,4186141	-0,021362787	-0,029871404	-0,021777226
41737	162,26465	-28,017775	-27,990131	-1,4104677	-0,019946158	-0,02838245	-0,020153189
41737	162,76465	-26,067774	-26,02541	-1,4025701	-0,018534737	-0,026895955	-0,018651647
41737	163,26465	-24,117773	-24,051208	-1,3938745	-0,017112847	-0,025451556	-0,017093822
41737	163,76465	-22,167774	-22,082035	-1,3852103	-0,015665969	-0,023927554	-0,015531208
41737	164,26465	-20,217773	-20,181097	-1,3768921	-0,01436276	-0,022547245	-0,014106004
41737	164,76465	-18,267773	-18,222399	-1,3678303	-0,012954004	-0,020960793	-0,012556212
41737	165,26465	-16,317774	-16,275917	-1,3583055	-0,011495247	-0,019427001	-0,010926866
41737	165,76465	-14,367773	-14,334394	-1,348933	-0,010153476	-0,017766893	-0,0093751112
41737	166,26465	-12,417773	-12,390765	-1,3388114	-0,0088312402	-0,01618354	-0,0078244396
41737	166,76465	-10,467773	-10,4183	-1,3285985	-0,0074704587	-0,014447808	-0,006367018
41737	167,26465	-8,5177736	-8,4534283	-1,3177278	-0,0060943346	-0,012585789	-0,0047990624
41737	167,76465	-6,5677733	-6,5395069	-1,3058844	-0,0048465505	-0,010875866	-0,0033353893
41737	168,26465	-4,6177731	-4,6664586	-1,2934955	-0,0037472006	-0,0089643598	-0,0021233452
41737	168,76465	-2,6677732	-3,1906908	-1,2820555	-0,0028277356	-0,0072941482	-0,001271865
41737	169,26465	-1	-0,95205939	-1,2559841	-0,0017138161	-0,0041241944	-0,0011863639
41737	169,76465	-1	-0,74129176	-1,2510651	-0,0016349014	-0,0036073178	-0,0012978198
41737	170,26465	-1	-0,74725223	-1,2508826	-0,0016476996	-0,0035296679	-0,0012213625
41737	170,76465	-1	-0,76067632	-1,2509683	-0,0016254876	-0,0034682751	-0,0011833721
41737	171,26465	-1	-0,82600302	-1,2509329	-0,0015986115	-0,0034818351	-0,0011770098
41737	171,76465	-1	-0,83975309	-1,2510164	-0,0014998689	-0,0034998208	-0,0011459508
41737	172,26465	-1	-0,86246431	-1,2513137	-0,001554532	-0,0033890605	-0,0011281151
41737	172,76465	-1	-0,86089039	-1,2517037	-0,0014793798	-0,0034957975	-0,0011213662
41737	173,26465	-1	-0,87534261	-1,251529	-0,0014101304	-0,0033646673	-0,0010760456
41737	173,76465	-1	-0,93774498	-1,2519923	-0,0014365986	-0,0035187155	-0,001038607
41737	174,26465	-1	-0,95236862	-1,2522823	-0,0014515687	-0,0035273433	-0,0010875526
41737	174,76465	-1	-0,94847751	-1,2519667	-0,0014265049	-0,003430292	-0,0010661224
41737	175,26465	-1	-0,95408034	-1,2516317	-0,0014181249	-0,0034085661	-0,00099243468
41737	175,76465	-1	-0,98397583	-1,2522476	-0,0014331657	-0,0035149157	-0,00093671912
41737	176,26465	-1	-0,98102915	-1,2521347	-0,0014534928	-0,003429994	-0,0010120891
41737	176,76465	-1	-0,97356737	-1,2518493	-0,0014395025	-0,0034342408	-0,0010008027
41737	177,26465	-1	-0,98200703	-1,2517767	-0,001364382	-0,0033770055	-0,001040316
41737	177,76465	-1	-1,0055099	-1,252122	-0,0013865177	-0,0033610165	-0,00098497258
41737	178,26465	-1	-0,98912048	-1,2517297	-0,0013993215	-0,0034017116	-0,00091802079
41737	178,76465	-1	-1,0023787	-1,2521611	-0,0013521984	-0,0033683777	-0,00095947279
41737	179,26465	-1	-1,0221041	-1,2522755	-0,0013672784	-0,0033654571	-0,00086040999
41737	179,76465	-1	-1,0046568	-1,2520773	-0,0014060959	-0,003382653	-0,00088346814
41737	180,26465	-1	-1,0195076	-1,2518826	-0,0013601109	-0,003327772	-0,00086821138
41737	180,76465	-1	-1,006566	-1,2519637	-0,0013465509	-0,0033223182	-0,00083592377
41737	181,26465	-1	-1,0311213	-1,2513882	-0,0013977494	-0,003332302	-0,00086659734
41737	181,76465	-1	-1,0296423	-1,251783	-0,001325462	-0,0032863468	-0,00078597973
41737	182,26465	-1	-1,0370593	-1,2517469	-0,0013150051	-0,0032686889	-0,00087166217
41737	182,76465	-1	-1,0176469	-1,251985	-0,0013367459	-0,0032225549	-0,00085886923
41737	183,26465	-1	-1,0048952	-1,2517376	-0,001341356	-0,003266111	-0,00082189398
41737	183,76465	-1	-0,98732114	-1,2512627	-0,0012952257	-0,0031578094	-0,00098030933
41737	184,26465	-1	-0,98713672	-1,2512261	-0,0012686402	-0,0032199472	-0,00084979297
41737	184,76465	-1	-1,0133237	-1,2514534	-0,0012397207	-0,0032640845	-0,00080107246
41737	185,26465	-1	-1,0021553	-1,251519	-0,0012589619	-0,0032497942	-0,00087609305
41737	185,76465	-1	-0,99953264	-1,2516799	-0,0012665894	-0,0031783581	-0,00086159003
41737	186,26465	-1	-1,0061916	-1,2515994	-0,0012479778	-0,0031711012	-0,00072224374
41737	186,76465	-1	-1,0024756	-1,2510417	-0,0011831224	-0,0031723976	-0,00085470011
41737	187,26465	-1	-1,0049809	-1,2513293	-0,001245575	-0,0031650662	-0,00079261773
41737	187,76465	-1	-1,0392964	-1,2513334	-0,0012756456	-0,0031878203	-0,00066797086
41737	188,26465	-1	-1,041472	-1,251263	-0,0012675617	-0,0031782836	-0,0009047357
41737	188,76465	-1	-0,99404901	-1,2510868	-0,0012323279	-0,0031840354	-0,00088010664
41737	189,26465	-1	-0,96672589	-1,2512827	-0,0012135264	-0,0031584054	-0,00073626603
41737	189,76465	-1	-0,98003817	-1,2510902	-0,0011518747	-0,0031076968	-0,00075950648
41737	190,26465	-1	-0,96993518	-1,2512935	-0,0011465643	-0,0031663626	-0,00079521217
41737	190,76465	-1	-0,97955203	-1,2511847	-0,0011723842	-0,0030927509	-0,00069618429
41737	191,26465	-1	-1,0031369	-1,2512879	-0,0010827053	-0,003141284	-0,00077500643
41737	191,76465	-1	-0,99190325	-1,2514976	-0,0011473671	-0,003129065	-0,00077388855
41737	192,26465	-1	-0,98845547	-1,2512269	-0,0011602957	-0,0030952692	-0,00076155184
41737	192,76465	-1	-0,99894774	-1,2512835	-0,0011853613	-0,0030500442	-0,00074178865
41737	193,26465	-1	-0,98665243	-1,2510946	-0,0011562742	-0,0030538738	-0,00070208515
41737	193,76465	-1	-1,0076798	-1,2510704	-0,0010990016	-0,0030447245	-0,00064484228
41737	194,26465	-1	-0,98338163	-1,2509806	-0,0010447539	-0,0030346662	-0,00068810629
41737	194,76465	-1	-0,97459555	-1,2510372	-0,0011260957	-0,0030238628	-0,00068222551
41737	195,26465	-1	-0,96460617	-1,2509754	-0,0011617802	-0,0029771179	-0,00066046003
41737	195,76465	-1	-0,9822976	-1,2510827	-0,001076974	-0,0031003803	-0,00062173052
41737	196,26465	-1	-1,011109	-1,2513055	-0,0011208523	-0,0030682087	-0,00076225545
41737	196,76465	-1	-0,96927023	-1,2508107	-0,001055954	-0,0028784126	-0,00062502816
41737	197,26465	-1	-0,99154747	-1,2509333	-0,00104619	-0,0030129701	-0,0006144527
41737	197,76465	-1	-1,0059104	-1,2512105	-0,0010918565	-0,002983883	-0,00060567335
41737	198,26465	-1	-1,0005106	-1,2508122	-0,001125453	-0,0030541271	-0,00067022548
41737	198,76465	-1	-0,99950844	-1,25068	-0,00098816305	-0,0029309243	-0,00063698727
41737	199,26465	-1,2551758	-1,0356363	-1,2513688	-0,0010973923	-0,0030488819	-0,00069743994
41737	199,76465	-3,2051759	-3,0768962	-1,2713162	-0,001959173	-0,0055222064	-0,00086604065
41737	200,26465	-5,1551757	-4,5371933	-1,282722	-0,0027252901	-0,0069253892	-0,001479281
41737	200,76465	-7,105176	-7,0581298	-1,2986912	-0,0042524841	-0,0091549009	-0,0031283123
41737	201,26465	-9,0551758	-9,0464945	-1,310133	-0,0055219252	-0,010797426	-0,0044887573
41737	201,76465	-11,005176	-11,204395	-1,3216892	-0,0068894047	-0,012650281	-0,0059877643
41737	202,26465	-12,955176	-13,169168	-1,332142	-0,0081943739	-0,01426737	-0,0075351172
41737	202,76465	-14,905176	-15,120737	-1,3410056	-0,0094446391	-0,015776038	-0,0089293765
41737	203,26465	-16,855177	-17,071058	-1,35071	-0,010758242	-0,017454147	-0,010377832
41737	203,76465	-18,805176	-18,981352	-1,359486	-0,012032254	-0,018969208	-0,011819791
41737	204,26465	-20,755177	-20,909988	-1,3680412	-0,013332738	-0,020457029	-0,013254152
41737	204,76465	-22,705175	-22,844421	-1,3766078	-0,014729195	-0,02195318	-0,014599252
41737	205,26465	-24,655176	-24,776508	-1,3851693	-0,015984729	-0,023483023	-0,016076211
41737	205,76465	-26,605177	-26,739174	-1,393344	-0,017397542	-0,02495341	-0,017660858
41737	206,26465	-28,555176	-28,697807	-1,401796	-0,018816255	-0,026509583	-0,019160336
41737	206,76465	-30,505177	-30,632629	-1,4095718	-0,020105336	-0,027940303	-0,020608004
41737	207,26465	-32,455177	-32,551018	-1,4171875	-0,021361344	-0,029335991	-0,02207331
41737	207,76465	-34,405178	-34,485138	-1,4254404	-0,022781782	-0,030763105	-0,023636991
41737	208,26465	-36,355175	-36,441643	-1,4333261	-0,024192747	-0,03224346	-0,025084145
41737	208,76465	-38,305176	-38,394516	-1,4415274	-0,025519278	-0,033637404	-0,026747879
41737	209,26465	-40,255177	-40,346706	-1,4486367	-0,026871491	-0,035104722	-0,028167443
41737	209,76465	-42,205177	-42,309803	-1,4562515	-0,028198663	-0,036504179	-0,029679801
41737	210,26465	-44,155178	-44,225357	-1,4637476	-0,029587258	-0,037907183	-0,031234771
41737	210,76465	-46,105175	-46,165085	-1,4706211	-0,031013785	-0,039225161	-0,032722939
41737	211,26465	-48,055176	-48,088932	-1,4783872	-0,032354508	-0,040599853	-0,034354698
41737	211,76465	-50,005177	-50,058559	-1,4854493	-0,033692539	-0,041943699	-0,035860788
41737	212,26465	-51,955177	-52,033012	-1,4928488	-0,035081815	-0,0433999	-0,037396535
41737	212,76465	-53,905178	-53,998329	-1,5000039	-0,036560033	-0,044678643	-0,038824432
41737	213,26465	-55,855179	-55,931644	-1,5070466	-0,037886921	-0,046046466	-0,040411603
41737	213,76465	-57,805176	-57,86599	-1,5141758	-0,039278205	-0,047358617	-0,041859236
41737	214,26465	-59,755177	-59,811768	-1,521186	-0,040652536	-0,048716232	-0,04330644
41737	214,76465	-61,705177	-61,771755	-1,5283777	-0,042031951	-0,050125554	-0,044915166
41737	215,26465	-63,655178	-63,712818	-1,5353566	-0,043466263	-0,051478282	-0,046416357
41737	215,76465	-65,605179	-65,683083	-1,5420964	-0,044796936	-0,052868038	-0,047895409
41737	216,26465	-67,555176	-67,62384	-1,5485877	-0,046200387	-0,05410637	-0,049391858
41737	216,76465	-69,50518	-69,580025	-1,5560812	-0,047581419	-0,05546172	-0,050915986
41737	217,26465	-71,455177	-71,507713	-1,5623847	-0,048986893	-0,05681996	-0,052235879
41737	217,76465	-73,405174	-73,460526	-1,5692291	-0,050342616	-0,058185592	-0,053865109
41737	218,26465	-75,355179	-75,391769	-1,5756822	-0,051704593	-0,059575289	-0,055368714
41737	218,76465	-77,305176	-77,393921	-1,5828249	-0,053154025	-0,060994968	-0,056789674
41737	219,26465	-77,400002	-77,542511	-1,5838398	-0,053343274	-0,061209708	-0,057136096
41737	219,76465	-77,400002	-77,514366	-1,5839825	-0,053404599	-0,061252356	-0,057128046
41737	220,26465	-77,400002	-77,456802	-1,5843598	-0,053455316	-0,061303064	-0,057160798
41737	220,76465	-77,400002	-77,443359	-1,5844634	-0,053535149	-0,061367124	-0,057305429
41737	221,26465	-77,400002	-77,450729	-1,5848504	-0,053589165	-0,061414123	-0,057274912
41737	221,76465	-77,400002	-77,459068	-1,5852643	-0,053671557	-0,061492249	-0,057232779
41737	222,26465	-77,400002	-77,466423	-1,58522	-0,053707439	-0,061526522	-0,057474766
41737	222,76465	-77,400002	-77,460724	-1,5858235	-0,053710356	-0,061525524	-0,057420403
41737	223,26465	-77,400002	-77,438553	-1,5853735	-0,053805642	-0,061557099	-0,05740143
41737	223,76465	-77,400002	-77,41098	-1,5853432	-0,053760279	-0,061556697	-0,057526678
41737	224,26465	-77,400002	-77,406746	-1,5856767	-0,053749524	-0,06161049	-0,057510465
41737	224,76465	-77,400002	-77,432587	-1,5861062	-0,053882468	-0,061582938	-0,057552274
41737	225,26465	-77,400002	-77,413155	-1,5862817	-0,053904742	-0,061632082	-0,057566676
41737	225,76465	-77,400002	-77,422096	-1,58613	-0,053902168	-0,061680496	-0,057646833
41737	226,26465	-77,400002	-77,388573	-1,5863078	-0,053910501	-0,061686605	-0,057573222
41737	226,76465	-77,400002	-77,371017	-1,5867776	-0,053949282	-0,061819211	-0,057619117
41737	227,26465	-77,400002	-77,361008	-1,5864087	-0,053918049	-0,06181787	-0,057689425
41737	227,76465	-77,400002	-77,412277	-1,5868807	-0,05401545	-0,061837286	-0,057739705
41737	228,26465	-77,400002	-77,418617	-1,5869124	-0,054023579	-0,061847389	-0,057761304
41737	228,76465	-77,400002	-77,414528	-1,5871441	-0,05402191	-0,061914265	-0,057843637
41737	229,26465	-77,400002	-77,414391	-1,5870748	-0,054114919	-0,062001109	-0,057895254
41737	229,76465	-77,400002	-77,386009	-1,5871903	-0,054132029	-0,061961114	-0,057800282
41737	230,26465	-77,400002	-77,385193	-1,58726	-0,054143921	-0,06191653	-0,057895605
41737	230,76465	-77,400002	-77,388718	-1,5871382	-0,054184761	-0,061979264	-0,057948016
41737	231,26465	-77,400002	-77,395958	-1,587317	-0,054160401	-0,061964616	-0,057863474
41737	231,76465	-77,400002	-77,401581	-1,5877562	-0,054168828	-0,062046766	-0,057931989
41737	232,26465	-77,400002	-77,401093	-1,5878615	-0,054152526	-0,062054351	-0,057992443
41737	232,76465	-77,400002	-77,375969	-1,5878373	-0,05419001	-0,061967209	-0,057980385
41737	233,26465	-77,400002	-77,291222	-1,5877458	-0,054149885	-0,062021703	-0,057893172
41737	233,76465	-77,400002	-77,330597	-1,5879253	-0,054212857	-0,062016562	-0,057993073
41737	234,26465	-77,400002	-77,340179	-1,5881872	-0,054272816	-0,062074408	-0,058006812
41737	234,76465	-77,400002	-77,370514	-1,5877107	-0,054275457	-0,062124059	-0,058065955
41737	235,26465	-77,400002	-77,377678	-1,5879986	-0,054271102	-0,062128857	-0,058104035
41737	235,76465	-77,400002	-77,377441	-1,5880498	-0,054333203	-0,062176734	-0,058087192
41737	236,26465	-77,400002	-77,387421	-1,5879856	-0,054328412	-0,062114954	-0,058121573
41737	236,76465	-77,400002	-77,38961	-1,5882874	-0,054318227	-0,062170491	-0,058176525
41737	237,26465	-77,400002	-77,415443	-1,5885065	-0,054316975	-0,06210871	-0,05815072
41737	237,76465	-77,400002	-77,423637	-1,5887721	-0,054435153	-0,06230019	-0,058191534
41737	238,26465	-77,400002	-77,422081	-1,5884397	-0,054354265	-0,062187687	-0,058170278
41737	238,76465	-77,400002	-77,388779	-1,588636	-0,054351572	-0,062220782	-0,058170341
41737	239,26465	-77,400002	-77,365532	-1,5886595	-0,054350939	-0,062236205	-0,058284517
41737	239,76465	-77,400002	-77,420219	-1,5891423	-0,054495163	-0,062286377	-0,058267958
41737	240,26465	-77,400002	-77,431496	-1,5892295	-0,054441117	-0,062270731	-0,058270223
41737	240,76465	-77,400002	-77,453003	-1,5886025	-0,054557249	-0,062295988	-0,058289427
41737	241,26465	-77,400002	-77,463829	-1,5888324	-0,054539695	-0,062310532	-0,058338493
41737	241,76465	-77,400002	-77,450081	-1,5890183	-0,054555066	-0,062326998	-0,058249883
41737	242,26465	-77,400002	-77,445732	-1,5892291	-0,054560915	-0,062308744	-0,05826702
41737	242,76465	-77,400002	-77,414436	-1,5892985	-0,054476742	-0,062363759	-0,058278032
41737	243,26465	-77,400002	-77,39399	-1,5889996	-0,054566033	-0,062359482	-0,058300164
41737	243,76465	-77,400002	-77,420776	-1,5891904	-0,054526854	-0,062365264	-0,05835158
41737	244,26465	-77,400002	-77,43541	-1,589335	-0,05457411	-0,062372267	-0,058398817
41737	244,76465	-77,400002	-77,443275	-1,5892329	-0,054607581	-0,062448889	-0,058368076
41737	245,26465	-77,400002	-77,43158	-1,5892847	-0,054629743	-0,062409356	-0,058323096
41737	245,76465	-77,400002	-77,406929	-1,5893916	-0,054646432	-0,062462017	-0,058444213
41737	246,26465	-77,400002	-77,374756	-1,5895629	-0,054619934	-0,062407926	-0,058414783
41737	246,76465	-77,400002	-77,402626	-1,5895175	-0,054617569	-0,062365398	-0,058443028
41737	247,26465	-77,400002	-77,410248	-1,5894486	-0,054646723	-0,062413022	-0,058526266
41737	247,76465	-77,400002	-77,457092	-1,5899466	-0,054706536	-0,062459514	-0,058522314
41737	248,26465	-77,400002	-77,421089	-1,5895361	-0,054691419	-0,06247355	-0,058484972
41737	248,76465	-77,400002	-77,428612	-1,5897019	-0,05469913	-0,062511876	-0,058566257
41737	249,26465	-75,056252	-75,100784	-1,5830328	-0,053206969	-0,061033204	-0,056897499
41737	249,76465	-72,556252	-72,62381	-1,5754389	-0,051592007	-0,059500441	-0,055252578
41737	250,26465	-70,056252	-70,069656	-1,567659	-0,049871694	-0,057847857	-0,053505778
41737	250,76465	-67,556252	-67,529427	-1,559527	-0,048146449	-0,056206673	-0,051667381
41737	251,26465	-65,056252	-64,975754	-1,5516354	-0,046413094	-0,054496795	-0,049839869
41737	251,76465	-62,556252	-62,471367	-1,5430337	-0,044734769	-0,052964523	-0,048123814
41737	252,26465	-60,056252	-59,969696	-1,5349007	-0,043006949	-0,051264912	-0,046243578
41737	252,76465	-57,556252	-57,4771	-1,5268894	-0,041382574	-0,049550995	-0,044483077
41737	253,26465	-55,056252	-55,009521	-1,5185611	-0,039729275	-0,048006669	-0,042641848
41737	253,76465	-52,556252	-52,488689	-1,5098664	-0,037962414	-0,046404108	-0,040818933
41737	254,26465	-50,056252	-50,010769	-1,5012684	-0,036330719	-0,04470399	-0,038867407
41737	254,76465	-47,556252	-47,441818	-1,4921589	-0,034449961	-0,043036714	-0,036981508
41737	255,26465	-45,056252	-44,950424	-1,4831516	-0,032763146	-0,041400969	-0,035073005
41737	255,76465	-42,556252	-42,474724	-1,4741117	-0,030978378	-0,039748788	-0,033036631
41737	256,26465	-40,056252	-39,980808	-1,4644524	-0,029213004	-0,038062781	-0,031183688
41737	256,76465	-37,556252	-37,488228	-1,4545484	-0,027481578	-0,036278263	-0,029175403
41737	257,26465	-35,056252	-34,972507	-1,4451808	-0,025722336	-0,034581006	-0,027186723
41737	257,76465	-32,556252	-32,494316	-1,4350659	-0,023971993	-0,032807574	-0,025137423
41737	258,26465	-30,056252	-30,001051	-1,4248172	-0,022139437	-0,031001672	-0,023189947
41737	258,76465	-27,556252	-27,497829	-1,4141182	-0,0202996	-0,029101506	-0,021031095
41737	259,26465	-25,056252	-25,011129	-1,4037473	-0,018542323	-0,027291924	-0,019085625
41737	259,76465	-22,556252	-22,498539	-1,3926314	-0,016659714	-0,025384873	-0,017053027
41737	260,26465	-20,056252	-20,022297	-1,3811973	-0,014842225	-0,023364335	-0,015107492
41737	260,76465	-17,556252	-17,486521	-1,3696117	-0,01297104	-0,021299779	-0,013173166
41737	261,26465	-15,056252	-14,964152	-1,3573663	-0,01113197	-0,019203484	-0,011034975
41737	261,76465	-12,556252	-12,466654	-1,3445911	-0,0094237849	-0,017054334	-0,0090257032
41737	262,26465	-10,056252	-10,003827	-1,3317389	-0,0076526254	-0,014907688	-0,0072010155
41737	262,76465	-7,5562515	-7,5160341	-1,3171697	-0,0060991514	-0,012628868	-0,0051085399
41737	263,26465	-5,0562515	-5,0827751	-1,3015034	-0,0045226738	-0,010184735	-0,0033387144
41737	263,76465	-2,5562515	-3,3206398	-1,2877958	-0,0033902265	-0,0080987364	-0,0023675549
41737	264,26465	-1	-0,8597877	-1,2582554	-0,0022534877	-0,0045468807	-0,0021369227
41737	264,76465	-1	-0,70925057	-1,2547078	-0,0021259356	-0,0040979981	-0,0021506269
41737	265,26465	-1	-0,7385239	-1,2546887	-0,0020331647	-0,0040097684	-0,0021400237
41737	265,76465	-1	-0,75251794	-1,2547764	-0,002058154	-0,0039738566	-0,0021109218
41737	266,26465	-1	-0,79596788	-1,2548325	-0,001992682	-0,0039898455	-0,0019771522
41737	266,76465	-1	-0,81284159	-1,2550278	-0,0018964559	-0,0040124953	-0,0020396283
41737	267,26465	-1	-0,85508078	-1,2554014	-0,0018993709	-0,0040177405	-0,0018856827
41737	267,76465	-1	-0,89136136	-1,2558433	-0,001948474	-0,0039986372	-0,0017587122
41737	268,26465	-1	-0,9252131	-1,256304	-0,0019170213	-0,0040115267	-0,001820812
41737	268,76465	-1	-0,92325735	-1,2562225	-0,0018783063	-0,0039708167	-0,0016815488
41737	269,26465	-1	-0,92513674	-1,256155	-0,0017640982	-0,0039895475	-0,001598313
41737	269,76465	-1	-0,93836713	-1,2566643	-0,0018048808	-0,0040262192	-0,0016775571
41737	270,26465	-1	-0,94885194	-1,2562996	-0,0018097013	-0,0040554404	-0,0015720938
41737	270,76465	-1	-0,97734666	-1,2562742	-0,001770556	-0,0040414929	-0,0016049622
41737	271,26465	-1	-0,9733718	-1,2562944	-0,001760155	-0,0040105134	-0,0016353528
41737	271,76465	-1	-0,97704303	-1,2559446	-0,0017910227	-0,0039690435	-0,0016201833
41737	272,26465	-1	-0,98721498	-1,2561051	-0,0017303098	-0,0039729029	-0,0015701338
41737	272,76465	-1	-0,99684858	-1,2562549	-0,0016970187	-0,0040127486	-0,0016766117
41737	273,26465	0	0,0033192337	2,2456815	-0,0015606508	-0,0020346195	-0,0022453556

Datenerfassung						Zeit:	273,53906	s	08.04.2014 10:02:28
Ch 1 Kraft	Ch 1 W2TK Mittel	1944 A	1944 B	1281068
kN	mm	mm	mm	mm
0,048592687	0	0,00016795658	0,00014455616	0,0071488088
-78,603806	0	-0,054804966	-0,24170583	-0,058730867
