MTS793|MPT|DEU|1|2|,|.|:|49|1|1|A

Bediener Information			Würfeldruckfestigkeit (150mm)			Zeit:	13,041992	s	28.01.2015 10:45:11
Datum	27.02.2015
Prüfer:	Kh
Probebezeichnung	Wolf 8.2 Probe 6
Protokoll Seite	146
Durchmesser [mm]:	100
Höhe [mm]:	300,3
Masse [g]:	5368,3
Bediener Information Ende

Datenerfassung						Zeit:	116,96973	s	28.01.2015 10:46:55
Ch 1 Weg	Ch 1 Kraft
mm	kN
1,9898981	0,1748465
-1,2324512	-351,88205

Datenerfassung						Zeit:	116,98242	s	28.01.2015 10:46:55
Datum	Tageszeit	Laufzeit	Ch 1 Kraft Sollwert	Ch 1 Kraft	Ch 1 Weg
d	d	s	kN	kN	mm
42032	0,4479638	25,072266	-1,7464844	-1,603458	-0,003644824
42032	0,44796613	25,272461	-2,5272462	-2,4012699	-0,0093400478
42032	0,44796845	25,472656	-3,308008	-2,9681568	-0,018721819
42032	0,44797075	25,672852	-4,0887694	-3,836561	-0,03336072
42032	0,44797307	25,873047	-4,8695312	-4,7336369	-0,045526028
42032	0,4479754	26,073242	-5,6502929	-5,5293589	-0,054758787
42032	0,44797772	26,273438	-6,4310546	-6,0877595	-0,061312318
42032	0,44798002	26,473633	-7,2118168	-6,5299001	-0,066530704
42032	0,44798234	26,673828	-7,9925785	-7,5516572	-0,073704123
42032	0,44798467	26,874023	-8,7733402	-8,8086061	-0,082623959
42032	0,44798699	27,074219	-9,5541019	-9,6450377	-0,0882864
42032	0,44798928	27,274414	-10,334864	-10,335637	-0,094202161
42032	0,44799161	27,474609	-11,115625	-11,127744	-0,097998977
42032	0,44799393	27,674805	-11,896387	-11,855907	-0,10264814
42032	0,44799626	27,875	-12,677149	-12,691991	-0,10623932
42032	0,44799855	28,075195	-13,457911	-13,562384	-0,11175573
42032	0,44800088	28,275391	-14,238672	-14,411537	-0,11564791
42032	0,4480032	28,475586	-15,019434	-15,227979	-0,11982918
42032	0,44800553	28,675781	-15,800196	-16,051332	-0,12365282
42032	0,44800782	28,875977	-16,580957	-16,832714	-0,12631714
42032	0,44801015	29,076172	-17,361719	-17,602243	-0,12906194
42032	0,44801247	29,276367	-18,142481	-18,383654	-0,13249218
42032	0,4480148	29,476563	-18,923243	-19,10887	-0,1349479
42032	0,44801709	29,676758	-19,704004	-19,91193	-0,13896823
42032	0,44801942	29,876953	-20,484766	-20,655163	-0,14122128
42032	0,44802174	30,077148	-21,265528	-21,40196	-0,14412105
42032	0,44802406	30,277344	-22,046289	-22,201324	-0,14657676
42032	0,44802636	30,477539	-22,827051	-22,960009	-0,15056729
42032	0,44802868	30,677734	-23,607813	-23,763115	-0,15287101
42032	0,44803101	30,87793	-24,388575	-24,496386	-0,15560091
42032	0,44803333	31,078125	-25,169336	-25,309752	-0,15818477
42032	0,44803563	31,27832	-25,950098	-26,073011	-0,16109049
42032	0,44803795	31,478516	-26,73086	-26,820751	-0,16308725
42032	0,44804028	31,678711	-27,511621	-27,623682	-0,16601682
42032	0,4480426	31,878906	-28,292383	-28,368746	-0,16844571
42032	0,4480449	32,079102	-29,073145	-29,175793	-0,17172098
42032	0,44804722	32,279297	-29,853907	-29,920872	-0,17417967
42032	0,44804955	32,479492	-30,634668	-30,748066	-0,17584562
42032	0,44805187	32,679688	-31,41543	-31,490824	-0,17829239
42032	0,44805416	32,879883	-32,196194	-32,273205	-0,18063784
42032	0,44805649	33,080078	-32,976955	-33,065472	-0,18344223
42032	0,44805881	33,280273	-33,757717	-33,850578	-0,18646419
42032	0,44806114	33,480469	-34,538479	-34,606377	-0,18911362
42032	0,44806343	33,680664	-35,319241	-35,37146	-0,19023418
42032	0,44806576	33,880859	-36,100002	-36,228848	-0,19332767
42032	0,44806808	34,081055	-36,880764	-36,94178	-0,19548535
42032	0,44807041	34,28125	-37,661526	-37,769218	-0,19732416
42032	0,4480727	34,481445	-38,442287	-38,531269	-0,20004809
42032	0,44807503	34,681641	-39,223049	-39,306026	-0,20245016
42032	0,44807735	34,881836	-40,003811	-40,058842	-0,20440519
42032	0,44807968	35,082031	-40,784573	-40,845528	-0,20703375
42032	0,44808197	35,282227	-41,565334	-41,641624	-0,20940304
42032	0,44808429	35,482422	-42,346096	-42,399696	-0,21138787
42032	0,44808662	35,682617	-43,126858	-43,231079	-0,21381676
42032	0,44808894	35,882813	-43,907619	-43,978909	-0,21561384
42032	0,44809124	36,083008	-44,688381	-44,764889	-0,217852
42032	0,44809356	36,283203	-45,469143	-45,519764	-0,2205044
42032	0,44809589	36,483398	-46,249905	-46,325153	-0,22247136
42032	0,44809821	36,683594	-47,030666	-47,111458	-0,22533238
42032	0,44810051	36,883789	-47,811428	-47,843365	-0,22767484
42032	0,44810283	37,083984	-48,59219	-48,684414	-0,22949576
42032	0,44810516	37,28418	-49,372952	-49,445057	-0,23107529
42032	0,44810748	37,484375	-50,153713	-50,255215	-0,23389459
42032	0,44810978	37,68457	-50,934475	-51,005592	-0,23597479
42032	0,4481121	37,884766	-51,715237	-51,80978	-0,23803711
42032	0,44811442	38,084961	-52,495998	-52,569828	-0,24045408
42032	0,44811675	38,285156	-53,27676	-53,318295	-0,24277866
42032	0,44811904	38,485352	-54,057522	-54,132427	-0,24517775
42032	0,44812137	38,685547	-54,838284	-54,922344	-0,24664104
42032	0,44812369	38,885742	-55,619045	-55,70771	-0,24869442
42032	0,44812602	39,085938	-56,399807	-56,473152	-0,25107563
42032	0,44812831	39,286133	-57,180569	-57,299835	-0,25359988
42032	0,44813064	39,486328	-57,96133	-58,048401	-0,25578737
42032	0,44813296	39,686523	-58,742092	-58,810364	-0,25724769
42032	0,44813529	39,886719	-59,522854	-59,619061	-0,25962889
42032	0,44813758	40,086914	-60,303616	-60,390152	-0,26188791
42032	0,44813991	40,287109	-61,084377	-61,180035	-0,26427805
42032	0,44814223	40,487305	-61,865139	-61,921211	-0,26653409
42032	0,44814456	40,6875	-62,645901	-62,765675	-0,26836991
42032	0,44814685	40,887695	-63,426662	-63,489159	-0,27034283
42032	0,44814917	41,087891	-64,20742	-64,296227	-0,2727896
42032	0,4481515	41,288086	-64,988182	-65,085884	-0,27483404
42032	0,44815382	41,488281	-65,768944	-65,846481	-0,27734935
42032	0,44815612	41,688477	-66,549706	-66,615753	-0,27849078
42032	0,44815844	41,888672	-67,330467	-67,394943	-0,28131604
42032	0,44816077	42,088867	-68,111229	-68,194183	-0,28344095
42032	0,44816309	42,289063	-68,891991	-68,930695	-0,28564632
42032	0,44816539	42,489258	-69,672752	-69,781425	-0,28732717
42032	0,44816771	42,689453	-70,453514	-70,531372	-0,28960407
42032	0,44817004	42,889648	-71,234276	-71,327805	-0,29142201
42032	0,44817236	43,089844	-72,015038	-72,058807	-0,29359758
42032	0,44817466	43,290039	-72,795799	-72,916199	-0,29494762
42032	0,44817698	43,490234	-73,576561	-73,673943	-0,29799044
42032	0,4481793	43,69043	-74,357323	-74,424583	-0,29982328
42032	0,44818163	43,890625	-75,138084	-75,19352	-0,30162632
42032	0,44818392	44,09082	-75,918846	-76,006714	-0,3038466
42032	0,44818625	44,291016	-76,699608	-76,769577	-0,30571222
42032	0,44818857	44,491211	-77,48037	-77,534325	-0,30738711
42032	0,4481909	44,691406	-78,261131	-78,384857	-0,3100723
42032	0,44819319	44,891602	-79,041893	-79,100311	-0,31146705
42032	0,44819552	45,091797	-79,822655	-79,877052	-0,31319261
42032	0,44819784	45,291992	-80,603416	-80,696045	-0,31610727
42032	0,44820017	45,492188	-81,384178	-81,461472	-0,3172636
42032	0,44820246	45,692383	-82,16494	-82,214447	-0,32005012
42032	0,44820479	45,892578	-82,945702	-83,002098	-0,32253861
42032	0,44820711	46,092773	-83,726463	-83,825584	-0,3241688
42032	0,44820943	46,292969	-84,507225	-84,558052	-0,32564998
42032	0,44821173	46,493164	-85,287987	-85,374397	-0,3279686
42032	0,44821405	46,693359	-86,068748	-86,153549	-0,33042431
42032	0,44821638	46,893555	-86,84951	-86,934799	-0,33210516
42032	0,4482187	47,09375	-87,630272	-87,672005	-0,33394694
42032	0,448221	47,293945	-88,411034	-88,486839	-0,336501
42032	0,44822332	47,494141	-89,191795	-89,267326	-0,33820271
42032	0,44822565	47,694336	-89,972557	-90,016304	-0,34034252
42032	0,44822797	47,894531	-90,753319	-90,782822	-0,3418833
42032	0,44823027	48,094727	-91,534081	-91,601669	-0,34416318
42032	0,44823259	48,294922	-92,314842	-92,365746	-0,34591556
42032	0,44823492	48,495117	-93,095604	-93,115952	-0,34824014
42032	0,44823724	48,695313	-93,876366	-93,971283	-0,35019815
42032	0,44823954	48,895508	-94,657135	-94,682518	-0,35211742
42032	0,44824186	49,095703	-95,437897	-95,509842	-0,35445392
42032	0,44824418	49,295898	-96,218658	-96,268265	-0,35602748
42032	0,44824648	49,496094	-96,99942	-97,09317	-0,35800636
42032	0,4482488	49,696289	-97,780182	-97,819221	-0,36011636
42032	0,44825113	49,896484	-98,560944	-98,628967	-0,36189258
42032	0,44825345	50,09668	-99,341705	-99,362686	-0,36321878
42032	0,44825575	50,296875	-100,12247	-100,10233	-0,36504865
42032	0,44825807	50,49707	-100,90323	-100,91463	-0,36786199
42032	0,4482604	50,697266	-101,68399	-101,72788	-0,36970377
42032	0,44826272	50,897461	-102,46475	-102,50227	-0,37230253
42032	0,44826502	51,097656	-103,24551	-103,19656	-0,3736645
42032	0,44826734	51,297852	-104,02628	-104,03458	-0,3754735
42032	0,44826967	51,498047	-104,80704	-104,79988	-0,37762523
42032	0,44827199	51,698242	-105,5878	-105,59738	-0,37993193
42032	0,44827428	51,898438	-106,36856	-106,34614	-0,3810823
42032	0,44827661	52,098633	-107,14932	-107,18592	-0,38353503
42032	0,44827893	52,298828	-107,93008	-107,93947	-0,38559139
42032	0,44828126	52,499023	-108,71085	-108,73319	-0,38816929
42032	0,44828355	52,699219	-109,49161	-109,52819	-0,38951635
42032	0,44828588	52,899414	-110,27237	-110,30775	-0,39138198
42032	0,4482882	53,099609	-111,05313	-111,08218	-0,39319694
42032	0,44829053	53,299805	-111,83389	-111,87294	-0,39538145
42032	0,44829282	53,5	-112,61465	-112,68108	-0,39738715
42032	0,44829515	53,700195	-113,39542	-113,42716	-0,39972663
42032	0,44829747	53,900391	-114,17618	-114,21293	-0,40097535
42032	0,4482998	54,100586	-114,95694	-115,00931	-0,40464699
42032	0,44830209	54,300781	-115,7377	-115,82803	-0,40532947
42032	0,44830441	54,500977	-116,51846	-116,56117	-0,40778518
42032	0,44830674	54,701172	-117,29922	-117,40202	-0,40941536
42032	0,44830906	54,901367	-118,07999	-118,16154	-0,41111708
42032	0,44831136	55,101563	-118,86075	-118,94799	-0,41292608
42032	0,44831368	55,301758	-119,64151	-119,70927	-0,4149586
42032	0,44831601	55,501953	-120,42227	-120,5433	-0,41693449
42032	0,44831833	55,702148	-121,20303	-121,27665	-0,41825175
42032	0,44832063	55,902344	-121,9838	-122,03881	-0,4208982
42032	0,44832295	56,102539	-122,76456	-122,83762	-0,42259097
42032	0,44832528	56,302734	-123,54532	-123,61864	-0,42454004
42032	0,4483276	56,50293	-124,32608	-124,37431	-0,42671561
42032	0,4483299	56,703125	-125,10684	-125,16189	-0,42857826
42032	0,44833222	56,90332	-125,8876	-125,99529	-0,43013096
42032	0,44833454	57,103516	-126,66837	-126,70175	-0,43287575
42032	0,44833687	57,303711	-127,44913	-127,51487	-0,43407083
42032	0,44833916	57,503906	-128,22989	-128,29503	-0,43672919
42032	0,44834149	57,704102	-129,01065	-129,08969	-0,43845773
42032	0,44834381	57,904297	-129,79141	-129,84268	-0,44029653
42032	0,44834614	58,104492	-130,57217	-130,6777	-0,4424572
42032	0,44834843	58,304688	-131,35294	-131,44267	-0,44406354
42032	0,44835076	58,504883	-132,1337	-132,19699	-0,4461199
42032	0,44835308	58,705078	-132,91446	-132,98163	-0,44877827
42032	0,44835541	58,905273	-133,69522	-133,77306	-0,44988096
42032	0,4483577	59,105469	-134,47598	-134,52312	-0,45225024
42032	0,44836003	59,305664	-135,25674	-135,30002	-0,45403838
42032	0,44836235	59,505859	-136,03751	-136,14926	-0,45493841
42032	0,44836468	59,706055	-136,81827	-136,86478	-0,45766234
42032	0,44836697	59,90625	-137,59903	-137,66826	-0,45954287
42032	0,44836929	60,106445	-138,37979	-138,45441	-0,46109855
42032	0,44837162	60,306641	-139,16055	-139,23613	-0,46383142
42032	0,44837394	60,506836	-139,94131	-139,98325	-0,46639144
42032	0,44837624	60,707031	-140,72208	-140,76767	-0,46801865
42032	0,44837856	60,907227	-141,50284	-141,60362	-0,4693985
42032	0,44838089	61,107422	-142,2836	-142,32835	-0,4714191
42032	0,44838321	61,307617	-143,06436	-143,13147	-0,47372878
42032	0,44838551	61,507813	-143,84512	-143,90286	-0,47575533
42032	0,44838783	61,708008	-144,62589	-144,67763	-0,47756732
42032	0,44839016	61,908203	-145,40665	-145,45056	-0,47975481
42032	0,44839248	62,108398	-146,18741	-146,23466	-0,48104823
42032	0,44839478	62,308594	-146,96817	-147,03464	-0,4832387
42032	0,4483971	62,508789	-147,74893	-147,77307	-0,48512816
42032	0,44839942	62,708984	-148,52969	-148,60136	-0,48688352
42032	0,44840175	62,90918	-149,31046	-149,3542	-0,48869848
42032	0,44840404	63,109375	-150,09122	-150,13097	-0,49102008
42032	0,44840637	63,30957	-150,87198	-150,90706	-0,49292743
42032	0,44840869	63,509766	-151,65274	-151,69989	-0,49516857
42032	0,44841102	63,709961	-152,4335	-152,49269	-0,49673021
42032	0,44841331	63,910156	-153,21426	-153,22606	-0,49938262
42032	0,44841564	64,110352	-153,99503	-154,07968	-0,50065815
42032	0,44841796	64,310547	-154,77579	-154,82954	-0,50378144
42032	0,44842029	64,510742	-155,55655	-155,61723	-0,50448477
42032	0,44842258	64,710938	-156,33731	-156,38698	-0,50646961
42032	0,44842491	64,911133	-157,11807	-157,18231	-0,50894916
42032	0,44842723	65,111328	-157,89883	-157,96501	-0,51074624
42032	0,44842955	65,311523	-158,6796	-158,71265	-0,51250458
42032	0,44843185	65,511719	-159,46036	-159,54613	-0,51473081
42032	0,44843417	65,711914	-160,24112	-160,30635	-0,51681995
42032	0,4484365	65,912109	-161,02188	-161,0856	-0,5186975
42032	0,44843882	66,112305	-161,80264	-161,85025	-0,52030087
42032	0,44844112	66,3125	-162,5834	-162,67201	-0,52287877
42032	0,44844344	66,512695	-163,36417	-163,41327	-0,52404106
42032	0,44844577	66,712891	-164,14493	-164,20078	-0,52626729
42032	0,44844809	66,913086	-164,92569	-164,99951	-0,52859485
42032	0,44845039	67,113281	-165,70645	-165,72366	-0,53009093
42032	0,44845271	67,313477	-166,48721	-166,52235	-0,53186119
42032	0,44845504	67,513672	-167,26797	-167,31023	-0,53416491
42032	0,44845736	67,713867	-168,04874	-168,14572	-0,5353719
42032	0,44845966	67,914063	-168,8295	-168,83548	-0,53791404
42032	0,44846198	68,114258	-169,61026	-169,67538	-0,53963363
42032	0,4484643	68,314453	-170,39102	-170,4424	-0,54195821
42032	0,44846663	68,514648	-171,17178	-171,23529	-0,54324567
42032	0,44846892	68,714844	-171,95255	-172,00024	-0,54593384
42032	0,44847125	68,915039	-172,73331	-172,81079	-0,54819584
42032	0,44847357	69,115234	-173,51407	-173,58742	-0,54990351
42032	0,4484759	69,31543	-174,29483	-174,35156	-0,55202544
42032	0,44847819	69,515625	-175,07559	-175,15196	-0,55402219
42032	0,44848052	69,71582	-175,85635	-175,92192	-0,55544376
42032	0,44848284	69,916016	-176,63712	-176,70572	-0,55762529
42032	0,44848517	70,116211	-177,41788	-177,4561	-0,55994689
42032	0,44848746	70,316406	-178,19864	-178,2917	-0,5615592
42032	0,44848979	70,516602	-178,9794	-179,0359	-0,56364238
42032	0,44849211	70,716797	-179,76016	-179,84608	-0,56502819
42032	0,44849443	70,916992	-180,54092	-180,60625	-0,56765079
42032	0,44849673	71,117188	-181,32169	-181,42937	-0,56973994
42032	0,44849905	71,317383	-182,10245	-182,15907	-0,57146251
42032	0,44850138	71,517578	-182,88321	-182,97202	-0,57353377
42032	0,4485037	71,717773	-183,66397	-183,76984	-0,57530403
42032	0,448506	71,917969	-184,44473	-184,50854	-0,5771935
42032	0,44850832	72,118164	-185,22549	-185,29762	-0,57953
42032	0,44851065	72,318359	-186,00626	-186,09888	-0,58080256
42032	0,44851297	72,518555	-186,78702	-186,85675	-0,58278739
42032	0,44851527	72,71875	-187,56778	-187,60594	-0,58451295
42032	0,44851759	72,918945	-188,34854	-188,42546	-0,58676004
42032	0,44851992	73,119141	-189,1293	-189,18752	-0,58882236
42032	0,44852224	73,319336	-189,91006	-189,99835	-0,5910337
42032	0,44852453	73,519531	-190,69083	-190,75291	-0,59307814
42032	0,44852686	73,719727	-191,47159	-191,56624	-0,59504807
42032	0,44852918	73,919922	-192,25235	-192,29668	-0,59717894
42032	0,44853151	74,120117	-193,03311	-193,09355	-0,59940517
42032	0,4485338	74,320313	-193,81387	-193,86711	-0,60033202
42032	0,44853613	74,520508	-194,59464	-194,69333	-0,60353279
42032	0,44853845	74,720703	-195,3754	-195,4361	-0,6054312
42032	0,44854078	74,920898	-196,15616	-196,22488	-0,60742795
42032	0,44854307	75,121094	-196,93692	-197,01871	-0,60870945
42032	0,4485454	75,321289	-197,71768	-197,77588	-0,61066747
42032	0,44854772	75,521484	-198,49844	-198,54599	-0,61264932
42032	0,44855005	75,72168	-199,27921	-199,34439	-0,61469376
42032	0,44855234	75,921875	-200,05997	-200,13828	-0,61717927
42032	0,44855466	76,12207	-200,84073	-200,85977	-0,61852336
42032	0,44855699	76,322266	-201,62149	-201,72508	-0,62094927
42032	0,44855928	76,522461	-202,40225	-202,46036	-0,62312186
42032	0,44856161	76,722656	-203,18301	-203,24126	-0,62462986
42032	0,44856393	76,922852	-203,96378	-204,01572	-0,62716007
42032	0,44856626	77,123047	-204,74454	-204,83032	-0,62901676
42032	0,44856855	77,323242	-205,5253	-205,56155	-0,63088238
42032	0,44857088	77,523438	-206,30606	-206,35597	-0,63317716
42032	0,4485732	77,723633	-207,08682	-207,13652	-0,63520968
42032	0,44857553	77,923828	-207,86758	-207,91521	-0,63636601
42032	0,44857782	78,124023	-208,64835	-208,68541	-0,63959956
42032	0,44858015	78,324219	-209,42911	-209,45309	-0,64075589
42032	0,44858247	78,524414	-210,20987	-210,27837	-0,64341128
42032	0,44858479	78,724609	-210,99063	-211,00757	-0,64513087
42032	0,44858709	78,924805	-211,77139	-211,83151	-0,64758956
42032	0,44858941	79,125	-212,55215	-212,60158	-0,64921379
42032	0,44859174	79,325195	-213,33292	-213,41675	-0,65128803
42032	0,44859406	79,525391	-214,11368	-214,1422	-0,65357089
42032	0,44859636	79,725586	-214,89444	-214,99068	-0,6549865
42032	0,44859868	79,925781	-215,6752	-215,75211	-0,65744817
42032	0,44860101	80,125977	-216,45596	-216,5161	-0,66026747
42032	0,44860333	80,326172	-217,23672	-217,27969	-0,66132247
42032	0,44860563	80,526367	-218,01749	-218,09148	-0,66385567
42032	0,44860795	80,726563	-218,79825	-218,85643	-0,66632032
42032	0,44861028	80,926758	-219,57901	-219,61305	-0,66784024
42032	0,4486126	81,126953	-220,35977	-220,44331	-0,66949725
42032	0,4486149	81,327148	-221,14053	-221,17599	-0,67164898
42032	0,44861722	81,527344	-221,9213	-222,00705	-0,67358315
42032	0,44861954	81,727539	-222,70206	-222,75536	-0,67529082
42032	0,44862187	81,927734	-223,48282	-223,55441	-0,67792237
42032	0,44862416	82,12793	-224,26358	-224,29599	-0,67976713
42032	0,44862649	82,328125	-225,04434	-225,13515	-0,68277121
42032	0,44862881	82,52832	-225,8251	-225,90973	-0,68480372
42032	0,44863114	82,728516	-226,60587	-226,6786	-0,6860584
42032	0,44863343	82,928711	-227,38663	-227,45161	-0,68842173
42032	0,44863576	83,128906	-228,16739	-228,26448	-0,69009364
42032	0,44863808	83,329102	-228,94815	-229,00458	-0,69352686
42032	0,44864041	83,529297	-229,72891	-229,77725	-0,69481134
42032	0,4486427	83,729492	-230,50967	-230,58957	-0,69679618
42032	0,44864503	83,929688	-231,29044	-231,34991	-0,69944859
42032	0,44864735	84,129883	-232,0712	-232,13324	-0,70104003
42032	0,44864967	84,330078	-232,85196	-232,89049	-0,7035464
42032	0,44865197	84,530273	-233,63272	-233,75989	-0,70537329
42032	0,44865429	84,730469	-234,41348	-234,47321	-0,70769191
42032	0,44865662	84,930664	-235,19424	-235,26659	-0,71024299
42032	0,44865894	85,130859	-235,97501	-236,05176	-0,7120043
42032	0,44866124	85,331055	-236,75577	-236,8382	-0,71345866
42032	0,44866356	85,53125	-237,53653	-237,58162	-0,71588159
42032	0,44866589	85,731445	-238,31729	-238,38867	-0,7178992
42032	0,44866821	85,931641	-239,09805	-239,19989	-0,72080791
42032	0,44867051	86,131836	-239,87881	-239,94243	-0,72328448
42032	0,44867283	86,332031	-240,65958	-240,74654	-0,72512031
42032	0,44867516	86,532227	-241,44034	-241,53889	-0,7278502
42032	0,44867748	86,732422	-242,2211	-242,30374	-0,72931945
42032	0,44867977	86,932617	-243,00186	-243,0619	-0,73143244
42032	0,4486821	87,132813	-243,78262	-243,88394	-0,73337257
42032	0,44868442	87,333008	-244,56339	-244,64204	-0,73652267
42032	0,44868675	87,533203	-245,34415	-245,41782	-0,73847771
42032	0,44868904	87,733398	-246,12491	-246,1982	-0,74034631
42032	0,44869137	87,933594	-246,90567	-246,98645	-0,74256063
42032	0,44869369	88,133789	-247,68643	-247,78127	-0,74492097
42032	0,44869602	88,333984	-248,46719	-248,51003	-0,74708164
42032	0,44869831	88,53418	-249,24796	-249,35207	-0,74901283
42032	0,44870064	88,734375	-250,02872	-250,09225	-0,75138211
42032	0,44870296	88,93457	-250,80948	-250,89661	-0,75390637
42032	0,44870529	89,134766	-251,59024	-251,66212	-0,75585246
42032	0,44870758	89,334961	-252,371	-252,47099	-0,75843632
42032	0,44870991	89,535156	-253,15176	-253,19304	-0,75957477
42032	0,44871223	89,735352	-253,93253	-254,00136	-0,76246858
42032	0,44871455	89,935547	-254,71329	-254,80566	-0,76479912
42032	0,44871685	90,135742	-255,49405	-255,54146	-0,76724887
42032	0,44871917	90,335938	-256,27481	-256,33224	-0,76963902
42032	0,4487215	90,536133	-257,05557	-257,12128	-0,77184737
42032	0,44872382	90,736328	-257,83633	-257,94058	-0,77445805
42032	0,44872612	90,936523	-258,6171	-258,66138	-0,77592134
42032	0,44872844	91,136719	-259,39786	-259,48672	-0,77824891
42032	0,44873077	91,336914	-260,17862	-260,22678	-0,78101456
42032	0,44873309	91,537109	-260,95938	-261,03351	-0,78291893
42032	0,44873539	91,737305	-261,74014	-261,79114	-0,78618824
42032	0,44873771	91,9375	-262,5209	-262,6348	-0,78777075
42032	0,44874004	92,137695	-263,30167	-263,33762	-0,79030097
42032	0,44874236	92,337891	-264,08243	-264,15863	-0,79258978
42032	0,44874465	92,538086	-264,86319	-264,94119	-0,7951051
42032	0,44874698	92,738281	-265,64395	-265,73605	-0,79716742
42032	0,4487493	92,938477	-266,42471	-266,48611	-0,79998374
42032	0,44875163	93,138672	-267,20547	-267,27847	-0,80257654
42032	0,44875392	93,338867	-267,98624	-268,07062	-0,80488622
42032	0,44875625	93,539063	-268,767	-268,80515	-0,80691874
42032	0,44875857	93,739258	-269,54776	-269,60046	-0,80960393
42032	0,4487609	93,939453	-270,32852	-270,37918	-0,81248879
42032	0,44876319	94,139648	-271,10928	-271,19992	-0,81452429
42032	0,44876552	94,339844	-271,89005	-271,91235	-0,81716776
42032	0,44876784	94,540039	-272,67081	-272,74423	-0,81908405
42032	0,44877017	94,740234	-273,45157	-273,53015	-0,82148314
42032	0,44877246	94,94043	-274,23233	-274,29889	-0,82425475
42032	0,44877478	95,140625	-275,01309	-275,04684	-0,82739294
42032	0,44877711	95,34082	-275,79385	-275,86432	-0,82944632
42032	0,44877943	95,541016	-276,57462	-276,6236	-0,83163083
42032	0,44878173	95,741211	-277,35538	-277,36365	-0,8341521
42032	0,44878405	95,941406	-278,13614	-278,19476	-0,83632469
42032	0,44878638	96,141602	-278,9169	-278,95468	-0,83898902
42032	0,4487887	96,341797	-279,69766	-279,73853	-0,84253252
42032	0,448791	96,541992	-280,47842	-280,49509	-0,84438622
42032	0,44879332	96,742188	-281,25919	-281,33273	-0,84742606
42032	0,44879565	96,942383	-282,03995	-282,06204	-0,8492142
42032	0,44879797	97,142578	-282,82071	-282,89899	-0,85245669
42032	0,44880027	97,342773	-283,60147	-283,66446	-0,85517168
42032	0,44880259	97,542969	-284,38223	-284,43289	-0,85733831
42032	0,44880491	97,743164	-285,16299	-285,20081	-0,85979402
42032	0,44880724	97,943359	-285,94376	-286,00928	-0,86304247
42032	0,44880953	98,143555	-286,72452	-286,78763	-0,86586177
42032	0,44881186	98,34375	-287,50528	-287,52112	-0,86795986
42032	0,44881418	98,543945	-288,28604	-288,36646	-0,87067187
42032	0,44881651	98,744141	-289,0668	-289,14975	-0,87300241
42032	0,4488188	98,944336	-289,84756	-289,92349	-0,87610483
42032	0,44882113	99,144531	-290,62833	-290,67487	-0,87875128
42032	0,44882345	99,344727	-291,40909	-291,50146	-0,8816272
42032	0,44882578	99,544922	-292,18985	-292,24933	-0,88422894
42032	0,44882807	99,745117	-292,97061	-293,03812	-0,88731647
42032	0,4488304	99,945313	-293,75137	-293,8172	-0,89013278
42032	0,44883272	100,14551	-294,53214	-294,58243	-0,89273751
42032	0,44883505	100,3457	-295,3129	-295,34265	-0,89552701
42032	0,44883734	100,5459	-296,09366	-296,12402	-0,89805126
42032	0,44883966	100,74609	-296,87442	-296,94089	-0,90122521
42032	0,44884199	100,94629	-297,65518	-297,7088	-0,90337694
42032	0,44884431	101,14648	-298,43594	-298,51886	-0,90756416
42032	0,44884661	101,34668	-299,21671	-299,2832	-0,90978444
42032	0,44884893	101,54688	-299,99747	-300,10266	-0,9121716
42032	0,44885126	101,74707	-300,77823	-300,81149	-0,91494024
42032	0,44885358	101,94727	-301,55899	-301,65936	-0,91812313
42032	0,44885588	102,14746	-302,33975	-302,40594	-0,92134774
42032	0,4488582	102,34766	-303,12051	-303,19092	-0,9238869
42032	0,44886053	102,54785	-303,90128	-303,97461	-0,92711151
42032	0,44886285	102,74805	-304,68204	-304,76056	-0,9309411
42032	0,44886515	102,94824	-305,4628	-305,53375	-0,93335509
42032	0,44886747	103,14844	-306,24356	-306,31461	-0,93686283
42032	0,44886979	103,34863	-307,02432	-307,1091	-0,93962848
42032	0,44887209	103,54883	-307,80508	-307,88824	-0,94240308
42032	0,44887441	103,74902	-308,58585	-308,63953	-0,94562769
42032	0,44887674	103,94922	-309,36661	-309,39651	-0,94836652
42032	0,44887906	104,14941	-310,14737	-310,21106	-0,95152557
42032	0,44888136	104,34961	-310,92813	-310,91898	-0,95452368
42032	0,44888368	104,5498	-311,70889	-311,707	-0,95829666
42032	0,44888601	104,75	-312,48965	-312,50912	-0,96175969
42032	0,44888833	104,9502	-313,27042	-313,32797	-0,96438229
42032	0,44889063	105,15039	-314,05118	-314,0733	-0,96824765
42032	0,44889295	105,35059	-314,83194	-314,90936	-0,9714812
42032	0,44889528	105,55078	-315,6127	-315,65439	-0,9747684
42032	0,4488976	105,75098	-316,39346	-316,47504	-0,97881854
42032	0,44889989	105,95117	-317,17422	-317,22049	-0,98213255
42032	0,44890222	106,15137	-317,95499	-318,00095	-0,98520815
42032	0,44890454	106,35156	-318,73575	-318,80756	-0,98870993
42032	0,44890687	106,55176	-319,51651	-319,50693	-0,99211633
42032	0,44890916	106,75195	-320,29727	-320,29733	-0,99598169
42032	0,44891149	106,95215	-321,07803	-321,04559	-0,9996891
42032	0,44891381	107,15234	-321,8588	-321,85214	-1,0024577
42032	0,44891614	107,35254	-322,63956	-322,63492	-1,0065407
42032	0,44891843	107,55273	-323,42032	-323,46054	-1,0102779
42032	0,44892076	107,75293	-324,20108	-324,18945	-1,0142773
42032	0,44892308	107,95313	-324,98184	-325,02536	-1,0180414
42032	0,44892541	108,15332	-325,7626	-325,79745	-1,0213345
42032	0,4489277	108,35352	-326,54337	-326,57596	-1,0256767
42032	0,44893003	108,55371	-327,32413	-327,34683	-1,030007
42032	0,44893235	108,75391	-328,10489	-328,15845	-1,0337442
42032	0,44893467	108,9541	-328,88565	-328,90933	-1,0373503
42032	0,44893697	109,1543	-329,66641	-329,69061	-1,041469
42032	0,44893929	109,35449	-330,44717	-330,47733	-1,0451794
42032	0,44894162	109,55469	-331,22794	-331,2634	-1,0498524
42032	0,44894394	109,75488	-332,0087	-332,03781	-1,0539889
42032	0,44894624	109,95508	-332,78946	-332,8053	-1,0587096
42032	0,44894856	110,15527	-333,57022	-333,64389	-1,0621101
42032	0,44895089	110,35547	-334,35098	-334,37839	-1,0676026
42032	0,44895321	110,55566	-335,13174	-335,14993	-1,0720074
42032	0,44895551	110,75586	-335,91251	-335,93604	-1,0767311
42032	0,44895783	110,95605	-336,69327	-336,70767	-1,0815114
42032	0,44896016	111,15625	-337,47403	-337,50739	-1,0861039
42032	0,44896248	111,35645	-338,25479	-338,24609	-1,0916173
42032	0,44896477	111,55664	-339,03555	-339,1062	-1,0961235
42032	0,4489671	111,75684	-339,81631	-339,83975	-1,1015117
42032	0,44896942	111,95703	-340,59708	-340,63617	-1,1070579
42032	0,44897175	112,15723	-341,37784	-341,39331	-1,1122316
42032	0,44897404	112,35742	-342,1586	-342,19528	-1,117599
42032	0,44897637	112,55762	-342,93936	-342,94077	-1,1234373
42032	0,44897869	112,75781	-343,72012	-343,74057	-1,1297047
42032	0,44898102	112,95801	-344,50089	-344,48291	-1,1356741
42032	0,44898331	113,1582	-345,28165	-345,26392	-1,1426806
42032	0,44898564	113,3584	-346,06241	-346,06293	-1,1487603
42032	0,44898796	113,55859	-346,84317	-346,82562	-1,1564732
42032	0,44899029	113,75879	-347,62393	-347,61346	-1,1637717
42032	0,44899258	113,95898	-348,40469	-348,35504	-1,1717081
42032	0,4489949	114,15918	-349,18546	-349,1749	-1,1804789
42032	0,44899723	114,35938	-349,96622	-349,74957	-1,1900336
42032	0,44899955	114,55957	-350,74698	-350,52765	-1,2011081
42032	0,44900185	114,75977	-351,52774	-351,18414	-1,2133837
42032	0,44900417	114,95996	-352,30469	-351,79663	-1,2302309
42032	0,4490065	115,16016	0	-197,26863	-0,94711185
42032	0,44900882	115,36035	0	-65,391556	-0,61684251
42032	0,44901112	115,56055	0	-0,18040091	-0,28764307
42032	0,44901344	115,76074	0	0,076863915	0,039127469
42032	0,44901577	115,96094	0	0,042295083	0,36393404
42032	0,44901809	116,16113	0	0,078020617	0,68699419
42032	0,44902039	116,36133	0	0,030206516	1,0112137
42032	0,44902271	116,56152	0	0,055911019	1,3365507
42032	0,44902503	116,76172	0	0,01572445	1,6624808
42032	0,44902736	116,96191	0	0,051410869	1,9864827
