MTS793|MPT|DEU|1|2|,|.|:|49|1|1|A

Bediener Information						Zeit:	13,134766	s	01.09.2014 14:41:00
Datum : 	01.09.2014
Prüfer : 	Kh
Probenbezeichnung :  	BA-Losert MII E-Modul 28d v. 04.08.14 Probe 5
Bemerkungen	Kraftgeregelt 3,9 kN/s
Masse :	5365
Durchmesser :	98,7
Länge :	300,2
Bediener Information Ende

Datenerfassung						Zeit:	311,63477	s	01.09.2014 14:45:59
Datum	Laufzeit	Ch 1 Kraft Sollwert	Ch 1 Kraft	Ch 1 Weg	1944 B	1281068	2157
d	s	kN	kN	mm	mm	mm	mm
41883	13,643555	-1	-0,97761488	-0,025072694	0,42592442	-0,041352149	-0,019781582
41883	14,143555	-1	-1,0547712	-0,024983287	0,42588621	-0,041448187	-0,019884596
41883	14,643555	-1	-0,98180401	-0,024351478	0,42593774	-0,041359078	-0,019821245
41883	15,143555	-1	-0,95992351	-0,025939941	0,42588258	-0,041464917	-0,019767385
41883	15,643555	-1	-1,0647346	-0,024539232	0,42586833	-0,041457247	-0,019847861
41883	16,143555	-1	-0,99024737	-0,023844838	0,42590564	-0,041397333	-0,019846475
41883	16,643555	-1	-0,9438321	-0,025323033	0,42594358	-0,04144115	-0,019766785
41883	17,143555	-1	-1,0538641	-0,025007129	0,42589828	-0,041425638	-0,019882826
41883	17,643555	-1	-0,99897945	-0,023603439	0,42589492	-0,041305505	-0,019777277
41883	18,143555	-1	-0,96281058	-0,025331974	0,42592567	-0,041379895	-0,019721825
41883	18,643555	-1	-1,0334141	-0,02463758	0,42589015	-0,041431811	-0,019799214
41883	19,143555	-1	-1,0150187	-0,024417043	0,42596585	-0,041430842	-0,019810572
41883	19,643555	-1	-0,98197162	-0,025096536	0,42586714	-0,04140139	-0,019788627
41883	20,143555	-1	-1,0222942	-0,0251472	0,42594659	-0,041353032	-0,019841079
41883	20,643555	-1	-1,0233428	-0,024825335	0,42592204	-0,041523442	-0,019812731
41883	21,143555	-1	-0,97492337	-0,024536252	0,4259488	-0,041304395	-0,019728554
41883	21,643555	-1	-1,0055043	-0,024834275	0,42590851	-0,041448966	-0,019814955
41883	22,143555	-1	-1,0184534	-0,024351478	0,42590284	-0,041370843	-0,019756377
41883	22,643555	-1	-0,98394603	-0,02387166	0,42592555	-0,041449707	-0,019726561
41883	23,143555	-1	-0,96911752	-0,024843216	0,42598376	-0,041387685	-0,019756494
41883	23,643555	-2,7748048	-2,7589743	-0,0066578388	-0,00076089799	-0,00037221238	-0,00073201105
41883	24,143555	-4,7248049	-3,9852018	-0,014019012	-0,0012218952	-0,00066050701	-0,0011266595
41883	24,643555	-6,6748047	-6,4928422	-0,025510788	-0,0021134019	-0,0012708269	-0,001975737
41883	25,143555	-8,6248045	-8,4502811	-0,033447146	-0,0029257983	-0,0018442953	-0,0025707535
41883	25,643555	-10,574805	-10,758852	-0,043880939	-0,0038222373	-0,0025014672	-0,0034740325
41883	26,143555	-12,524805	-12,75801	-0,05107522	-0,0045698881	-0,0031527216	-0,0041194106
41883	26,643555	-14,474805	-14,692244	-0,057047606	-0,0052111894	-0,0036916211	-0,0047736145
41883	27,143555	-16,424805	-16,620642	-0,063219666	-0,0059814155	-0,0042790081	-0,0054688929
41883	27,643555	-18,374805	-18,523624	-0,068446994	-0,0065659136	-0,0048539955	-0,0062215994
41883	28,143555	-20,324804	-20,469894	-0,074574351	-0,0071981996	-0,0055507421	-0,0069508981
41883	28,643555	-22,274805	-22,437065	-0,081199408	-0,0079415143	-0,0062621664	-0,0077168336
41883	29,143555	-24,224806	-24,342224	-0,086611509	-0,0086194277	-0,0067187566	-0,0084173344
41883	29,643555	-26,174805	-26,219837	-0,090625882	-0,0092960596	-0,007372451	-0,0091339154
41883	30,143555	-28,124805	-28,134197	-0,096768141	-0,0098712891	-0,008006691	-0,0098351659
41883	30,643555	-30,074806	-30,204952	-0,10304451	-0,010692209	-0,0087653929	-0,010686398
41883	31,143555	-32,024807	-32,141201	-0,1070559	-0,01136528	-0,0093581798	-0,011477179
41883	31,643555	-33,974804	-34,085407	-0,11321008	-0,012082428	-0,010023898	-0,01222848
41883	32,143555	-35,924805	-36,051777	-0,11889935	-0,01272285	-0,010736695	-0,013014168
41883	32,643555	-37,874805	-37,849323	-0,1232177	-0,013322085	-0,011268246	-0,0136766
41883	33,143555	-39,824806	-39,833317	-0,12702644	-0,014006227	-0,012111266	-0,014520993
41883	33,643555	-41,774807	-41,941135	-0,13276935	-0,01472649	-0,012692674	-0,015420209
41883	34,143555	-43,724804	-43,785465	-0,13858974	-0,015432432	-0,013417802	-0,01614986
41883	34,643555	-45,674805	-45,751488	-0,14313161	-0,016160697	-0,01411838	-0,016968405
41883	35,143555	-47,624805	-47,654335	-0,14895499	-0,016867861	-0,014668508	-0,017655464
41883	35,643555	-49,574806	-49,597385	-0,15353858	-0,017453507	-0,015424193	-0,018424507
41883	36,143555	-51,524807	-51,498756	-0,15765429	-0,01816617	-0,016107183	-0,019238936
41883	36,643555	-53,474808	-53,606358	-0,16277432	-0,018878043	-0,016812846	-0,02012926
41883	37,143555	-55,424805	-55,573326	-0,1676321	-0,019586831	-0,017470084	-0,020981967
41883	37,643555	-57,374805	-57,377525	-0,17234087	-0,02029033	-0,018239558	-0,021648867
41883	38,143555	-59,324806	-59,457748	-0,17716289	-0,021019265	-0,01896926	-0,022559403
41883	38,643555	-61,274807	-61,408726	-0,18166006	-0,021786481	-0,019701507	-0,023334248
41883	39,143555	-63,224808	-63,221447	-0,18631816	-0,022395208	-0,020250745	-0,024046343
41883	39,643555	-65,174805	-65,207245	-0,19159019	-0,023146048	-0,021044124	-0,024866307
41883	40,143555	-67,124809	-67,302971	-0,19553006	-0,02391535	-0,021837611	-0,025842249
41883	40,643555	-69,074806	-69,110603	-0,20107627	-0,024570465	-0,022375565	-0,026566964
41883	41,143555	-71,024803	-71,1325	-0,20467639	-0,025325134	-0,023219686	-0,027392169
41883	41,643555	-72,974808	-73,122047	-0,21056235	-0,025952086	-0,023882132	-0,02823657
41883	42,143555	-74,924805	-74,972244	-0,21492839	-0,026734412	-0,024652261	-0,028989229
41883	42,643555	-76,874809	-76,871773	-0,21796227	-0,027384803	-0,025357865	-0,029791581
41883	43,143555	-78,824806	-78,918266	-0,22366345	-0,02810704	-0,025996447	-0,030623762
41883	43,643555	-80,774803	-80,8312	-0,22850037	-0,028853953	-0,0267331	-0,03145647
41883	44,143555	-82,724808	-82,760841	-0,23284554	-0,029465765	-0,027351707	-0,032349266
41883	44,643555	-84,674805	-84,793755	-0,23712516	-0,030356511	-0,028344225	-0,033183057
41883	45,143555	-86,624809	-86,707413	-0,2417624	-0,031045109	-0,02896297	-0,033996176
41883	45,643555	-88,574806	-88,623909	-0,24533272	-0,031721234	-0,029674266	-0,034768008
41883	46,143555	-90,524803	-90,604111	-0,25065541	-0,032436229	-0,030415241	-0,035620365
41883	46,643555	-92,474808	-92,588081	-0,25489032	-0,033225991	-0,031074774	-0,036473058
41883	47,143555	-94,424805	-94,475037	-0,25949776	-0,033968531	-0,031844471	-0,037279047
41883	47,643555	-96,374809	-96,435799	-0,26349425	-0,034697421	-0,032586604	-0,038078204
41883	48,143555	-98,324806	-98,428368	-0,26818514	-0,035450369	-0,033415839	-0,038928293
41883	48,643555	-100,27481	-100,34467	-0,27306378	-0,036045611	-0,034173682	-0,039739348
41883	49,143555	-102,22481	-102,24553	-0,27682781	-0,036838979	-0,034803327	-0,040517405
41883	49,643555	-104,1748	-104,26816	-0,28187335	-0,0376065	-0,035582427	-0,041394889
41883	50,143555	-106,12481	-106,17387	-0,28632581	-0,038298666	-0,036375739	-0,042287301
41883	50,643555	-108,07481	-108,13935	-0,29092729	-0,039072834	-0,037111182	-0,043127317
41883	51,143555	-110,02481	-110,17572	-0,29413402	-0,039798267	-0,037970703	-0,044023104
41883	51,643555	-111,97481	-112,05897	-0,29926896	-0,040590331	-0,038667109	-0,044817675
41883	52,143555	-113,9248	-113,96481	-0,30264854	-0,041219801	-0,039321359	-0,045619432
41883	52,643555	-115,87481	-115,96126	-0,30679405	-0,042006396	-0,040200096	-0,046475068
41883	53,143555	-117,82481	-117,90317	-0,31207204	-0,0427927	-0,04094987	-0,047278557
41883	53,643555	-119,77481	-119,81559	-0,31631887	-0,04355301	-0,041741956	-0,048095006
41883	54,143555	-121,72481	-121,81838	-0,31917691	-0,044379517	-0,042499792	-0,049004946
41883	54,643555	-123,6748	-123,79504	-0,32426119	-0,045059428	-0,043202288	-0,049810935
41883	55,143555	-125,62481	-125,67679	-0,33002198	-0,045850545	-0,044145923	-0,050601553
41883	55,643555	-127,57481	-127,6039	-0,33326745	-0,046500787	-0,044789881	-0,051460341
41883	56,143555	-129,52481	-129,63283	-0,33816993	-0,047320865	-0,045641463	-0,052332051
41883	56,643555	-131,47481	-131,51674	-0,34236312	-0,048149422	-0,046471182	-0,053213652
41883	57,143555	-133,4248	-133,44621	-0,345698	-0,048853055	-0,047227446	-0,05404152
41883	57,643555	-135,3748	-135,4971	-0,35146475	-0,049686722	-0,048008468	-0,054920517
41883	58,143555	-137,32481	-137,40987	-0,35400093	-0,050412893	-0,048783913	-0,055717766
41883	58,643555	-139,27481	-139,30742	-0,35851002	-0,051134124	-0,049662955	-0,056587923
41883	59,143555	-141,22481	-141,32484	-0,3638953	-0,051935919	-0,050439149	-0,057512481
41883	59,643555	-140,84219	-141,03575	-0,36241412	-0,052020535	-0,050405025	-0,057534169
41883	60,143555	-138,89218	-138,98242	-0,36042631	-0,051489122	-0,049922012	-0,056995593
41883	60,643555	-136,94218	-137,04605	-0,35598278	-0,050941415	-0,049358256	-0,05642492
41883	61,143555	-134,99219	-135,05045	-0,35283267	-0,05043409	-0,048779737	-0,055752486
41883	61,643555	-133,04219	-132,99324	-0,3493309	-0,049813524	-0,048108101	-0,05507905
41883	62,143555	-131,09219	-131,11674	-0,34638643	-0,04927326	-0,047428787	-0,054460954
41883	62,643555	-129,14218	-129,21794	-0,34400225	-0,048724927	-0,04691007	-0,053881172
41883	63,143555	-127,19218	-127,13171	-0,33976734	-0,048024625	-0,046256751	-0,05316956
41883	63,643555	-125,24219	-125,17953	-0,33552647	-0,047582313	-0,045601238	-0,052502856
41883	64,143555	-123,29219	-123,25847	-0,33178329	-0,046863422	-0,044951275	-0,051878065
41883	64,643555	-121,34219	-121,24829	-0,32920241	-0,046283595	-0,044304103	-0,05115423
41883	65,143555	-119,39219	-119,28632	-0,32410324	-0,045648113	-0,043584295	-0,050520692
41883	65,643555	-117,44218	-117,47225	-0,32152832	-0,04499656	-0,042930417	-0,049851406
41883	66,143555	-115,49219	-115,45938	-0,3175348	-0,044387713	-0,042462494	-0,049183
41883	66,643555	-113,54219	-113,48469	-0,31486452	-0,043816254	-0,041780576	-0,048511006
41883	67,143555	-111,59219	-111,58953	-0,31085312	-0,043220766	-0,041052263	-0,047845658
41883	67,643555	-109,64219	-109,65399	-0,30719042	-0,042668097	-0,04049439	-0,047136988
41883	68,143555	-107,69218	-107,62353	-0,30300915	-0,041944861	-0,039771318	-0,046423361
41883	68,643555	-105,74219	-105,72627	-0,29989779	-0,041298971	-0,039234195	-0,045706693
41883	69,143555	-103,79218	-103,74698	-0,29467642	-0,040745959	-0,038608443	-0,04504355
41883	69,643555	-101,84219	-101,77288	-0,29176772	-0,040059865	-0,037819423	-0,044278655
41883	70,143555	-99,892189	-99,866615	-0,28831959	-0,039430439	-0,037287861	-0,04364074
41883	70,643555	-97,942184	-97,936256	-0,28425455	-0,038821794	-0,036700331	-0,042926516
41883	71,143555	-95,992188	-95,941109	-0,28014779	-0,038148828	-0,035953637	-0,042204753
41883	71,643555	-94,042183	-93,983177	-0,2766192	-0,037533924	-0,035186313	-0,041427143
41883	72,143555	-92,092186	-92,101952	-0,27193427	-0,036850266	-0,034663618	-0,040772192
41883	72,643555	-90,142189	-90,124168	-0,26850402	-0,036206529	-0,03402428	-0,040039409
41883	73,143555	-88,192184	-88,163712	-0,26476979	-0,035672031	-0,033348989	-0,03932602
41883	73,643555	-86,242188	-86,233208	-0,26109517	-0,03499794	-0,032558743	-0,038592551
41883	74,143555	-84,292183	-84,293144	-0,25684536	-0,034380242	-0,032027129	-0,037922677
41883	74,643555	-82,342186	-82,305496	-0,25230348	-0,033662319	-0,031344678	-0,037163377
41883	75,143555	-80,392189	-80,402695	-0,24957955	-0,033093855	-0,030697603	-0,036390059
41883	75,643555	-78,442184	-78,445168	-0,24470687	-0,032400854	-0,029896796	-0,035680942
41883	76,143555	-76,492188	-76,40596	-0,240767	-0,031736411	-0,029178314	-0,034878276
41883	76,643555	-74,542183	-74,520172	-0,23667812	-0,031031638	-0,028625999	-0,034119718
41883	77,143555	-72,592186	-72,553162	-0,23253858	-0,03038501	-0,027954523	-0,033347588
41883	77,643555	-70,642189	-70,564667	-0,22816062	-0,029649295	-0,027336285	-0,032529555
41883	78,143555	-68,692184	-68,610916	-0,22441149	-0,029041015	-0,026583258	-0,031699896
41883	78,643555	-66,742188	-66,716682	-0,21912754	-0,028428964	-0,025938231	-0,031003369
41883	79,143555	-64,792183	-64,690063	-0,2153784	-0,027705073	-0,025258414	-0,030157188
41883	79,643555	-62,842186	-62,752678	-0,21034181	-0,027131766	-0,024642702	-0,029405629
41883	80,143555	-60,892185	-60,866741	-0,20616353	-0,026376382	-0,023944188	-0,028661018
41883	80,643555	-58,942184	-58,869591	-0,20167828	-0,025645852	-0,023330946	-0,027852649
41883	81,143555	-56,992184	-56,923588	-0,19626617	-0,024947286	-0,022617586	-0,027097724
41883	81,643555	-55,042187	-55,026405	-0,1926899	-0,024293333	-0,021999169	-0,026281936
41883	82,143555	-53,092186	-53,047916	-0,18690825	-0,023618042	-0,021341939	-0,025493948
41883	82,643555	-51,142185	-51,07135	-0,18220842	-0,022860199	-0,020601638	-0,024669556
41883	83,143555	-49,192184	-49,203644	-0,17831028	-0,022253692	-0,020044934	-0,023918506
41883	83,643555	-47,242184	-47,232811	-0,17380416	-0,021517977	-0,019286353	-0,02311323
41883	84,143555	-45,292187	-45,236046	-0,16817451	-0,020794645	-0,01863943	-0,022249471
41883	84,643555	-43,342186	-43,320347	-0,16372502	-0,020063534	-0,017946705	-0,021420946
41883	85,143555	-41,392185	-41,378384	-0,15804768	-0,019356564	-0,017191093	-0,020532895
41883	85,643555	-39,442184	-39,34346	-0,15396774	-0,018677175	-0,016538098	-0,019700425
41883	86,143555	-37,492184	-37,430878	-0,14875233	-0,017880872	-0,015808124	-0,018873751
41883	86,643555	-35,542187	-35,509678	-0,14342368	-0,017212123	-0,015307569	-0,018046588
41883	87,143555	-33,592186	-33,485569	-0,13804734	-0,016494781	-0,014516263	-0,017230865
41883	87,643555	-31,642185	-31,592279	-0,13141036	-0,015737146	-0,013851355	-0,016430683
41883	88,143555	-29,692184	-29,705936	-0,12682378	-0,01501745	-0,013203898	-0,015616526
41883	88,643555	-27,742186	-27,64933	-0,1216501	-0,014162198	-0,012441388	-0,014729126
41883	89,143555	-25,792185	-25,694603	-0,11672974	-0,013462052	-0,011748645	-0,013903504
41883	89,643555	-23,842184	-23,843487	-0,11086166	-0,012787864	-0,011223617	-0,013115131
41883	90,143555	-21,892185	-21,827368	-0,10401905	-0,011885136	-0,01037971	-0,012213278
41883	90,643555	-19,942184	-19,902452	-0,09945035	-0,011152729	-0,0097464276	-0,011372628
41883	91,143555	-17,992184	-18,000015	-0,092092156	-0,010419548	-0,0090210233	-0,010545403
41883	91,643555	-16,042185	-16,036825	-0,087013841	-0,009621799	-0,008455772	-0,0096959388
41883	92,143555	-14,092184	-14,03867	-0,079810619	-0,0089078695	-0,0075866813	-0,0088027753
41883	92,643555	-12,142184	-12,10199	-0,073260069	-0,0080726147	-0,0069105504	-0,0079596825
41883	93,143555	-10,192184	-10,166523	-0,066825747	-0,0072888881	-0,0062062331	-0,0070627183
41883	93,643555	-8,2421846	-8,1321993	-0,057724118	-0,0064186007	-0,0054062195	-0,0061591137
41883	94,143555	-6,2921844	-6,2313957	-0,049030781	-0,0055893958	-0,0048232833	-0,0053698244
41883	94,643555	-4,3421841	-4,3291264	-0,04041791	-0,0047153831	-0,0041575078	-0,0045593004
41883	95,143555	-5,4428205	-5,1683521	-0,041815639	-0,0049214214	-0,0041862875	-0,004792931
41883	95,643555	-7,3928204	-7,2183218	-0,050315261	-0,0057199746	-0,0048984708	-0,0054965643
41883	96,143555	-9,3428202	-9,2974005	-0,058063865	-0,0064891428	-0,005509533	-0,0061824988
41883	96,643555	-11,292821	-11,237244	-0,06570816	-0,0071318895	-0,0060855383	-0,0068802685
41883	97,143555	-13,242821	-13,210609	-0,07032156	-0,0078182369	-0,0067489222	-0,0076531423
41883	97,643555	-15,192821	-15,251285	-0,077459216	-0,0085612833	-0,0074318126	-0,0084105358
41883	98,143555	-17,14282	-17,189035	-0,084835291	-0,0091856569	-0,00811096	-0,0091387611
41883	98,643555	-19,092821	-19,084787	-0,089845061	-0,009890154	-0,0086469501	-0,009847654
41883	99,143555	-21,04282	-21,081873	-0,094267726	-0,010539189	-0,0093238158	-0,010557673
41883	99,643555	-22,992821	-22,998735	-0,10001063	-0,011139363	-0,010035572	-0,011292591
41883	100,14355	-24,942822	-24,952278	-0,10584593	-0,011853799	-0,010598767	-0,01201402
41883	100,64355	-26,89282	-26,944372	-0,11029541	-0,012548432	-0,011360199	-0,012826727
41883	101,14355	-28,842821	-28,902643	-0,11702776	-0,013253808	-0,011890736	-0,013649324
41883	101,64355	-30,792822	-30,82749	-0,12214184	-0,013898239	-0,012544355	-0,014402419
41883	102,14355	-32,742821	-32,771786	-0,12558103	-0,014545932	-0,013252403	-0,015156205
41883	102,64355	-34,692822	-34,750088	-0,1314044	-0,015238434	-0,013872077	-0,015830578
41883	103,14355	-36,642822	-36,650097	-0,13678074	-0,015941367	-0,014591719	-0,016612938
41883	103,64355	-38,592823	-38,606205	-0,14162362	-0,01663141	-0,015321371	-0,017351281
41883	104,14355	-40,54282	-40,603954	-0,14637411	-0,0173399	-0,015950076	-0,01818515
41883	104,64355	-42,492821	-42,536354	-0,15221834	-0,017984584	-0,016686954	-0,018941313
41883	105,14355	-44,442822	-44,479961	-0,15527606	-0,018624336	-0,017358512	-0,019757975
41883	105,64355	-46,392822	-46,51894	-0,16103089	-0,019406214	-0,018012397	-0,020552218
41883	106,14355	-48,342823	-48,408703	-0,16444921	-0,019997612	-0,018678989	-0,021265604
41883	106,64355	-50,29282	-50,29929	-0,16996562	-0,020665973	-0,019337349	-0,021984434
41883	107,14355	-52,242821	-52,300743	-0,17434657	-0,021370947	-0,020044785	-0,02280844
41883	107,64355	-54,192822	-54,267494	-0,17877221	-0,022000045	-0,020668775	-0,023563141
41883	108,14355	-56,142822	-56,160843	-0,18363893	-0,022698432	-0,021326423	-0,024366273
41883	108,64355	-58,092823	-58,135651	-0,18824637	-0,023418784	-0,021993931	-0,025144335
41883	109,14355	-60,04282	-60,12233	-0,19249618	-0,024093762	-0,022670601	-0,026010737
41883	109,64355	-61,992821	-62,113235	-0,19881725	-0,024808303	-0,023400065	-0,026806625
41883	110,14355	-63,942822	-63,975311	-0,20186603	-0,025459155	-0,024059922	-0,027486509
41883	110,64355	-65,892822	-65,999763	-0,20624995	-0,026209891	-0,024720181	-0,028301572
41883	111,14355	-67,842819	-67,92041	-0,21123886	-0,026865944	-0,025440827	-0,029010193
41883	111,64355	-69,792824	-69,842697	-0,21521151	-0,027525708	-0,026097462	-0,029844489
41883	112,14355	-71,742821	-71,835732	-0,21986961	-0,028231934	-0,026807237	-0,03057863
41883	112,64355	-73,692825	-73,824554	-0,22340119	-0,028887421	-0,02749281	-0,031401861
41883	113,14355	-75,642822	-75,686035	-0,22754371	-0,029633433	-0,028117955	-0,032185104
41883	113,64355	-77,592819	-77,653412	-0,23242831	-0,030259654	-0,028790627	-0,032910958
41883	114,14355	-79,542824	-79,665382	-0,2371341	-0,030866288	-0,02948343	-0,033700481
41883	114,64355	-81,492821	-81,487061	-0,24163127	-0,031619526	-0,030232862	-0,034458116
41883	115,14355	-83,442825	-83,466286	-0,24598539	-0,032323301	-0,030907858	-0,035284616
41883	115,64355	-85,392822	-85,47435	-0,25030673	-0,032985955	-0,03158645	-0,036047392
41883	116,14355	-87,342819	-87,451225	-0,25458932	-0,033655711	-0,032281764	-0,036846731
41883	116,64355	-89,292824	-89,337997	-0,25784373	-0,034293734	-0,032980084	-0,037584208
41883	117,14355	-91,242821	-91,362587	-0,26289225	-0,034941696	-0,033678804	-0,038314555
41883	117,64355	-93,192825	-93,250603	-0,267151	-0,035600275	-0,034367137	-0,039086074
41883	118,14355	-95,142822	-95,168472	-0,27073622	-0,036263153	-0,034983598	-0,039820556
41883	118,64355	-97,092819	-97,20446	-0,27433634	-0,037037782	-0,035789952	-0,04061671
41883	119,14355	-99,042824	-99,116493	-0,27942955	-0,037775613	-0,036461391	-0,041434851
41883	119,64355	-100,99282	-101,04982	-0,28306842	-0,038345024	-0,037146378	-0,042219862
41883	120,14355	-102,94283	-103,06446	-0,28749406	-0,039049901	-0,037841477	-0,043001458
41883	120,64355	-104,89282	-104,96281	-0,2918005	-0,039658539	-0,038506854	-0,043683089
41883	121,14355	-106,84282	-106,90034	-0,29648244	-0,04038085	-0,039255533	-0,04453573
41883	121,64355	-108,79282	-108,85374	-0,29974282	-0,041065499	-0,039961867	-0,045262732
41883	122,14355	-110,74282	-110,88062	-0,30401945	-0,041733436	-0,040607899	-0,04601657
41883	122,64355	-112,69283	-112,77988	-0,30770302	-0,042399138	-0,041379597	-0,046873096
41883	123,14355	-114,64282	-114,70654	-0,31250715	-0,043079324	-0,041982777	-0,047648195
41883	123,64355	-116,59283	-116,73748	-0,31587481	-0,043811738	-0,042780228	-0,048333466
41883	124,14355	-118,54282	-118,57256	-0,32066703	-0,044419825	-0,043443371	-0,049007129
41883	124,64355	-120,49282	-120,52386	-0,32413006	-0,045094013	-0,044166289	-0,049822927
41883	125,14355	-122,44283	-122,53133	-0,32747686	-0,045833059	-0,044821728	-0,050610013
41883	125,64355	-124,39282	-124,43954	-0,33214986	-0,046507746	-0,045504194	-0,05133839
41883	126,14355	-126,34283	-126,38496	-0,33580363	-0,047135361	-0,046326168	-0,052194353
41883	126,64355	-128,29282	-128,4236	-0,34040809	-0,047931366	-0,046977621	-0,05297463
41883	127,14355	-130,24283	-130,32494	-0,34485161	-0,048540898	-0,047815178	-0,053701494
41883	127,64355	-132,19283	-132,21182	-0,34761429	-0,049190111	-0,048427034	-0,054381497
41883	128,14355	-134,14282	-134,24068	-0,35244226	-0,049918354	-0,049119394	-0,055170175
41883	128,64355	-136,09282	-136,17906	-0,35618842	-0,050597109	-0,049932498	-0,055911206
41883	129,14355	-138,04282	-138,08604	-0,35932362	-0,051301837	-0,050560575	-0,05672792
41883	129,64355	-139,99283	-140,09023	-0,36378801	-0,051999673	-0,051388171	-0,057495486
41883	130,14355	-140,07451	-140,30447	-0,3647089	-0,052204594	-0,051568285	-0,05778867
41883	130,64355	-138,12451	-138,21034	-0,36178827	-0,051647797	-0,050912756	-0,057130322
41883	131,14355	-136,17451	-136,19655	-0,3577739	-0,050962716	-0,050301071	-0,056394648
41883	131,64355	-134,22452	-134,25433	-0,35463572	-0,050439239	-0,04966319	-0,055778913
41883	132,14355	-132,27451	-132,2438	-0,35177171	-0,04986877	-0,049040984	-0,05511222
41883	132,64355	-130,32451	-130,27936	-0,34761131	-0,049252056	-0,048424106	-0,054496214
41883	133,14355	-128,37451	-128,42302	-0,34434199	-0,048647732	-0,04776682	-0,05387152
41883	133,64355	-126,42451	-126,39008	-0,34091175	-0,048003696	-0,047198933	-0,053215805
41883	134,14355	-124,47451	-124,40187	-0,33668578	-0,047416486	-0,046526153	-0,052531872
41883	134,64355	-122,52451	-122,52156	-0,33401251	-0,046892866	-0,045780249	-0,051859129
41883	135,14355	-120,57451	-120,54517	-0,33006966	-0,046181247	-0,045244858	-0,051136479
41883	135,64355	-118,62451	-118,54102	-0,32639503	-0,045621455	-0,044493426	-0,050405484
41883	136,14355	-116,67451	-116,6187	-0,32264888	-0,045064986	-0,044050541	-0,049777441
41883	136,64355	-114,72451	-114,72448	-0,31915307	-0,044414468	-0,043346144	-0,049126394
41883	137,14355	-112,77451	-112,70685	-0,31566918	-0,043845072	-0,042616449	-0,048465952
41883	137,64355	-110,82451	-110,77988	-0,31220317	-0,043218024	-0,042063948	-0,047717221
41883	138,14355	-108,87451	-108,8454	-0,30847788	-0,042608589	-0,041310146	-0,047059443
41883	138,64355	-106,92451	-106,86542	-0,30427277	-0,041974023	-0,040601965	-0,046381373
41883	139,14355	-104,97451	-104,95561	-0,30064881	-0,041321464	-0,040020965	-0,045690697
41883	139,64355	-103,02451	-103,06343	-0,29692948	-0,040680073	-0,039362364	-0,044955105
41883	140,14355	-101,07451	-101,02159	-0,29322505	-0,040061943	-0,038804509	-0,044235442
41883	140,64355	-99,124512	-99,023849	-0,28960705	-0,039404549	-0,038106333	-0,043586012
41883	141,14355	-97,174507	-97,175064	-0,28500557	-0,038789459	-0,037458356	-0,04285451
41883	141,64355	-95,22451	-95,210716	-0,28218925	-0,038214728	-0,03677205	-0,042204209
41883	142,14355	-93,274513	-93,115585	-0,27724504	-0,037492782	-0,03601484	-0,041286021
41883	142,64355	-91,324509	-91,272095	-0,273785	-0,036884882	-0,035464808	-0,040620841
41883	143,14355	-89,374512	-89,39016	-0,27033389	-0,036199987	-0,034740966	-0,039973393
41883	143,64355	-87,424507	-87,385162	-0,26631355	-0,03553012	-0,034082051	-0,03922192
41883	144,14355	-85,47451	-85,429626	-0,26062131	-0,034929074	-0,033357136	-0,038434446
41883	144,64355	-83,524513	-83,50219	-0,25635064	-0,034328885	-0,032725606	-0,037708435
41883	145,14355	-81,574509	-81,495636	-0,25373697	-0,033669993	-0,032066878	-0,03695539
41883	145,64355	-79,624512	-79,582024	-0,24882257	-0,033022113	-0,031459983	-0,036236502
41883	146,14355	-77,674507	-77,695221	-0,24579167	-0,032297224	-0,030702282	-0,035544053
41883	146,64355	-75,72451	-75,680382	-0,24062395	-0,031658053	-0,030083071	-0,034755077
41883	147,14355	-73,774513	-73,68618	-0,2363503	-0,030989364	-0,029323865	-0,033885576
41883	147,64355	-71,824509	-71,800072	-0,23246706	-0,030362815	-0,028742347	-0,033191588
41883	148,14355	-69,874512	-69,805939	-0,2284646	-0,029705845	-0,02812301	-0,032409463
41883	148,64355	-67,924507	-67,857475	-0,2240479	-0,028954819	-0,027413867	-0,031676177
41883	149,14355	-65,97451	-65,987	-0,22024214	-0,028420486	-0,02673525	-0,030875405
41883	149,64355	-64,024513	-63,97456	-0,21713078	-0,027689621	-0,026063208	-0,030003335
41883	150,14355	-62,074509	-62,002689	-0,21157563	-0,026974395	-0,025461137	-0,029175537
41883	150,64355	-60,124508	-60,1283	-0,2065897	-0,026326403	-0,024761677	-0,028510451
41883	151,14355	-58,174511	-58,131588	-0,20349622	-0,0255972	-0,024051923	-0,027702602
41883	151,64355	-56,22451	-56,191185	-0,19714236	-0,024943814	-0,023347385	-0,026913906
41883	152,14355	-54,274509	-54,288879	-0,19301474	-0,024220109	-0,022708476	-0,026064867
41883	152,64355	-52,324509	-52,299049	-0,18844306	-0,023501649	-0,022094559	-0,025285754
41883	153,14355	-50,374508	-50,2659	-0,1840502	-0,022812113	-0,021302983	-0,024415184
41883	153,64355	-48,424511	-48,385746	-0,17770231	-0,022132292	-0,020667844	-0,023652414
41883	154,14355	-46,47451	-46,451878	-0,1744628	-0,021488383	-0,019979097	-0,022793973
41883	154,64355	-44,524509	-44,435879	-0,16901791	-0,020638928	-0,019204173	-0,021942515
41883	155,14355	-42,574509	-42,554447	-0,16439855	-0,020001054	-0,018604212	-0,021110861
41883	155,64355	-40,624508	-40,621281	-0,15998185	-0,019250378	-0,017903432	-0,020343278
41883	156,14355	-38,674511	-38,624554	-0,15288591	-0,018524706	-0,017176025	-0,019539196
41883	156,64355	-36,72451	-36,643463	-0,14867783	-0,017725959	-0,016502403	-0,018653343
41883	157,14355	-34,774509	-34,721851	-0,1429975	-0,017087042	-0,015875909	-0,0178311
41883	157,64355	-32,824509	-32,759655	-0,13816059	-0,016307831	-0,015175198	-0,016988643
41883	158,14355	-30,87451	-30,805468	-0,13259351	-0,015632749	-0,014414736	-0,016159706
41883	158,64355	-28,924509	-28,927742	-0,12675524	-0,01490435	-0,01371757	-0,015279104
41883	159,14355	-26,974508	-26,959743	-0,12279749	-0,014163241	-0,013056084	-0,014469128
41883	159,64355	-25,024509	-24,998161	-0,11608601	-0,013412327	-0,012432599	-0,013667735
41883	160,14355	-23,074509	-23,076944	-0,10966063	-0,012649879	-0,011635317	-0,012718053
41883	160,64355	-21,124508	-21,108105	-0,10543764	-0,011892736	-0,010925109	-0,011914619
41883	161,14355	-19,174509	-19,119009	-0,098952651	-0,011185274	-0,010235663	-0,011064507
41883	161,64355	-17,224508	-17,209652	-0,092038512	-0,010432929	-0,0094211483	-0,010220975
41883	162,14355	-15,274508	-15,232158	-0,085869431	-0,0096233338	-0,0088292453	-0,0093103563
41883	162,64355	-13,324509	-13,289258	-0,079971552	-0,0089071244	-0,0079942644	-0,0085265916
41883	163,14355	-11,374509	-11,364434	-0,072416663	-0,008066982	-0,0072888546	-0,0077034058
41883	163,64355	-9,4245081	-9,4445744	-0,065845251	-0,0072704405	-0,0065824222	-0,0068478314
41883	164,14355	-7,4745083	-7,4410224	-0,056475401	-0,006474629	-0,0057181101	-0,0059706531
41883	164,64355	-5,5245085	-5,4921603	-0,048387051	-0,005560115	-0,0049599968	-0,0051710163
41883	165,14355	-3,927	-3,8375762	-0,037685037	-0,0047637373	-0,0044697337	-0,0044758194
41883	165,64355	-3,927	-3,8324854	-0,038540363	-0,0046743304	-0,0043399837	-0,0044074263
41883	166,14355	-3,927	-3,9130523	-0,038325787	-0,0046971738	-0,0043646982	-0,0044010072
41883	166,64355	-3,927	-4,0032582	-0,03823638	-0,0047189295	-0,0043210443	-0,0044041839
41883	167,14355	-3,927	-3,9837043	-0,038248301	-0,0047386885	-0,0043512965	-0,0043699173
41883	167,64355	-3,927	-3,8899388	-0,037416816	-0,0045797527	-0,0042953566	-0,0042498149
41883	168,14355	-3,927	-3,8815997	-0,036734343	-0,0045228004	-0,0042567663	-0,0043313205
41883	168,64355	-3,927	-3,843097	-0,037363172	-0,0044917166	-0,0042617079	-0,0042400192
41883	169,14355	-3,927	-3,8638544	-0,03810823	-0,0044502169	-0,0041033663	-0,0042683054
41883	169,64355	-3,927	-3,9379225	-0,037175417	-0,0045276284	-0,0042509893	-0,0042623691
41883	170,14355	-3,927	-3,9365981	-0,037297606	-0,0045151114	-0,0042077508	-0,0041938219
41883	170,64355	-3,927	-3,8972702	-0,037530065	-0,004445374	-0,0039550578	-0,0042010495
41883	171,14355	-3,927	-3,9351544	-0,038164854	-0,0044467896	-0,0041506495	-0,0042247567
41883	171,64355	-3,927	-3,9687605	-0,037652254	-0,0044772178	-0,0041261734	-0,0042136014
41883	172,14355	-3,927	-3,9353576	-0,036635995	-0,004442811	-0,0040821871	-0,0042150822
41883	172,64355	-3,927	-3,9544888	-0,036904216	-0,0044453293	-0,0040546982	-0,0041689863
41883	173,14355	-3,927	-4,0040894	-0,037494302	-0,0044803023	-0,0040408885	-0,0041527008
41883	173,64355	-3,927	-3,9173291	-0,036725402	-0,0043643713	-0,0041269073	-0,0041257045
41883	174,14355	-3,927	-3,9101951	-0,036948919	-0,0044142604	-0,00408429	-0,0041049863
41883	174,64355	-3,927	-3,9802473	-0,038257241	-0,0044054389	-0,0040832274	-0,0041137231
41883	175,14355	-3,927	-3,9323847	-0,037136674	-0,0043488443	-0,0040768767	-0,004083904
41883	175,64355	-3,927	-3,8862879	-0,0364393	-0,0043812543	-0,0040556751	-0,0039885277
41883	176,14355	-3,927	-3,9652381	-0,037267804	-0,0043316931	-0,0040578395	-0,0040332051
41883	176,64355	-3,927	-3,9618387	-0,036200881	-0,0043648928	-0,003964128	-0,0040127924
41883	177,14355	-3,927	-3,9416625	-0,037935376	-0,0043467432	-0,0040673902	-0,0040744995
41883	177,64355	-3,927	-3,9957221	-0,037679076	-0,004437238	-0,0040443027	-0,0040573063
41883	178,14355	-3,927	-3,9776862	-0,037023425	-0,0044229925	-0,0041010771	-0,0040255394
41883	178,64355	-3,927	-3,9052832	-0,03798306	-0,0043626726	-0,0040498329	-0,0039828443
41883	179,14355	-3,927	-3,9193983	-0,037300587	-0,004368633	-0,003958934	-0,0039407243
41883	179,64355	-3,927	-3,9527044	-0,0372082	-0,0043400079	-0,0040082531	-0,0039229929
41883	180,14355	-3,927	-3,8981271	-0,037238002	-0,0043160915	-0,0039515942	-0,0039335275
41883	180,64355	-3,927	-3,9275625	-0,036758184	-0,0043195784	-0,0038954969	-0,0039683254
41883	181,14355	-3,927	-4,0130467	-0,036016107	-0,0043536723	-0,0040909983	-0,003978218
41883	181,64355	-3,927	-3,9413404	-0,037181377	-0,0042714924	-0,0040177293	-0,0039048283
41883	182,14355	-3,927	-3,9080045	-0,03708899	-0,0043146908	-0,0039958172	-0,0038888445
41883	182,64355	-3,927	-3,9693377	-0,035983324	-0,0043241233	-0,0038942574	-0,003894222
41883	183,14355	-3,927	-3,9278009	-0,036141276	-0,0042837858	-0,0039388686	-0,0038619647
41883	183,64355	-3,927	-3,9275885	-0,036260486	-0,0042947978	-0,0039657839	-0,0039162724
41883	184,14355	-3,927	-3,9916747	-0,036817789	-0,0043748319	-0,003919919	-0,0038609193
41883	184,64355	-3,927	-3,9447565	-0,036430359	-0,0042959154	-0,003857594	-0,0038761939
41883	185,14355	-3,927	-3,9057472	-0,036308169	-0,0043442845	-0,0038335975	-0,0038253488
41883	185,64355	-3,927	-3,9427931	-0,036412477	-0,0043053478	-0,0038541872	-0,0038164766
41883	186,14355	-3,927	-3,9645658	-0,036120415	-0,0043149441	-0,0037697246	-0,0038420954
41883	186,64355	-3,927	-3,9366875	-0,036758184	-0,0042733997	-0,0039099026	-0,0038613523
41883	187,14355	-3,927	-3,9457958	-0,037619472	-0,0042512417	-0,0038906764	-0,0039012926
41883	187,64355	-3,927	-3,9677043	-0,036609173	-0,0042413622	-0,0037894938	-0,0038196952
41883	188,14355	-3,927	-3,8901215	-0,036746264	-0,0041889995	-0,0038963547	-0,0037691593
41883	188,64355	-3,927	-3,9235353	-0,036525726	-0,0042710751	-0,0037835203	-0,0038209846
41883	189,14355	-3,927	-3,999289	-0,036108494	-0,0042486638	-0,0039156927	-0,0039222552
41883	189,64355	-3,927	-3,9273071	-0,036942959	-0,0042627007	-0,0038916022	-0,0038181609
41883	190,14355	-3,927	-3,8980823	-0,037112832	-0,0042390972	-0,0038073938	-0,0037949374
41883	190,64355	-3,927	-3,9671605	-0,036853552	-0,004277125	-0,0038371803	-0,003768187
41883	191,14355	-3,927	-3,9351954	-0,037297606	-0,0042281002	-0,0037732301	-0,0037675574
41883	191,64355	-3,927	-3,9238167	-0,03759563	-0,0042304248	-0,0039520022	-0,0037936782
41883	192,14355	-3,927	-3,9565377	-0,036913157	-0,0042748749	-0,0038914923	-0,0037741247
41883	192,64355	-3,927	-3,9397926	-0,036606193	-0,0042480677	-0,0038213162	-0,0037823189
41883	193,14355	-3,927	-3,878787	-0,036972761	-0,0042342097	-0,0037929956	-0,0036999611
41883	193,64355	-3,927	-3,962446	-0,03721714	-0,0042699873	-0,0037350906	-0,0037952503
41883	194,14355	-3,927	-3,9646254	-0,037017465	-0,0042300075	-0,0037864586	-0,0037288424
41883	194,64355	-3,927	-3,8889275	-0,036475062	-0,004218325	-0,0037963903	-0,0037130392
41883	195,14355	-4,2507305	-4,0816684	-0,036969781	-0,0042828023	-0,0037981598	-0,0037553078
41883	195,64355	-6,2007308	-5,469408	-0,042337179	-0,0048238635	-0,0042365668	-0,0042878003
41883	196,14355	-8,1507311	-8,2856045	-0,053673983	-0,0058749616	-0,0050954428	-0,0052510849
41883	196,64355	-10,100731	-10,233948	-0,060474873	-0,0066087395	-0,0057011489	-0,0058897408
41883	197,14355	-12,050731	-12,198369	-0,067913532	-0,0073564351	-0,0063658897	-0,0066577131
41883	197,64355	-14,000731	-14,124192	-0,074496865	-0,0079159886	-0,0069650644	-0,0073386319
41883	198,14355	-15,950731	-16,058405	-0,080692768	-0,0087199658	-0,007649038	-0,008090348
41883	198,64355	-17,90073	-18,065823	-0,085553527	-0,0093736798	-0,0083361119	-0,0089503312
41883	199,14355	-19,850731	-19,985231	-0,09149909	-0,010049254	-0,0089936377	-0,00961971
41883	199,64355	-21,800732	-21,852171	-0,097990036	-0,010730535	-0,009689006	-0,010294732
41883	200,14355	-23,750731	-23,857071	-0,10167956	-0,011392742	-0,010278543	-0,011132442
41883	200,64355	-25,700731	-25,788025	-0,10744333	-0,012121364	-0,010931657	-0,011907842
41883	201,14355	-27,650732	-27,669573	-0,112468	-0,012800545	-0,011529134	-0,012611985
41883	201,64355	-29,600731	-29,682766	-0,1185298	-0,013487846	-0,012336147	-0,013449422
41883	202,14355	-31,550732	-31,643345	-0,12339354	-0,014138386	-0,01302115	-0,014199609
41883	202,64355	-33,500732	-33,507992	-0,12892187	-0,014800578	-0,013710064	-0,014955045
41883	203,14355	-35,450733	-35,519936	-0,13367236	-0,015501559	-0,014349538	-0,015779061
41883	203,64355	-37,40073	-37,500423	-0,13855994	-0,016234353	-0,015068811	-0,01657157
41883	204,14355	-39,350731	-39,419205	-0,14397204	-0,016927391	-0,015728354	-0,017315991
41883	204,64355	-41,300732	-41,322468	-0,14823973	-0,017623186	-0,016411945	-0,018093491
41883	205,14355	-43,250732	-43,351906	-0,15245974	-0,018249527	-0,017030567	-0,019020891
41883	205,64355	-45,200733	-45,26619	-0,15861094	-0,018964663	-0,017829511	-0,019713229
41883	206,14355	-47,15073	-47,171913	-0,16255677	-0,019605756	-0,01847196	-0,020436514
41883	206,64355	-49,100731	-49,154404	-0,16732812	-0,020276949	-0,019160308	-0,021257121
41883	207,14355	-51,050732	-51,166965	-0,17238259	-0,021009743	-0,019929722	-0,022125263
41883	207,64355	-53,000732	-53,030285	-0,17819405	-0,021685317	-0,020558041	-0,022847271
41883	208,14355	-54,950733	-54,985611	-0,18185675	-0,02242963	-0,021217525	-0,023638532
41883	208,64355	-56,90073	-57,068932	-0,18586218	-0,023108602	-0,02186738	-0,024542928
41883	209,14355	-58,850731	-58,899464	-0,19161701	-0,023705497	-0,022529125	-0,025224924
41883	209,64355	-60,800732	-60,808071	-0,19543767	-0,024428472	-0,023192573	-0,025956942
41883	210,14355	-62,750732	-62,889473	-0,19972324	-0,025190711	-0,023965318	-0,0268752
41883	210,64355	-64,700729	-64,758179	-0,20422637	-0,025852799	-0,024730802	-0,027615147
41883	211,14355	-66,650734	-66,672974	-0,20906329	-0,026527569	-0,025335245	-0,028343016
41883	211,64355	-68,600731	-68,669304	-0,2135247	-0,027203158	-0,026114535	-0,029225834
41883	212,14355	-70,550735	-70,610672	-0,2186954	-0,027882636	-0,026820663	-0,029947767
41883	212,64355	-72,500732	-72,556664	-0,22191107	-0,02855406	-0,027400989	-0,030818107
41883	213,14355	-74,450729	-74,524872	-0,22749305	-0,029304393	-0,02826117	-0,031533655
41883	213,64355	-76,400734	-76,501747	-0,23069084	-0,029948078	-0,028882883	-0,032335833
41883	214,14355	-78,350731	-78,341553	-0,23451447	-0,030647531	-0,029536951	-0,033060145
41883	214,64355	-80,300735	-80,337128	-0,24024546	-0,031275742	-0,030261792	-0,033860125
41883	215,14355	-82,250732	-82,371674	-0,24427474	-0,032087676	-0,030965112	-0,034671057
41883	215,64355	-84,200729	-84,266472	-0,24932921	-0,032700725	-0,031714112	-0,035428226
41883	216,14355	-86,150734	-86,200462	-0,25285184	-0,033356786	-0,032336324	-0,036192589
41883	216,64355	-88,100731	-88,261909	-0,25754571	-0,034042016	-0,033070162	-0,037044428
41883	217,14355	-90,050735	-90,163124	-0,26299953	-0,034703188	-0,033803146	-0,037779674
41883	217,64355	-92,000732	-92,024139	-0,26551783	-0,035428524	-0,034414567	-0,038517836
41883	218,14355	-93,950729	-94,124199	-0,26934743	-0,036152549	-0,035141196	-0,039386719
41883	218,64355	-95,900734	-96,020256	-0,27409494	-0,036799058	-0,035975717	-0,040159024
41883	219,14355	-97,850731	-97,828995	-0,2771914	-0,037533768	-0,036566872	-0,040779788
41883	219,64355	-99,800735	-99,89592	-0,28264523	-0,038138434	-0,037256803	-0,04174418
41883	220,14355	-101,75073	-101,79197	-0,28669834	-0,038864098	-0,038003612	-0,0423792
41883	220,64355	-103,70073	-103,71378	-0,29080808	-0,039501324	-0,038717352	-0,043201201
41883	221,14355	-105,65073	-105,67376	-0,29604137	-0,040168509	-0,039272301	-0,04400425
41883	221,64355	-107,60073	-107,70925	-0,29970407	-0,040840596	-0,040074922	-0,044772189
41883	222,14355	-109,55074	-109,59273	-0,30387044	-0,041524678	-0,040792942	-0,04553321
41883	222,64355	-111,50073	-111,54041	-0,30593574	-0,042284362	-0,041451897	-0,046353325
41883	223,14355	-113,45074	-113,54765	-0,31101406	-0,042958148	-0,042359114	-0,047025934
41883	223,64355	-115,40073	-115,47111	-0,31588376	-0,043584704	-0,042880129	-0,047880583
41883	224,14355	-117,35073	-117,37345	-0,31913221	-0,04428149	-0,043662667	-0,048571657
41883	224,64355	-119,30074	-119,4137	-0,32357574	-0,04498034	-0,04430601	-0,04936197
41883	225,14355	-121,25073	-121,31787	-0,32798648	-0,045689024	-0,045051411	-0,050146382
41883	225,64355	-123,20074	-123,20525	-0,3319025	-0,046354018	-0,045757461	-0,050797045
41883	226,14355	-125,15073	-125,29813	-0,33510327	-0,047070131	-0,046429805	-0,051729012
41883	226,64355	-127,10073	-127,19215	-0,33870935	-0,047714874	-0,047192283	-0,052457076
41883	227,14355	-129,05074	-129,08974	-0,34304261	-0,048367195	-0,047897477	-0,053165682
41883	227,64355	-131,00073	-131,0829	-0,34655929	-0,049065761	-0,048570871	-0,053956587
41883	228,14355	-132,95073	-133,04663	-0,35157204	-0,049782328	-0,049375564	-0,054694686
41883	228,64355	-134,90073	-134,94685	-0,35481155	-0,050562389	-0,050096393	-0,055437725
41883	229,14355	-136,85074	-136,87219	-0,35858452	-0,051108807	-0,050792068	-0,056214832
41883	229,64355	-138,80074	-138,94765	-0,36228001	-0,051847383	-0,051543277	-0,057078961
41883	230,14355	-140,75073	-140,77962	-0,36657155	-0,052542269	-0,052321848	-0,057742458
41883	230,64355	-141	-141,07469	-0,36747158	-0,052791484	-0,052456111	-0,057916008
41883	231,14355	-141	-141,15662	-0,36781728	-0,052770339	-0,052454162	-0,05808885
41883	231,64355	-141	-141,03023	-0,36806464	-0,052800745	-0,052509964	-0,058048885
41883	232,14355	-141	-141,05719	-0,36761463	-0,052841716	-0,052513234	-0,058205262
41883	232,64355	-141	-141,0807	-0,36888421	-0,052900203	-0,052625187	-0,058249898
41883	233,14355	-141	-141,03149	-0,36919713	-0,052899264	-0,052701887	-0,058208019
41883	233,64355	-141	-140,98717	-0,36858022	-0,052969381	-0,052582912	-0,058242775
41883	234,14355	-141	-141,04196	-0,36864579	-0,053030513	-0,052795429	-0,058297496
41883	234,64355	-141	-141,07896	-0,36959946	-0,053008802	-0,052785359	-0,058406845
41883	235,14355	-141	-140,95955	-0,36889911	-0,053014107	-0,052759644	-0,058300618
41883	235,64355	-141	-141,0688	-0,36931336	-0,053097799	-0,052786682	-0,058428466
41883	236,14355	-141	-141,02406	-0,36906004	-0,053156726	-0,052855596	-0,058397621
41883	236,64355	-141	-140,98964	-0,36862195	-0,053190351	-0,052786049	-0,058433287
41883	237,14355	-141	-141,02481	-0,37030578	-0,053255968	-0,052874897	-0,058498841
41883	237,64355	-141	-141,04849	-0,36953688	-0,053239703	-0,052857701	-0,058514334
41883	238,14355	-141	-141,00981	-0,37027895	-0,053235695	-0,052842867	-0,058596496
41883	238,64355	-141	-140,99402	-0,36939085	-0,05329933	-0,052928839	-0,058554024
41883	239,14355	-141	-141,07822	-0,36981106	-0,053400107	-0,053055044	-0,058594447
41883	239,64355	-141	-140,98918	-0,37041903	-0,053352721	-0,052972581	-0,058602199
41883	240,14355	-141	-140,96254	-0,36956668	-0,05334153	-0,05298749	-0,058588076
41883	240,64355	-141	-141,09706	-0,36951005	-0,053471029	-0,053025045	-0,058690652
41883	241,14355	-141	-141,0276	-0,37034154	-0,053407133	-0,053067822	-0,058663912
41883	241,64355	-141	-140,96016	-0,37001371	-0,053431049	-0,053047944	-0,058677569
41883	242,14355	-141	-141,07495	-0,37023127	-0,053414345	-0,053116035	-0,058745209
41883	242,64355	-141	-141,01804	-0,37085414	-0,053504564	-0,053170443	-0,058746316
41883	243,14355	-141	-140,99467	-0,37083626	-0,053502023	-0,05316937	-0,058786213
41883	243,64355	-141	-141,03658	-0,37060082	-0,053613104	-0,053113677	-0,05876546
41883	244,14355	-141	-141,02838	-0,3698945	-0,0535402	-0,053182915	-0,058786437
41883	244,64355	-141	-140,95787	-0,37133098	-0,053557865	-0,053203452	-0,058789749
41883	245,14355	-141	-141,01871	-0,37098825	-0,053544655	-0,053203013	-0,058803119
41883	245,64355	-141	-141,04951	-0,37147999	-0,053608023	-0,053211786	-0,05888322
41883	246,14355	-141	-140,97415	-0,37039518	-0,053602688	-0,053181246	-0,058820181
41883	246,64355	-141	-141,02711	-0,37100613	-0,053712353	-0,053169511	-0,058930952
41883	247,14355	-141	-141,05614	-0,37213266	-0,053628661	-0,053281184	-0,058910321
41883	247,64355	-141	-141,00751	-0,37123561	-0,05361864	-0,053321205	-0,058891535
41883	248,14355	-141	-140,96585	-0,3708005	-0,053686135	-0,053185679	-0,05896036
41883	248,64355	-141	-141,06645	-0,3716588	-0,053799398	-0,053352822	-0,058921747
41883	249,14355	-141	-141,02383	-0,37216544	-0,053689688	-0,05325155	-0,058994383
41883	249,64355	-141	-140,91122	-0,37172735	-0,05366832	-0,053273968	-0,058947183
41883	250,14355	-141	-141,0696	-0,37176311	-0,05383487	-0,053404104	-0,059011381
41883	250,64355	-141	-141,01674	-0,37076771	-0,053794526	-0,053274363	-0,058984164
41883	251,14355	-141	-140,99416	-0,37159622	-0,053811952	-0,053373251	-0,059062678
41883	251,64355	-141	-141,02753	-0,37162304	-0,053754829	-0,05333408	-0,059008043
41883	252,14355	-141	-141,07072	-0,37207603	-0,053804785	-0,053445932	-0,05909691
41883	252,64355	-141	-140,94879	-0,37239492	-0,053835891	-0,053420186	-0,059039544
41883	253,14355	-141	-141,03355	-0,37118196	-0,053761758	-0,053364951	-0,059112821
41883	253,64355	-141	-141,04193	-0,37169755	-0,053848684	-0,053493951	-0,059106439
41883	254,14355	-141	-140,96225	-0,37160814	-0,053872719	-0,053445429	-0,0591194
41883	254,64355	-141	-140,98434	-0,37218034	-0,053876296	-0,053412728	-0,059122417
41883	255,14355	-141	-141,05418	-0,37267804	-0,053943165	-0,053550437	-0,059166979
41883	255,64355	-141	-140,98117	-0,37166178	-0,053886019	-0,053414315	-0,059165053
41883	256,14355	-141	-140,96031	-0,37198961	-0,05392345	-0,053468298	-0,059112705
41883	256,64355	-141	-141,05907	-0,37125945	-0,053979307	-0,053542253	-0,059201874
41883	257,14355	-141	-140,98488	-0,37264824	-0,053976662	-0,053480443	-0,059154414
41883	257,64355	-141	-140,97066	-0,37245154	-0,053961188	-0,053522665	-0,059168804
41883	258,14355	-141	-141,03264	-0,37268698	-0,053969108	-0,053589068	-0,059200998
41883	258,64355	-141	-141,02858	-0,37271082	-0,053970449	-0,053647455	-0,05927974
41883	259,14355	-141	-140,92377	-0,37250519	-0,053976186	-0,053573344	-0,05912229
41883	259,64355	-141	-141,02219	-0,37158728	-0,054007843	-0,053603981	-0,059291098
41883	260,14355	-141	-141,01726	-0,37194192	-0,053999826	-0,05353073	-0,059246261
41883	260,64355	-138,85645	-138,83543	-0,36891103	-0,053351216	-0,052831262	-0,058589853
41883	261,14355	-136,35645	-136,31602	-0,36362708	-0,052641094	-0,05207321	-0,057736527
41883	261,64355	-133,85645	-133,91737	-0,36049485	-0,051940925	-0,051196676	-0,056944981
41883	262,14355	-131,35645	-131,30826	-0,35578012	-0,051015057	-0,05051972	-0,056008887
41883	262,64355	-128,85645	-128,82323	-0,35076737	-0,050291277	-0,049510315	-0,055168629
41883	263,14355	-126,35645	-126,37028	-0,34759045	-0,049571082	-0,048809774	-0,054383986
41883	263,64355	-123,85645	-123,75648	-0,34119189	-0,048699707	-0,048084218	-0,053461108
41883	264,14355	-121,35645	-121,24375	-0,33725798	-0,047973216	-0,047010705	-0,052571513
41883	264,64355	-118,85645	-118,80923	-0,33293962	-0,047089092	-0,046349302	-0,05168492
41883	265,14355	-116,35645	-116,24844	-0,32731891	-0,046335928	-0,045400247	-0,050821286
41883	265,64355	-113,85645	-113,67662	-0,32268465	-0,045533374	-0,044609103	-0,049822971
41883	266,14355	-111,35645	-111,285	-0,31827986	-0,044739969	-0,043785807	-0,048980355
41883	266,64355	-108,85645	-108,80046	-0,31383038	-0,043933108	-0,042939682	-0,048090462
41883	267,14355	-106,35645	-106,25954	-0,30845702	-0,043089017	-0,042100918	-0,047223605
41883	267,64355	-103,85645	-103,75572	-0,30460656	-0,042311028	-0,041184921	-0,046285272
41883	268,14355	-101,35645	-101,28809	-0,29891133	-0,041487291	-0,040452756	-0,045387235
41883	268,64355	-98,856445	-98,724358	-0,29438734	-0,040680148	-0,039586842	-0,044401273
41883	269,14355	-96,356445	-96,257332	-0,28893054	-0,03988608	-0,038642593	-0,043532912
41883	269,64355	-93,856445	-93,796059	-0,28448701	-0,039061368	-0,037903298	-0,042622041
41883	270,14355	-91,356445	-91,267761	-0,27894974	-0,038252294	-0,036972795	-0,041709892
41883	270,64355	-88,856445	-88,75161	-0,27442575	-0,037382998	-0,036101077	-0,040692654
41883	271,14355	-86,356445	-86,329628	-0,26988983	-0,036592633	-0,035345837	-0,039773647
41883	271,64355	-83,856445	-83,754593	-0,2646476	-0,035668992	-0,034360897	-0,038792197
41883	272,14355	-81,356445	-81,228981	-0,25841892	-0,034852631	-0,03348783	-0,03785954
41883	272,64355	-78,856445	-78,784943	-0,25385618	-0,034000114	-0,032601286	-0,036825802
41883	273,14355	-76,356445	-76,262924	-0,24842322	-0,033130512	-0,031791467	-0,035891771
41883	273,64355	-73,856445	-73,726295	-0,24168789	-0,032287531	-0,030786943	-0,03482984
41883	274,14355	-71,356445	-71,303154	-0,23671389	-0,031407729	-0,030005347	-0,033928614
41883	274,64355	-68,856445	-68,787552	-0,23182929	-0,03053619	-0,029162776	-0,032812815
41883	275,14355	-66,356445	-66,23658	-0,22532046	-0,029703997	-0,028236717	-0,031872064
41883	275,64355	-63,856445	-63,801945	-0,22042692	-0,028866023	-0,027350768	-0,030833421
41883	276,14355	-61,356445	-61,303436	-0,21619797	-0,027960926	-0,026541051	-0,029857581
41883	276,64355	-58,856445	-58,714455	-0,2091825	-0,027080491	-0,025647905	-0,028723812
41883	277,14355	-56,356445	-56,27586	-0,20237267	-0,0261399	-0,024826765	-0,02775497
41883	277,64355	-53,856445	-53,804424	-0,19650161	-0,025258183	-0,023847405	-0,026714828
41883	278,14355	-51,356445	-51,251801	-0,19096136	-0,024325863	-0,022946883	-0,02567056
41883	278,64355	-48,856445	-48,758362	-0,18407106	-0,023390248	-0,02204271	-0,024598796
41883	279,14355	-46,356445	-46,341049	-0,17741024	-0,022624731	-0,021218326	-0,023579514
41883	279,64355	-43,856445	-43,833099	-0,1719445	-0,021630451	-0,02034796	-0,02257311
41883	280,14355	-41,356445	-41,245033	-0,16480982	-0,020713329	-0,019306093	-0,021366837
41883	280,64355	-38,856445	-38,861839	-0,15805662	-0,019724771	-0,018558856	-0,020434111
41883	281,14355	-36,356445	-36,274868	-0,15215874	-0,018746108	-0,017566364	-0,019244609
41883	281,64355	-33,856445	-33,81086	-0,14476776	-0,017805681	-0,016691651	-0,018206023
41883	282,14355	-31,356445	-31,3256	-0,13819337	-0,016863152	-0,015794761	-0,017065031
41883	282,64355	-28,856445	-28,803459	-0,13163984	-0,015940115	-0,014841975	-0,016002493
41883	283,14355	-26,356445	-26,280775	-0,1244545	-0,01499024	-0,013863088	-0,014862412
41883	283,64355	-23,856445	-23,816111	-0,1170814	-0,013986588	-0,013027617	-0,013802915
41883	284,14355	-21,356445	-21,320086	-0,11058152	-0,013012782	-0,012083747	-0,012680015
41883	284,64355	-18,856445	-18,763191	-0,10218322	-0,011941716	-0,011145159	-0,011545035
41883	285,14355	-16,356445	-16,335505	-0,093558431	-0,011068419	-0,010084526	-0,010480323
41883	285,64355	-13,856445	-13,839047	-0,085031986	-0,010079801	-0,009169885	-0,0093976315
41883	286,14355	-11,356445	-11,304486	-0,077423453	-0,0090672374	-0,0081792828	-0,008260875
41883	286,64355	-8,8564453	-8,79601	-0,067147613	-0,0080098361	-0,0072156005	-0,0071817478
41883	287,14355	-6,3564453	-6,3649583	-0,056266785	-0,0069132447	-0,0063252803	-0,006156493
41883	287,64355	-3,8564453	-3,8300083	-0,043663383	-0,0057258457	-0,0052304771	-0,0051700864
41883	288,14355	-1,3564453	-2,0673313	-0,032016635	-0,0049546063	-0,004543799	-0,0043988386
41883	288,64355	-1	-1,0924339	-0,02322197	-0,0045143366	-0,0040783659	-0,0039323177
41883	289,14355	-1	-0,97299927	-0,021982193	-0,0043396652	-0,0039116042	-0,0038730409
41883	289,64355	-1	-0,94107538	-0,021886826	-0,0043089688	-0,0039756987	-0,0037762378
41883	290,14355	-1	-1,0132362	-0,019815564	-0,0043046623	-0,0039045708	-0,0037665791
41883	290,64355	-1	-0,9277426	-0,020974874	-0,0042113364	-0,0038148034	-0,0036082231
41883	291,14355	-1	-0,97333825	-0,021243095	-0,0042469651	-0,0037421379	-0,0036759689
41883	291,64355	-1	-0,98723173	-0,021517277	-0,0042247921	-0,0036919108	-0,0035480075
41883	292,14355	-1	-0,97092426	-0,020733476	-0,004166171	-0,0037572421	-0,0035076425
41883	292,64355	-1	-0,95698237	-0,021061301	-0,004113704	-0,0035891728	-0,0034928904
41883	293,14355	-1	-1,0152962	-0,021395087	-0,0041144788	-0,0036856532	-0,0035210764
41883	293,64355	-1	-1,014309	-0,020623207	-0,0040618628	-0,003638125	-0,0034968168
41883	294,14355	-1	-0,94868058	-0,020319223	-0,0041123629	-0,0036464557	-0,0034090686
41883	294,64355	-1	-1,022365	-0,0202775	-0,0040398985	-0,0036231568	-0,003432408
41883	295,14355	-1	-1,0099467	-0,019827485	-0,0040885955	-0,0035414891	-0,0033635809
41883	295,64355	-1	-1,0006223	-0,020486116	-0,003996864	-0,0035953028	-0,0034308094
41883	296,14355	-1	-0,96659362	-0,019827485	-0,0040374845	-0,0035505975	-0,0032829954
41883	296,64355	-1	-1,055494	-0,020366907	-0,004043743	-0,0036011711	-0,0034249593
41883	297,14355	-1	-0,96401757	-0,020763278	-0,0039238334	-0,0035410887	-0,0032703448
41883	297,64355	-1	-0,99631023	-0,020232797	-0,0039622039	-0,0034442795	-0,0033203051
41883	298,14355	-1	-1,0166224	-0,020757318	-0,0039529949	-0,0035222834	-0,0032883738
41883	298,64355	-1	-0,99149346	-0,020197034	-0,0039684922	-0,0034868456	-0,0033125645
41883	299,14355	-1	-0,98385477	-0,020647049	-0,0039390475	-0,0034314776	-0,0032683681
41883	299,64355	-1	-1,0141469	-0,02053082	-0,003965795	-0,0035225172	-0,0032729632
41883	300,14355	-1	-1,0241158	-0,020158291	-0,0040060282	-0,0034184335	-0,0032711904
41883	300,64355	-1	-0,96463597	-0,019717216	-0,0038524419	-0,0034993859	-0,0032039857
41883	301,14355	-1	-1,0335557	-0,020161271	-0,0038873702	-0,0034201453	-0,0033130897
41883	301,64355	-1	-0,99739063	-0,020325184	-0,0038600862	-0,0034518363	-0,0031974046
41883	302,14355	-1	-0,98552179	-0,020813942	-0,0039044917	-0,0033310466	-0,0031993967
41883	302,64355	-1	-0,99858457	-0,020366907	-0,0038688034	-0,0034160707	-0,0031435867
41883	303,14355	-1	-1,031626	-0,01912415	-0,0038581938	-0,0033498313	-0,0032444503
41883	303,64355	-1	-0,94933808	-0,020039082	-0,0038740337	-0,0033274889	-0,003128387
41883	304,14355	-1	-1,0033995	-0,019738078	-0,0038690716	-0,0034206435	-0,0031897072
41883	304,64355	-1	-1,0218546	-0,019159913	-0,0038155019	-0,0032325815	-0,0030985316
41883	305,14355	-1	-0,99128115	-0,019815564	-0,0038247705	-0,003339814	-0,0031300164
41883	305,64355	-1	-0,98674369	-0,020426512	-0,0038149655	-0,0033782981	-0,0030793422
41883	306,14355	-1	-1,0508746	-0,01963079	-0,0038217902	-0,0032410854	-0,0031553046
41883	306,64355	-1	-0,9836089	-0,019231439	-0,0038151145	-0,0033008428	-0,0030906978
41883	307,14355	-1	-0,9752866	-0,020000339	-0,0037540495	-0,0032185214	-0,003056319
41883	307,64355	-1	-1,0158252	-0,01963079	-0,0037880093	-0,0032343576	-0,0031006197
41883	308,14355	-1	-0,98674184	-0,020292401	-0,0038302541	-0,0032322984	-0,0030631269
41883	308,64355	-1	-0,96768701	-0,020167232	-0,0037777275	-0,0032522716	-0,0030930182
41883	309,14355	-1	-1,0138396	-0,019258261	-0,0038176775	-0,0032947594	-0,0030736895
41883	309,64355	-1	-1,0260119	-0,019064546	-0,0037564188	-0,0032917727	-0,0031036641
41883	310,14355	-1	-0,95104802	-0,019222498	-0,0038205385	-0,0032146191	-0,0030817077
41883	310,64355	-1	-1,0135863	-0,018548965	-0,0038261563	-0,0032057222	-0,0030855914
41883	311,14355	0	0,75362253	0,037139654	-0,0030625761	-0,0025844974	-0,0026440187

Datenerfassung						Zeit:	311,64453	s	01.09.2014 14:45:59
Ch 1 Kraft	Ch 1 W2TK Mittel	1944 A	1944 B	1281068
kN	mm	mm	mm	mm
0,79891646	0,00013191016	0,0013556285	0,42608654	0,00020679971
-142,18423	-3,6715111e-05	-0,00031787483	-0,054131679	-0,053757045
