MTS793|MPT|DEU|1|2|,|.|:|49|1|1|A

Bediener Information						Zeit:	20,530273	s	11.09.2014 13:43:57
Datum : 	11.09.2014
Prüfer : 	Kh
Probenbezeichnung :  	BA Los M V-6
Bemerkungen	Kraftgeregelt 3,9 kN/s
Masse :	5439,0
Durchmesser :	98,6
Länge :	300,1
Bediener Information Ende

Datenerfassung						Zeit:	324,06641	s	11.09.2014 13:49:01
Datum	Laufzeit	Ch 1 Kraft Sollwert	Ch 1 Kraft	Ch 1 Weg	1944 B	1281068	2157
d	s	kN	kN	mm	mm	mm	mm
41893	21,040039	-0,022683224	0,060759485	5,0030589	0,74978185	-0,045544297	-0,3609446
41893	21,540039	-0,130758	0,060321763	5,0039558	0,7498017	-0,044841371	-0,36100259
41893	22,040039	-0,23883277	0,047361478	5,0019026	0,74987465	-0,044219099	-0,36100399
41893	22,540039	-0,34690753	0,066233799	4,9905658	0,74986994	-0,043621026	-0,36101642
41893	23,040039	-0,45498231	0,0984855	4,9672871	0,74994457	-0,039838228	-0,36096156
41893	23,540039	-0,56305707	0,068455935	4,9277902	0,74993354	-0,040707108	-0,36099279
41893	24,040039	-0,67113185	0,059863552	4,8701735	0,7499274	-0,040854085	-0,3610813
41893	24,540039	-0,77920663	0,06098859	4,7883272	0,75005507	-0,040891323	-0,36098117
41893	25,040039	-0,88728142	0,090541318	4,6792059	0,75002992	-0,040855546	-0,3609626
41893	25,540039	-0,99535614	0,076502562	4,5409412	0,75012755	-0,040893149	-0,36093679
41893	26,040039	-1	0,03990531	4,3760242	0,75063103	-0,040849902	-0,36101326
41893	26,540039	-1	0,079248101	4,1900783	0,73802978	-0,040880356	-0,36088634
41893	27,040039	-1	0,08588098	3,9935946	0,73739451	-0,040774241	-0,36084872
41893	27,540039	-1	0,070352107	3,7767351	0,73729742	-0,040818214	-0,36088109
41893	28,040039	-1	0,079128891	3,5356669	0,73719043	-0,040939469	-0,36087555
41893	28,540039	-1	0,083053485	3,2716365	0,73721015	-0,040807579	-0,36091816
41893	29,040039	-1	0,074455515	2,989161	0,73723501	-0,040836681	-0,36093488
41893	29,540039	-1	0,07350184	2,6899667	0,73733163	-0,040846102	-0,36095956
41893	30,040039	-1	0,079432502	2,3749619	0,73735863	-0,040826365	-0,36087647
41893	30,540039	-1	0,076208264	2,0459085	0,73744279	-0,04092332	-0,36097527
41893	31,040039	-1	0,054148957	1,6999125	0,73742193	-0,040829729	-0,36094493
41893	31,540039	-1	0,087505206	1,3414025	0,73757219	-0,040922064	-0,36087978
41893	32,040039	-1	0,079786405	0,96777081	-2,5167527	-0,040927082	-0,36083636
41893	32,540039	-1	0,04418008	0,57661533	0,24002141	-0,040875837	-0,36084461
41893	33,040039	-1	0,084497035	0,17110705	0,0018859208	-0,04078877	-0,36082494
41893	33,540039	-1	-6,1991792	0,035870075	-0,86830646	-0,040826745	-0,36077824
41893	34,040039	-1	-6,0363355	0,03451407	-3,1093082	-0,040849641	-0,36098844
41893	34,540039	-1	-4,8636031	0,03913641	1,9192748	-0,040945433	-0,36084029
41893	35,040039	-1	-3,9443226	0,042364001	1,7636974	-0,040854525	-0,36069301
41893	35,540039	-1	-3,5628099	0,043031573	1,4316049	-0,040860403	-0,36102602
41893	36,040039	-1	-3,1764302	0,046736002	1,5365937	-0,040838547	-0,36084396
41893	36,540039	-1	-2,1352172	0,052157044	1,5341184	-0,040863141	-0,36077964
41893	37,040039	-1	-1,8283651	0,054255128	1,5473371	-0,040825661	-0,36095184
41893	37,540039	-1	-1,5753191	0,05569458	1,3976588	-0,040845364	-0,36079097
41893	38,040039	-1	-1,3830941	0,057014823	1,4363253	-0,040917959	-0,36099213
41893	38,540039	-1	-1,3265219	0,058668852	1,4548955	-0,040920477	-0,36086988
41893	39,040039	-1	-1,246646	0,059023499	1,460937	-0,040740129	-0,36078084
41893	39,540039	-1	-1,1895523	0,060033798	1,4608533	-0,040883448	-0,3607443
41893	40,040039	-1	-1,1562742	0,060713291	1,4609559	-0,040872596	-0,36084205
41893	40,540039	-1	-1,102779	0,060430169	1,4455295	-0,040895414	-0,36108783
41893	41,040039	-1	-1,0235403	0,060373545	1,46345	-0,040948506	-0,36176533
41893	41,540039	-1	-1,0351744	0,060740113	0,76355565	-0,040906589	-0,36137229
41893	42,040039	-1	-1,0795928	0,060409307	0,54166746	-0,040894013	-0,36139363
41893	42,540039	-1	-1,0325015	0,06107986	0,10081266	-0,040831823	-0,36071616
41893	43,040039	-1	-0,96185321	0,061708689	0,10145073	-0,040846609	-0,36087602
41893	43,540039	-1	-0,94902331	0,061613321	0,08456932	-0,040918067	-0,36236125
41893	44,040039	-1	-0,98597258	0,06134212	0,085245624	-0,040821441	-0,36203721
41893	44,540039	-1	-0,97899884	0,061044097	0,085657269	-0,040953521	-0,36159548
41893	45,040039	-1	-1,0044892	0,062578917	0,048655823	-0,040992975	-0,36197808
41893	45,540039	-1	-0,99644995	0,061491132	0,48621279	-0,040959217	-0,36194068
41893	46,040039	-1	-0,97679162	0,060930848	0,49451166	-0,040891148	-0,36226615
41893	46,540039	-1	-0,95188433	0,061827898	0,50080174	-0,040864311	-0,36236274
41893	47,040039	-1	-0,99251795	0,061428547	0,49997288	-0,040863048	-0,36221644
41893	47,540039	-1	-1,0160022	0,061744452	0,49973357	-0,040926516	-0,36300337
41893	48,040039	-1	-1,0307431	0,061917305	0,49943066	-0,040916048	-0,36285451
41893	48,540039	-1	-0,94664842	0,062137842	0,49939394	-0,040884886	-0,36280176
41893	49,040039	-1	-0,94556063	0,06197691	0,4993434	-0,040945694	-0,36096036
41893	49,540039	-1	-0,98510456	0,062188506	0,49920851	-0,040935669	-0,36100695
41893	50,040039	-1	-1,0435302	0,062003732	0,4991048	-0,041021716	-0,36102432
41893	50,540039	-1	-1,0084417	0,061693788	0,49904001	-0,040940885	-0,36088991
41893	51,040039	-1	-0,97777694	0,062125921	0,49911463	-0,04097978	-0,36092401
41893	51,540039	-1	-0,9701457	0,061577559	0,49890822	-0,040938694	-0,36093634
41893	52,040039	-1	-1,0422319	0,061121583	0,4991079	-0,04078434	-0,36097562
41893	52,540039	-1	-1,0223389	0,061255693	0,49906451	-0,040888369	-0,36582878
41893	53,040039	-1	-1,0390152	0,061938167	0,49910915	-0,040977757	-0,37579054
41893	53,540039	-1	-1,0068529	0,062432885	0,49903345	-0,04087634	-0,38643613
41893	54,040039	-1	-0,98775512	0,061583519	0,49912935	-0,040882718	-0,36268696
41893	54,540039	-1	-0,95627081	0,061613321	0,4990977	-0,040869381	-0,39809918
41893	55,040039	-1	-1,0067503	0,061231852	0,49909079	-0,040916111	-0,37358141
41893	55,540039	-1	-1,041159	0,061815977	0,49900013	-0,040932767	-0,3547543
41893	56,040039	-1	-1,0118932	0,061777234	0,4991284	-0,040870875	-0,36549723
41893	56,540039	-1	-0,96408278	0,061792135	0,499098	-0,040892482	-0,36062995
41893	57,040039	-1	-0,96208602	0,062179565	0,49904513	-0,040960122	-0,36487523
41893	57,540039	-1	-0,99161267	0,061884522	0,49903584	-0,040825918	-0,37818637
41893	58,040039	-1	-1,0095835	0,061917305	0,49904555	-0,040844578	-0,35838526
41893	58,540039	-1	-1,0204967	0,062596798	0,49900842	-0,040890794	-0,35882396
41893	59,040039	-1	-1,0167732	0,06134212	0,49897712	-0,040880322	-0,36783919
41893	59,540039	-1	-0,95033276	0,061780214	0,49906898	-0,040933795	-0,36459765
41893	60,040039	-1	-0,96735728	0,062012672	0,49899232	-0,040934663	-0,3439576
41893	60,540039	-1	-1,0387526	0,061118603	0,49897677	-0,040891424	-0,3369951
41893	61,040039	-1	-1,0457635	0,061833858	0,49900281	-0,040996041	-0,33412522
41893	61,540039	-1	-1,0008533	0,062170625	0,49907607	-0,040853102	-0,33403328
41893	62,040039	-1	-0,94744003	0,061547756	0,49898636	-0,040970948	-0,33407113
41893	62,540039	-1	-0,99442714	0,062143803	0,49890214	-0,040828343	-0,33413255
41893	63,040039	-1	-0,9751879	0,062343478	0,49887437	-0,040835828	-0,33403581
41893	63,540039	-1	-1,0337532	0,062572956	0,4988668	-0,040885996	-0,33409199
41893	64,040039	-1	-1,0603312	0,061845779	0,49881077	-0,040880963	-0,33413887
41893	64,540039	-1	-0,96400452	0,061634183	0,49890447	-0,040886246	-0,33408314
41893	65,040039	-1	-0,95313603	0,062081218	0,49886048	-0,040923957	-0,33410513
41893	65,540039	-1	-1,0136515	0,062185526	0,4989565	-0,040931679	-0,33412513
41893	66,040039	-1	-1,0200869	0,061455369	0,4989028	-0,040930618	-0,33409232
41893	66,540039	-1	-1,0211654	0,061866641	0,49892437	-0,040828988	-0,3340829
41893	67,040039	-1	-0,96467882	0,06198287	0,49887836	-0,040913064	-0,33404744
41893	67,540039	-1	-0,9803288	0,061178207	0,49894214	-0,040869866	-0,33412638
41893	68,040039	-1	-0,973396	0,062543154	0,49896955	-0,04088657	-0,33406615
41893	68,540039	-1	-1,0084845	0,062003732	0,49899232	-0,040911548	-0,33407533
41893	69,040039	-1	-1,0266248	0,062507391	0,49882865	-0,04102147	-0,33412489
41893	69,540039	-1	-1,0318551	0,062194467	0,49886018	-0,043033171	-0,33419934
41893	70,040039	-1	-0,9477362	0,062191486	0,49899787	-0,049685795	-0,33405155
41893	70,540039	-1	-0,95097721	0,061428547	0,49888533	-0,058652706	-0,33404782
41893	71,040039	-1	-1,0004528	0,062504411	0,49890983	-0,043330371	-0,33407688
41893	71,540039	-1	-1,079265	0,061860681	0,49893981	0,025944704	-0,33418456
41893	72,040039	-1	-1,0503885	0,062090158	0,49888963	0,026015123	-0,33410692
41893	72,540039	-1	-0,96040219	0,062254071	0,49887764	0,025978712	-0,33401546
41893	73,040039	-1	-0,94997138	0,062260032	0,49892187	0,026068291	-0,33407503
41893	73,540039	-1	-0,99997592	0,061529875	0,49894118	0,025958214	-0,33412868
41893	74,040039	-1	-1,0457207	0,062006712	0,49890155	0,026089834	-0,33409628
41893	74,540039	-1	-1,0039564	0,062665343	0,49888635	0,025986517	-0,33403718
41893	75,040039	-1	-0,99252534	0,063028932	0,49886763	0,026019005	-0,33411959
41893	75,540039	-1	-0,95943922	0,062441826	0,4989109	0,026089979	-0,33411849
41893	76,040039	-1	-0,97608382	0,061732531	0,49897796	0,026062837	-0,33401302
41893	76,540039	-1	-1,0030289	0,061503053	0,4989168	0,026058974	-0,33405316
41893	77,040039	-1	-1,033999	0,062024593	0,49891752	0,025945719	-0,3341189
41893	77,540039	-1	-1,0333191	0,062224269	0,49887091	0,025920462	-0,33412135
41893	78,040039	-1	-0,94542092	0,062653422	0,49894905	0,026010968	-0,33405501
41893	78,540039	-2,3901367	-2,1573267	-0,0051885843	-0,00047683716	-0,00018500708	-0,00045790896
41893	79,040039	-4,340137	-4,2639842	-0,016644597	-0,0013335347	-0,00049844867	-0,0012319386
41893	79,540039	-6,2901368	-5,1215925	-0,020554662	-0,001763165	-0,0007405972	-0,0014785528
41893	80,040039	-8,2401371	-8,199625	-0,035193563	-0,0029749274	-0,0014347949	-0,0025951564
41893	80,540039	-10,190137	-10,0187	-0,042891502	-0,0037771463	-0,0017993024	-0,003276214
41893	81,040039	-12,140137	-12,324634	-0,051546097	-0,0047234297	-0,0024183549	-0,0042613111
41893	81,540039	-14,090137	-14,434263	-0,058931112	-0,005505681	-0,0028760706	-0,0050623044
41893	82,040039	-16,040136	-16,428099	-0,06557703	-0,0062592626	-0,0035055638	-0,0059571862
41893	82,540039	-17,990137	-18,418982	-0,071066618	-0,0070220828	-0,0040506427	-0,0068288781
41893	83,040039	-19,940138	-20,212299	-0,077334046	-0,0077462196	-0,0045080534	-0,0075111389
41893	83,540039	-21,890137	-22,00271	-0,082483888	-0,0084375739	-0,0050331689	-0,0082842074
41893	84,040039	-23,840137	-23,964949	-0,089254975	-0,0091912746	-0,0055309185	-0,009196572
41893	84,540039	-25,790138	-26,010017	-0,094518065	-0,0099927783	-0,0060931346	-0,0099770427
41893	85,040039	-27,740137	-28,022165	-0,10042489	-0,010778964	-0,006798978	-0,010830026
41893	85,540039	-29,690138	-29,947308	-0,10562837	-0,011481404	-0,0071937516	-0,011706993
41893	86,040039	-31,640137	-31,719246	-0,11151731	-0,012186885	-0,0077996417	-0,012526907
41893	86,540039	-33,590137	-33,600327	-0,11620522	-0,012904942	-0,0082786065	-0,013334326
41893	87,040039	-35,540138	-35,640392	-0,12126565	-0,013706982	-0,0089411102	-0,014263939
41893	87,540039	-37,490139	-37,727879	-0,12631714	-0,014541626	-0,009616754	-0,015180621
41893	88,040039	-39,440136	-39,689888	-0,13150573	-0,015327156	-0,010017686	-0,01596196
41893	88,540039	-41,390137	-41,483288	-0,13633668	-0,016054749	-0,010724372	-0,016813464
41893	89,040039	-43,340137	-43,367798	-0,14138818	-0,016847312	-0,011153365	-0,017675359
41893	89,540039	-45,290138	-45,328682	-0,14817119	-0,01753962	-0,011912487	-0,018539492
41893	90,040039	-47,240139	-47,408108	-0,15205443	-0,018376529	-0,012546092	-0,019418061
41893	90,540039	-49,19014	-49,44672	-0,15782118	-0,019254386	-0,013110164	-0,020273924
41893	91,040039	-51,140137	-51,341843	-0,16259551	-0,019949377	-0,013781973	-0,021245763
41893	91,540039	-53,090137	-53,119774	-0,16701818	-0,020728946	-0,01428877	-0,021975718
41893	92,040039	-55,040138	-55,019775	-0,17199218	-0,021456003	-0,014882914	-0,022786982
41893	92,540039	-56,990139	-57,11507	-0,17684698	-0,022304058	-0,015606043	-0,023778722
41893	93,040039	-58,94014	-59,21299	-0,18116534	-0,023159802	-0,01616543	-0,024705205
41893	93,540039	-60,890137	-61,144966	-0,18616915	-0,023968458	-0,016895631	-0,025572523
41893	94,040039	-62,840137	-62,859764	-0,1915127	-0,024655998	-0,017581912	-0,026270952
41893	94,540039	-64,790138	-64,751686	-0,1960218	-0,025404036	-0,018025007	-0,027170861
41893	95,040039	-66,740135	-66,794495	-0,20016134	-0,026282609	-0,018821951	-0,02812108
41893	95,540039	-68,69014	-68,927589	-0,20493269	-0,027145326	-0,019417364	-0,029042225
41893	96,040039	-70,640137	-70,905769	-0,21032989	-0,027929425	-0,020070892	-0,02992991
41893	96,540039	-72,590141	-72,654327	-0,21496117	-0,02874887	-0,020665536	-0,030694425
41893	97,040039	-74,540138	-74,512894	-0,2191484	-0,029479444	-0,021289196	-0,031555705
41893	97,540039	-76,490135	-76,508141	-0,22461712	-0,030335903	-0,022006936	-0,032525282
41893	98,040039	-78,44014	-78,602089	-0,22925436	-0,031169772	-0,022719676	-0,033408761
41893	98,540039	-80,390137	-80,66819	-0,23408234	-0,032009423	-0,023394447	-0,034327384
41893	99,040039	-82,340141	-82,489487	-0,23786724	-0,032823145	-0,024003485	-0,035147384
41893	99,540039	-84,290138	-84,303711	-0,24276972	-0,033539653	-0,024664972	-0,035979055
41893	100,04004	-86,240135	-86,179077	-0,24759471	-0,034337461	-0,025241796	-0,03676587
41893	100,54004	-88,19014	-88,267334	-0,25186539	-0,035155118	-0,026066512	-0,037773654
41893	101,04004	-90,140137	-90,384247	-0,25675595	-0,036166131	-0,026711782	-0,03874084
41893	101,54004	-92,090141	-92,378998	-0,26142597	-0,036908984	-0,027420545	-0,039608613
41893	102,04004	-94,040138	-94,043732	-0,26545525	-0,037629128	-0,028133854	-0,040332288
41893	102,54004	-95,990143	-95,892281	-0,27069151	-0,038427949	-0,028744046	-0,041201741
41893	103,04004	-97,94014	-97,992104	-0,27446151	-0,039268494	-0,029393276	-0,042179704
41893	103,54004	-99,890137	-100,11129	-0,27929246	-0,040167153	-0,030220747	-0,043088742
41893	104,04004	-101,84014	-102,12381	-0,28363168	-0,040986359	-0,030826923	-0,043994691
41893	104,54004	-103,79014	-103,87971	-0,28841496	-0,041758895	-0,031563871	-0,044832021
41893	105,04004	-105,74014	-105,64861	-0,29302537	-0,042522907	-0,032133754	-0,045630515
41893	105,54004	-107,69014	-107,68191	-0,29709041	-0,0434677	-0,032868613	-0,04659934
41893	106,04004	-109,64014	-109,82042	-0,30170083	-0,044291139	-0,033739042	-0,047563404
41893	106,54004	-111,59014	-111,91564	-0,30621588	-0,045147777	-0,034425233	-0,048530594
41893	107,04004	-113,54014	-113,67471	-0,31085312	-0,04593426	-0,035041917	-0,049295962
41893	107,54004	-115,49014	-115,4553	-0,31432807	-0,046744168	-0,035666499	-0,050155737
41893	108,04004	-117,44014	-117,40877	-0,31839609	-0,047642112	-0,036569562	-0,05106822
41893	108,54004	-119,39014	-119,49852	-0,32278895	-0,04847002	-0,037249174	-0,051939551
41893	109,04004	-121,34014	-121,57798	-0,32795966	-0,049321294	-0,038017843	-0,052996255
41893	109,54004	-122,72578	-123,18065	-0,33192933	-0,049971461	-0,038652174	-0,053774241
41893	110,04004	-120,77578	-120,80917	-0,32896101	-0,049399912	-0,038200866	-0,053077005
41893	110,54004	-118,82578	-118,72532	-0,32521188	-0,048872054	-0,037632268	-0,052428551
41893	111,04004	-116,87578	-116,84058	-0,32149255	-0,048311055	-0,037011061	-0,051883921
41893	111,54004	-114,92578	-115,02338	-0,31768382	-0,047738135	-0,036528043	-0,051244885
41893	112,04004	-112,97578	-113,08363	-0,31520128	-0,047201335	-0,036064867	-0,0506448
41893	112,54004	-111,02578	-110,9376	-0,31096637	-0,046536982	-0,035435241	-0,049980972
41893	113,04004	-109,07578	-108,85196	-0,30765831	-0,045872092	-0,034723237	-0,049198739
41893	113,54004	-107,12578	-106,93921	-0,3046155	-0,045268774	-0,034193996	-0,048630159
41893	114,04004	-105,17578	-105,16535	-0,3006041	-0,044665754	-0,033824582	-0,048015203
41893	114,54004	-103,22578	-103,26337	-0,29700696	-0,044058263	-0,033196941	-0,047305554
41893	115,04004	-101,27578	-101,18285	-0,29300451	-0,04339844	-0,032617375	-0,046594024
41893	115,54004	-99,325783	-99,101891	-0,28919578	-0,04274857	-0,031960599	-0,045871977
41893	116,04004	-97,375778	-97,129196	-0,2843231	-0,042077839	-0,031431071	-0,045153342
41893	116,54004	-95,425781	-95,328392	-0,2815485	-0,041524827	-0,030881722	-0,04455464
41893	117,04004	-93,475784	-93,509308	-0,27738214	-0,040894032	-0,030282816	-0,04382503
41893	117,54004	-91,52578	-91,490982	-0,27469695	-0,040204406	-0,029740956	-0,043126665
41893	118,04004	-89,575783	-89,396652	-0,27006567	-0,039421439	-0,029043514	-0,042406633
41893	118,54004	-87,625778	-87,399765	-0,26683509	-0,038796127	-0,028471272	-0,041668572
41893	119,04004	-85,675781	-85,509178	-0,26217997	-0,038150072	-0,027962027	-0,040941559
41893	119,54004	-83,725777	-83,710892	-0,25942326	-0,037536979	-0,027409256	-0,040342007
41893	120,04004	-81,77578	-81,790581	-0,25485456	-0,036850393	-0,026731875	-0,039538201
41893	120,54004	-79,825783	-79,673141	-0,25056303	-0,03607446	-0,026269013	-0,038784742
41893	121,04004	-77,875778	-77,647415	-0,24700165	-0,035373509	-0,025512457	-0,038056724
41893	121,54004	-75,925781	-75,75396	-0,2435416	-0,034770012	-0,025035717	-0,037369482
41893	122,04004	-73,975777	-73,888626	-0,23918152	-0,034050822	-0,024361767	-0,036548126
41893	122,54004	-72,02578	-72,059387	-0,23480654	-0,033432066	-0,023922166	-0,035928018
41893	123,04004	-70,075783	-70,009201	-0,23064315	-0,032731175	-0,023324784	-0,035147898
41893	123,54004	-68,125778	-67,871704	-0,22641718	-0,031981885	-0,022577975	-0,03425771
41893	124,04004	-66,175781	-65,942184	-0,22234619	-0,031245291	-0,022056043	-0,033519849
41893	124,54004	-64,225777	-64,1558	-0,21739304	-0,030562341	-0,021435589	-0,03279005
41893	125,04004	-62,27578	-62,283203	-0,21307766	-0,029862046	-0,020927006	-0,032000281
41893	125,54004	-60,325779	-60,311066	-0,20923615	-0,029170632	-0,020394368	-0,031253487
41893	126,04004	-58,375778	-58,210888	-0,20385981	-0,028262377	-0,019711422	-0,030418415
41893	126,54004	-56,425781	-56,181881	-0,19870996	-0,02752769	-0,019182507	-0,029571772
41893	127,04004	-54,47578	-54,309742	-0,19563735	-0,026745677	-0,018649887	-0,028868021
41893	127,54004	-52,52578	-52,555042	-0,19035935	-0,026079297	-0,018083856	-0,028127531
41893	128,04004	-50,575779	-50,60532	-0,1854986	-0,025306344	-0,017612852	-0,027268298
41893	128,54004	-48,625778	-48,457817	-0,18084943	-0,024468124	-0,016886409	-0,026369348
41893	129,04004	-46,675781	-46,470093	-0,17665029	-0,023731351	-0,016337043	-0,025622338
41893	129,54004	-44,72578	-44,536224	-0,17136931	-0,022807598	-0,015729971	-0,024732519
41893	130,04004	-42,77578	-42,703289	-0,16599	-0,022131383	-0,015148673	-0,023967553
41893	130,54004	-40,825779	-40,879539	-0,16173124	-0,021349907	-0,014647922	-0,02322235
41893	131,04004	-38,875778	-38,7925	-0,15623868	-0,020506442	-0,014001173	-0,022300281
41893	131,54004	-36,925777	-36,719475	-0,1501441	-0,01966238	-0,013382269	-0,021412954
41893	132,04004	-34,97578	-34,760551	-0,14500022	-0,018863142	-0,012885963	-0,020507395
41893	132,54004	-33,02578	-32,922794	-0,1401335	-0,018026531	-0,012181956	-0,019700222
41893	133,04004	-31,075779	-31,122461	-0,13509691	-0,017230332	-0,011649754	-0,018919192
41893	133,54004	-29,125778	-29,120031	-0,12953877	-0,016407132	-0,011120377	-0,017942015
41893	134,04004	-27,175779	-27,018923	-0,123927	-0,015519738	-0,010550067	-0,017033111
41893	134,54004	-25,225779	-25,045116	-0,11861324	-0,014642417	-0,009933278	-0,016186971
41893	135,04004	-23,27578	-23,164335	-0,11258721	-0,01385957	-0,0092940358	-0,015262987
41893	135,54004	-21,325779	-21,320662	-0,1078397	-0,012992859	-0,0087912111	-0,01442571
41893	136,04004	-19,375778	-19,422377	-0,10067821	-0,012149632	-0,0082448749	-0,013521325
41893	136,54004	-17,425779	-17,279102	-0,093618035	-0,011187136	-0,0075324061	-0,012474645
41893	137,04004	-15,475779	-15,280715	-0,088551641	-0,010342002	-0,006999616	-0,011591163
41893	137,54004	-13,525779	-13,42098	-0,080817938	-0,0094256401	-0,0063879294	-0,010662634
41893	138,04004	-11,575779	-11,534618	-0,074577332	-0,0086368322	-0,005803694	-0,0097486749
41893	138,54004	-9,6257782	-9,6659908	-0,066772103	-0,0077038407	-0,0053298487	-0,0088578649
41893	139,04004	-7,6757784	-7,6494775	-0,058868527	-0,0067730546	-0,0045291022	-0,0078842007
41893	139,54004	-5,7257786	-5,6146774	-0,049370527	-0,005769074	-0,0039797551	-0,0069639124
41893	140,04004	-4,0603008	-3,8145444	-0,03964901	-0,0048192143	-0,0034952348	-0,0061550215
41893	140,54004	-6,0103011	-5,6889968	-0,046920776	-0,0056337118	-0,0038461001	-0,0066693686
41893	141,04004	-7,9603009	-7,8719406	-0,055024028	-0,0064719915	-0,0044372324	-0,0074667782
41893	141,54004	-9,9103012	-9,8761711	-0,062307715	-0,0072950721	-0,0048649386	-0,0082634576
41893	142,04004	-11,860301	-11,736313	-0,06917417	-0,0079209805	-0,0053629521	-0,008987356
41893	142,54004	-13,810301	-13,70472	-0,076541305	-0,0087210536	-0,0059356983	-0,0097907111
41893	143,04004	-15,760302	-15,757307	-0,082802773	-0,0095257759	-0,0065029114	-0,01070933
41893	143,54004	-17,7103	-17,853535	-0,08764863	-0,010310829	-0,0070997328	-0,011515521
41893	144,04004	-19,660301	-19,889975	-0,095003843	-0,010992587	-0,0076247258	-0,012424488
41893	144,54004	-21,610302	-21,676369	-0,099533796	-0,011718929	-0,0081399772	-0,013213899
41893	145,04004	-23,560301	-23,542175	-0,10593534	-0,012431145	-0,0087104551	-0,014058858
41893	145,54004	-25,510302	-25,546806	-0,11086166	-0,01313889	-0,0092261154	-0,014900371
41893	146,04004	-27,460302	-27,57118	-0,11658072	-0,013944507	-0,0098834429	-0,015673824
41893	146,54004	-29,410301	-29,674419	-0,12226105	-0,014778733	-0,010341891	-0,016598612
41893	147,04004	-31,360302	-31,547762	-0,12670159	-0,015512705	-0,010965446	-0,017438054
41893	147,54004	-33,310303	-33,32634	-0,13225079	-0,016155541	-0,011602187	-0,018173184
41893	148,04004	-35,260303	-35,242523	-0,13626516	-0,016882896	-0,012063227	-0,019027062
41893	148,54004	-37,2103	-37,329056	-0,14207661	-0,017769933	-0,012639419	-0,019878063
41893	149,04004	-39,160301	-39,385025	-0,14768243	-0,018505633	-0,013227778	-0,020757474
41893	149,54004	-41,110302	-41,38187	-0,15238225	-0,019226313	-0,013926705	-0,021605439
41893	150,04004	-43,060303	-43,10461	-0,15781224	-0,019977093	-0,014367931	-0,022405025
41893	150,54004	-45,010303	-44,962749	-0,16181767	-0,02064991	-0,014882133	-0,023105465
41893	151,04004	-46,9603	-47,007629	-0,16595125	-0,021473467	-0,015597941	-0,024063513
41893	151,54004	-48,910301	-49,139931	-0,1713872	-0,022280991	-0,016197924	-0,024841882
41893	152,04004	-50,860302	-51,135406	-0,17559528	-0,023032486	-0,016688222	-0,025636226
41893	152,54004	-52,810303	-52,945984	-0,18121302	-0,023756027	-0,017331688	-0,026467253
41893	153,04004	-54,760303	-54,728626	-0,18556416	-0,024395823	-0,017806659	-0,027202699
41893	153,54004	-56,7103	-56,696747	-0,18981993	-0,025195777	-0,018465096	-0,028051073
41893	154,04004	-58,660301	-58,827633	-0,1948297	-0,025988638	-0,019135701	-0,028964972
41893	154,54004	-60,610302	-60,917404	-0,20027757	-0,026772261	-0,019762287	-0,029766744
41893	155,04004	-62,560303	-62,760532	-0,20278096	-0,027495623	-0,020387171	-0,030528333
41893	155,54004	-64,5103	-64,522064	-0,20773113	-0,028117836	-0,020882161	-0,03129597
41893	156,04004	-66,460304	-66,402008	-0,21283329	-0,028878868	-0,021471666	-0,032138862
41893	156,54004	-68,410301	-68,461327	-0,217098	-0,029707909	-0,022114782	-0,032850787
41893	157,04004	-70,360306	-70,601227	-0,22159815	-0,030490279	-0,022748608	-0,033745456
41893	157,54004	-72,310303	-72,616989	-0,22697747	-0,031319976	-0,023347916	-0,034642525
41893	158,04004	-74,2603	-74,293839	-0,22909045	-0,031939447	-0,023856226	-0,035256222
41893	158,54004	-76,210304	-76,135818	-0,23412406	-0,032629967	-0,0244892	-0,036050674
41893	159,04004	-78,160301	-78,214378	-0,23928881	-0,0334571	-0,025088288	-0,036925174
41893	159,54004	-80,110306	-80,282684	-0,24417639	-0,034180999	-0,025679149	-0,037723966
41893	160,04004	-82,060303	-82,34584	-0,24809539	-0,034944475	-0,026417023	-0,038559895
41893	160,54004	-84,0103	-84,160774	-0,25206506	-0,035619378	-0,027028399	-0,039324977
41893	161,04004	-85,960304	-85,895126	-0,25628805	-0,036355853	-0,027499817	-0,039970316
41893	161,54004	-87,910301	-87,850876	-0,26070476	-0,03705436	-0,02809567	-0,040800288
41893	162,04004	-89,860306	-89,999512	-0,26488602	-0,037864149	-0,028769854	-0,04170534
41893	162,54004	-91,810303	-92,10482	-0,26875734	-0,038623035	-0,029417831	-0,042437632
41893	163,04004	-93,7603	-93,97776	-0,27285814	-0,039344609	-0,030148502	-0,043220349
41893	163,54004	-95,710304	-95,704903	-0,27766526	-0,039997935	-0,030621825	-0,043968931
41893	164,04004	-97,660301	-97,568565	-0,28169751	-0,040671527	-0,031162508	-0,044668999
41893	164,54004	-99,610306	-99,653084	-0,28573871	-0,041469157	-0,031989757	-0,045469321
41893	165,04004	-101,5603	-101,82877	-0,28997362	-0,042238355	-0,032516465	-0,046409152
41893	165,54004	-103,5103	-103,78094	-0,29439032	-0,042989135	-0,033248816	-0,047123391
41893	166,04004	-105,4603	-105,48167	-0,29819012	-0,043635607	-0,033784065	-0,04779999
41893	166,54004	-107,4103	-107,34384	-0,30215681	-0,044344842	-0,034374684	-0,048669107
41893	167,04004	-109,36031	-109,33343	-0,30627251	-0,045087576	-0,035071019	-0,049387176
41893	167,54004	-111,3103	-111,52672	-0,31059682	-0,045912504	-0,035725825	-0,050273124
41893	168,04004	-113,26031	-113,60139	-0,31460822	-0,046610594	-0,036437973	-0,051145837
41893	168,54004	-115,2103	-115,34562	-0,31895339	-0,0473665	-0,036991358	-0,051723711
41893	169,04004	-117,1603	-117,10806	-0,32244027	-0,048022926	-0,037562668	-0,052479863
41893	169,54004	-119,11031	-119,04584	-0,32641888	-0,048704028	-0,03835842	-0,05338442
41893	170,04004	-121,0603	-121,1342	-0,33062994	-0,04954195	-0,038876619	-0,054130223
41893	170,54004	-121,00596	-121,45081	-0,33165514	-0,049748063	-0,039136179	-0,054438502
41893	171,04004	-119,05595	-119,31316	-0,32848716	-0,049056292	-0,038707476	-0,053785842
41893	171,54004	-117,10596	-117,0527	-0,32472908	-0,048376977	-0,037960086	-0,052992709
41893	172,04004	-115,15596	-114,99163	-0,32100976	-0,047792912	-0,037323702	-0,052326482
41893	172,54004	-113,20596	-113,12099	-0,31751394	-0,047193348	-0,036824606	-0,051705595
41893	173,04004	-111,25596	-111,36101	-0,31469166	-0,046731412	-0,036357667	-0,051159829
41893	173,54004	-109,30595	-109,36672	-0,31035244	-0,046057045	-0,035839975	-0,050441928
41893	174,04004	-107,35596	-107,23519	-0,30651689	-0,045441329	-0,035112102	-0,049730353
41893	174,54004	-105,40596	-105,18269	-0,30266345	-0,044723153	-0,034559648	-0,049049243
41893	175,04004	-103,45596	-103,22791	-0,29942393	-0,044162154	-0,034009535	-0,048316415
41893	175,54004	-101,50596	-101,46598	-0,29638708	-0,043556273	-0,03338667	-0,0477014
41893	176,04004	-99,555954	-99,637207	-0,29140413	-0,042939484	-0,032913119	-0,047093846
41893	176,54004	-97,605957	-97,547134	-0,28832257	-0,042166471	-0,032206379	-0,046318516
41893	177,04004	-95,65596	-95,420982	-0,28534532	-0,041531205	-0,031676035	-0,04557075
41893	177,54004	-93,705956	-93,451057	-0,2820909	-0,040748119	-0,031035345	-0,044854295
41893	178,04004	-91,755959	-91,629585	-0,27725399	-0,040227771	-0,030535385	-0,044226937
41893	178,54004	-89,805954	-89,857559	-0,27391911	-0,039660037	-0,030004842	-0,043598201
41893	179,04004	-87,855957	-87,831741	-0,26904345	-0,038917005	-0,029434966	-0,042778432
41893	179,54004	-85,905952	-85,694717	-0,26506782	-0,038207054	-0,028667327	-0,042051293
41893	180,04004	-83,955956	-83,733879	-0,26167333	-0,037529945	-0,028133215	-0,041325644
41893	180,54004	-82,005959	-81,83326	-0,25784075	-0,036869466	-0,02750778	-0,040598039
41893	181,04004	-80,055954	-80,069046	-0,25348663	-0,036289394	-0,026996357	-0,039895847
41893	181,54004	-78,105957	-78,169624	-0,24977624	-0,035530865	-0,026463442	-0,03920703
41893	182,04004	-76,155952	-76,004089	-0,24545491	-0,034841359	-0,025674967	-0,038328398
41893	182,54004	-74,205956	-73,912315	-0,24138093	-0,034061611	-0,025174139	-0,037560627
41893	183,04004	-72,255959	-72,051537	-0,23729503	-0,033399463	-0,02455231	-0,03683668
41893	183,54004	-70,305954	-70,285973	-0,23335814	-0,03284055	-0,023958029	-0,036150657
41893	184,04004	-68,355957	-68,403175	-0,22854209	-0,032057285	-0,023479911	-0,035371229
41893	184,54004	-66,405952	-66,31189	-0,22422671	-0,031317234	-0,022777904	-0,03460063
41893	185,04004	-64,455956	-64,223656	-0,22033155	-0,030599356	-0,022183286	-0,03379868
41893	185,54004	-62,505955	-62,272984	-0,21638572	-0,029792607	-0,021683823	-0,032931343
41893	186,04004	-60,555954	-60,454773	-0,21169782	-0,029095232	-0,021102117	-0,032196112
41893	186,54004	-58,605957	-58,689392	-0,20638704	-0,028454423	-0,020530153	-0,031525705
41893	187,04004	-56,655956	-56,647057	-0,20237863	-0,027657807	-0,019913007	-0,030622197
41893	187,54004	-54,705956	-54,486755	-0,19657612	-0,026830733	-0,019333106	-0,02980116
41893	188,04004	-52,755955	-52,55566	-0,19317269	-0,026025891	-0,01869248	-0,028995136
41893	188,54004	-50,805954	-50,661758	-0,18860698	-0,025228024	-0,018152598	-0,028142357
41893	189,04004	-48,855957	-48,902512	-0,18357635	-0,024606228	-0,017633881	-0,027447248
41893	189,54004	-46,905956	-46,943466	-0,17892718	-0,023757696	-0,017003834	-0,026534636
41893	190,04004	-44,955956	-44,785282	-0,17304718	-0,022885084	-0,016309807	-0,025705934
41893	190,54004	-43,005955	-42,782459	-0,16887188	-0,022042871	-0,015778851	-0,024911016
41893	191,04004	-41,055954	-40,87682	-0,16343892	-0,02129519	-0,015098566	-0,023928862
41893	191,54004	-39,105953	-39,06926	-0,15857816	-0,020555079	-0,014662458	-0,02321637
41893	192,04004	-37,155956	-37,213612	-0,15365183	-0,019773781	-0,01416808	-0,02239497
41893	192,54004	-35,205956	-35,074593	-0,14891922	-0,018887937	-0,013419162	-0,021440689
41893	193,04004	-33,255955	-33,014683	-0,14331341	-0,018069983	-0,012833	-0,020566221
41893	193,54004	-31,305954	-31,094494	-0,13801754	-0,017192304	-0,012277515	-0,019634459
41893	194,04004	-29,355955	-29,2847	-0,13171136	-0,016482592	-0,011680061	-0,018824577
41893	194,54004	-27,405954	-27,490585	-0,12675226	-0,015681446	-0,011080023	-0,018016905
41893	195,04004	-25,455956	-25,426992	-0,12075007	-0,014712453	-0,010518829	-0,016985677
41893	195,54004	-23,505955	-23,279182	-0,11484921	-0,013901651	-0,0098809479	-0,016082574
41893	196,04004	-21,555954	-21,354269	-0,1098007	-0,013072014	-0,0093567586	-0,015190598
41893	196,54004	-19,605955	-19,528828	-0,10368824	-0,01224041	-0,0086084343	-0,01421557
41893	197,04004	-17,655954	-17,700109	-0,096723437	-0,011359632	-0,0081439111	-0,013379224
41893	197,54004	-15,705955	-15,76676	-0,090622902	-0,010538042	-0,0075040734	-0,012403913
41893	198,04004	-13,755955	-13,57629	-0,083661079	-0,0095821619	-0,0069428575	-0,011341527
41893	198,54004	-11,805954	-11,623965	-0,077331066	-0,0087953806	-0,0063001313	-0,01039115
41893	199,04004	-9,8559542	-9,7623415	-0,069525838	-0,0078995824	-0,0055752583	-0,0094324015
41893	199,54004	-7,9059544	-7,9415998	-0,062102079	-0,0070489049	-0,0051378477	-0,0085272714
41893	200,04004	-5,9559541	-6,0610995	-0,053328276	-0,0061878562	-0,0044193035	-0,0076780729
41893	200,54004	-4,0059543	-3,9713812	-0,042361021	-0,0051469207	-0,0037866943	-0,0066911392
41893	201,04004	-3,927	-3,755547	-0,039374828	-0,0049815774	-0,0037348252	-0,0064563267
41893	201,54004	-3,927	-3,9125495	-0,04080832	-0,0049378872	-0,0036280195	-0,0065227225
41893	202,04004	-3,927	-3,9617736	-0,040456653	-0,005014956	-0,003748538	-0,0064197071
41893	202,54004	-3,927	-4,0233397	-0,040310621	-0,0049719214	-0,0036408734	-0,006395936
41893	203,04004	-3,927	-4,0287075	-0,040283799	-0,0049440265	-0,0036937315	-0,0063847825
41893	203,54004	-3,927	-3,6312099	-0,038844347	-0,0048131943	-0,0035271556	-0,0061874725
41893	204,04004	-3,927	-3,7345643	-0,039172173	-0,0048197508	-0,0035161646	-0,0062672161
41893	204,54004	-3,927	-3,7973244	-0,039380789	-0,0047933459	-0,0035617908	-0,0061556585
41893	205,04004	-3,927	-3,9215033	-0,040018559	-0,0048309565	-0,003544278	-0,0062445477
41893	205,54004	-3,927	-3,8936715	-0,038835406	-0,0047585964	-0,0035357594	-0,006213408
41893	206,04004	-3,927	-3,8178246	-0,03875196	-0,004673481	-0,003538894	-0,006077189
41893	206,54004	-3,927	-3,8771667	-0,039324164	-0,0047593117	-0,0035414894	-0,0061948784
41893	207,04004	-3,927	-3,8997214	-0,03914535	-0,0047358274	-0,0035684425	-0,006140545
41893	207,54004	-3,927	-3,9671009	-0,039541721	-0,0047680736	-0,0034635444	-0,0061487854
41893	208,04004	-3,927	-4,0022283	-0,038710237	-0,0048435926	-0,0035961766	-0,006209746
41893	208,54004	-3,927	-3,8659925	-0,038930774	-0,0047436357	-0,0034774134	-0,0061036237
41893	209,04004	-3,927	-3,8592741	-0,039064884	-0,0046828985	-0,003479291	-0,0060767233
41893	209,54004	-3,927	-3,9335024	-0,039631128	-0,0046906471	-0,003557381	-0,0061234459
41893	210,04004	-3,927	-3,9931796	-0,038379431	-0,0046921968	-0,0034274405	-0,0060435124
41893	210,54004	-3,927	-3,9929299	-0,039324164	-0,00465101	-0,0035993967	-0,0060952082
41893	211,04004	-3,927	-3,9491169	-0,038209558	-0,0046924353	-0,0034895793	-0,0060939938
41893	211,54004	-3,927	-3,8456433	-0,039100647	-0,0046123266	-0,0034592461	-0,0059809797
41893	212,04004	-3,927	-3,8870237	-0,039127469	-0,0045704842	-0,0035189644	-0,0060329325
41893	212,54004	-3,927	-3,9955695	-0,039485097	-0,0046709776	-0,0034915165	-0,0060538165
41893	213,04004	-3,927	-4,0110126	-0,03874898	-0,0046814084	-0,0034802353	-0,0060046762
41893	213,54004	-3,927	-3,964072	-0,039234757	-0,0046164989	-0,0034644739	-0,0060426332
41893	214,04004	-3,927	-3,9011295	-0,038221478	-0,0046151876	-0,0034328245	-0,0060100779
41893	214,54004	-3,927	-3,8601737	-0,038650632	-0,004545629	-0,0034312145	-0,0058689415
41893	215,04004	-3,927	-3,9516239	-0,038582087	-0,0046088696	-0,0033853354	-0,0059255883
41893	215,54004	-3,927	-4,0426908	-0,039109588	-0,0046564937	-0,0035656316	-0,0060745738
41893	216,04004	-3,927	-3,9792881	-0,037679076	-0,0046292543	-0,0034096378	-0,0059378743
41893	216,54004	-3,927	-3,8950107	-0,038549304	-0,0045448542	-0,0034323896	-0,0059072822
41893	217,04004	-3,927	-3,8955939	-0,038412213	-0,0046025515	-0,003404726	-0,0059495978
41893	217,54004	-3,927	-3,9112382	-0,038152933	-0,0045495033	-0,003396323	-0,0058747195
41893	218,04004	-3,927	-4,0044413	-0,038936734	-0,0046176314	-0,0034204726	-0,0059485994
41893	218,54004	-3,927	-4,0334835	-0,037822127	-0,0045543313	-0,003449973	-0,0059527755
41893	219,04004	-3,927	-3,9250124	-0,038903952	-0,0045552254	-0,0033907939	-0,0059054904
41893	219,54004	-3,927	-3,8925261	-0,038832426	-0,0045225024	-0,0034270873	-0,0059061162
41893	220,04004	-3,927	-3,8919542	-0,039148331	-0,0045380592	-0,003414951	-0,0058250278
41893	220,54004	-3,927	-3,9993114	-0,038248301	-0,0045521855	-0,0033974086	-0,0058467388
41893	221,04004	-3,927	-4,0439963	-0,038689375	-0,004553616	-0,0034790717	-0,0059191287
41893	221,54004	-3,927	-3,971627	-0,039151311	-0,0045923591	-0,0033574267	-0,0058797821
41893	222,04004	-3,927	-3,8669853	-0,037848949	-0,0044566989	-0,0033743705	-0,0058393851
41893	222,54004	-3,927	-3,9024689	-0,038006902	-0,0045295358	-0,0034546244	-0,0058823191
41893	223,04004	-3,927	-3,9707422	-0,039404631	-0,0045280457	-0,0033694885	-0,0058335103
41893	223,54004	-3,927	-4,0316954	-0,037837029	-0,0045428276	-0,0034108276	-0,005870346
41893	224,04004	-3,927	-4,0048118	-0,038135052	-0,0045669675	-0,0033436096	-0,0058790892
41893	224,54004	-3,927	-3,9443784	-0,037676096	-0,0045417547	-0,0033745712	-0,0058614835
41893	225,04004	-3,927	-3,86356	-0,038206577	-0,0044598579	-0,0033872467	-0,0057185329
41893	225,54004	-3,927	-3,9279032	-0,037842989	-0,0044763684	-0,0033584342	-0,0058166943
41893	226,04004	-3,927	-4,0310903	-0,03874898	-0,0045903325	-0,0033867485	-0,0058990046
41893	226,54004	-3,927	-3,9860942	-0,037643313	-0,0045176148	-0,0033035944	-0,0057503991
41893	227,04004	-3,927	-3,9128418	-0,037941337	-0,0044620037	-0,0033268703	-0,0057899803
41893	227,54004	-3,927	-3,9022603	-0,037512183	-0,0044981241	-0,003374787	-0,0058308803
41893	228,04004	-3,927	-3,9016809	-0,038215518	-0,0044980645	-0,0033749135	-0,005768273
41893	228,54004	-3,927	-3,9684029	-0,03798604	-0,004514873	-0,0033184523	-0,0057807826
41893	229,04004	-3,927	-4,0389338	-0,039076805	-0,0045119524	-0,003465028	-0,0058494136
41893	229,54004	-3,927	-3,9787219	-0,037711859	-0,0044608712	-0,0033621301	-0,0057866573
41893	230,04004	-3,927	-3,8661678	-0,037619472	-0,004475832	-0,0033240481	-0,0057319179
41893	230,54004	-3,927	-3,8804784	-0,037947297	-0,0044085383	-0,0032357667	-0,0057397671
41893	231,04004	-5,7703595	-5,619513	-0,044897199	-0,0052122474	-0,0037211422	-0,0064431913
41893	231,54004	-7,7203593	-6,4034405	-0,048226118	-0,0054666996	-0,0039674887	-0,0066642277
41893	232,04004	-9,6703596	-10,023343	-0,061812997	-0,0069564581	-0,0048628119	-0,0080631822
41893	232,54004	-11,620359	-11,910447	-0,069689751	-0,0076224804	-0,0053436658	-0,0088206641
41893	233,04004	-13,570359	-13,649086	-0,075769424	-0,0083148479	-0,0059375498	-0,0095410384
41893	233,54004	-15,52036	-15,620796	-0,081816316	-0,0090850592	-0,0064727119	-0,010471784
41893	234,04004	-17,47036	-17,727758	-0,088235736	-0,0098766685	-0,007029451	-0,011385262
41893	234,54004	-19,420361	-19,759184	-0,09329915	-0,010656953	-0,0075607281	-0,012207873
41893	235,04004	-21,370359	-21,659376	-0,099414587	-0,011412442	-0,0081828665	-0,013081212
41893	235,54004	-23,32036	-23,412567	-0,105986	-0,012104511	-0,008674507	-0,013852198
41893	236,04004	-25,270359	-25,25938	-0,10973513	-0,012770295	-0,0091962172	-0,014625665
41893	236,54004	-27,22036	-27,366503	-0,11569858	-0,013702035	-0,0098747648	-0,015609607
41893	237,04004	-29,170361	-29,479578	-0,12167394	-0,014469862	-0,010474824	-0,016510259
41893	237,54004	-31,120359	-31,422276	-0,12624562	-0,01526022	-0,010974935	-0,017366428
41893	238,04004	-33,070358	-33,137707	-0,13172925	-0,015934527	-0,011428669	-0,018092271
41893	238,54004	-35,020359	-35,029945	-0,1365453	-0,016673684	-0,011991892	-0,018920414
41893	239,04004	-36,97036	-37,0476	-0,14174283	-0,017421484	-0,012722867	-0,019853693
41893	239,54004	-38,920361	-39,145199	-0,14691651	-0,018275619	-0,013278941	-0,020715866
41893	240,04004	-40,870361	-41,222523	-0,15185773	-0,019045055	-0,013849288	-0,021663032
41893	240,54004	-42,820362	-43,039707	-0,15673935	-0,019795895	-0,014384109	-0,022412956
41893	241,04004	-44,770359	-44,760803	-0,16123652	-0,020436347	-0,014906721	-0,023115281
41893	241,54004	-46,72036	-46,679577	-0,16575754	-0,021201849	-0,015661627	-0,02398444
41893	242,04004	-48,670361	-48,825096	-0,17076135	-0,022156656	-0,016185723	-0,024957269
41893	242,54004	-50,620361	-50,940269	-0,1758635	-0,022918344	-0,016827695	-0,025851015
41893	243,04004	-52,570362	-52,823982	-0,1811564	-0,023664474	-0,017477244	-0,026608624
41893	243,54004	-54,520359	-54,506771	-0,18531978	-0,024253666	-0,017927922	-0,027370809
41893	244,04004	-56,47036	-56,429501	-0,18893182	-0,025094926	-0,018501667	-0,02818965
41893	244,54004	-58,420361	-58,473141	-0,19416809	-0,025889397	-0,019223511	-0,028995607
41893	245,04004	-60,370361	-60,641361	-0,19936562	-0,02672565	-0,019896062	-0,029980451
41893	245,54004	-62,320362	-62,64204	-0,20390451	-0,027519584	-0,020498049	-0,030834243
41893	246,04004	-64,270363	-64,352623	-0,20755827	-0,028129041	-0,021048944	-0,03149255
41893	246,54004	-66,22036	-66,164612	-0,21265745	-0,028867841	-0,021512067	-0,032325178
41893	247,04004	-68,170364	-68,158524	-0,21770895	-0,029632628	-0,02220564	-0,033102997
41893	247,54004	-70,120361	-70,321106	-0,22117794	-0,03042841	-0,022893529	-0,034017362
41893	248,04004	-72,070358	-72,394081	-0,22676289	-0,031209826	-0,023490956	-0,034891009
41893	248,54004	-74,020363	-74,195297	-0,23053288	-0,031897128	-0,024101077	-0,035603408
41893	249,04004	-75,97036	-75,930832	-0,23539662	-0,032594025	-0,024594514	-0,036336619
41893	249,54004	-77,920364	-77,910667	-0,23949146	-0,033324957	-0,025299052	-0,037182733
41893	250,04004	-79,870361	-79,960304	-0,24425983	-0,034152627	-0,02596613	-0,037965935
41893	250,54004	-81,820358	-82,115898	-0,24784207	-0,034908652	-0,026683949	-0,038856979
41893	251,04004	-83,770363	-84,099861	-0,25243759	-0,035678267	-0,027282998	-0,039662205
41893	251,54004	-85,72036	-85,747353	-0,25659502	-0,036262393	-0,02773248	-0,040275741
41893	252,04004	-87,670364	-87,588417	-0,26083291	-0,037005186	-0,028321207	-0,041104633
41893	252,54004	-89,620361	-89,683723	-0,26517212	-0,037910581	-0,028978309	-0,041978218
41893	253,04004	-91,570358	-91,821114	-0,26926994	-0,038622439	-0,029661546	-0,0427678
41893	253,54004	-93,520363	-93,85527	-0,27374029	-0,039369166	-0,030395187	-0,0435877
41893	254,04004	-95,47036	-95,621956	-0,27807057	-0,040091097	-0,030918794	-0,044310808
41893	254,54004	-97,420364	-97,366798	-0,281775	-0,040691912	-0,031476416	-0,044955641
41893	255,04004	-99,370361	-99,361572	-0,2861321	-0,041438937	-0,032186456	-0,045821302
41893	255,54004	-101,32036	-101,51369	-0,28981566	-0,042256773	-0,032788329	-0,046681132
41893	256,04004	-103,27036	-103,57447	-0,29475093	-0,042973638	-0,033507537	-0,047436304
41893	256,54004	-105,22036	-105,42223	-0,29756725	-0,043700337	-0,034169361	-0,048212152
41893	257,04004	-107,17036	-107,16752	-0,30256808	-0,044342041	-0,034641135	-0,04897606
41893	257,54004	-109,12036	-109,03039	-0,30670762	-0,045021832	-0,035305694	-0,049616758
41893	258,04004	-111,07036	-111,17212	-0,3112793	-0,045883954	-0,036041357	-0,050479364
41893	258,54004	-113,02036	-113,35676	-0,31551719	-0,046688557	-0,036690459	-0,051415291
41893	259,04004	-114,97036	-115,23769	-0,31901002	-0,047287524	-0,037411582	-0,052098028
41893	259,54004	-116,92036	-116,9168	-0,32293499	-0,047917724	-0,037828851	-0,052790642
41893	260,04004	-118,87036	-118,78082	-0,32719672	-0,048622012	-0,038492102	-0,053565979
41893	260,54004	-120,82037	-120,82085	-0,33135414	-0,049381196	-0,039225809	-0,054363891
41893	261,04004	-122	-122,36603	-0,33419132	-0,050006092	-0,03970914	-0,055099159
41893	261,54004	-122	-122,29169	-0,33504367	-0,050101221	-0,039799899	-0,05508884
41893	262,04004	-122	-122,05312	-0,33393502	-0,050051808	-0,039762851	-0,055126127
41893	262,54004	-122	-121,94403	-0,33530295	-0,050065756	-0,039710723	-0,055205289
41893	263,04004	-122	-122,01253	-0,33533871	-0,050151229	-0,039821923	-0,055188358
41893	263,54004	-122	-122,18494	-0,33541918	-0,050187111	-0,039893765	-0,055290923
41893	264,04004	-122	-122,25611	-0,33501685	-0,050367355	-0,039963841	-0,055422209
41893	264,54004	-122	-121,94698	-0,33504963	-0,05031538	-0,04006163	-0,055279341
41893	265,04004	-122	-121,85462	-0,33448637	-0,050294459	-0,039974272	-0,055356346
41893	265,54004	-122	-121,93754	-0,3362596	-0,050310731	-0,039971717	-0,055349175
41893	266,04004	-122	-122,14223	-0,3364712	-0,05040127	-0,040018573	-0,055486552
41893	266,54004	-122	-122,18645	-0,33587813	-0,050426006	-0,040137656	-0,055501971
41893	267,04004	-122	-122,01836	-0,3357172	-0,050517023	-0,040094059	-0,055509098
41893	267,54004	-122	-121,8653	-0,33505261	-0,05041492	-0,040036578	-0,055521447
41893	268,04004	-122	-121,87871	-0,33622682	-0,050433099	-0,040102687	-0,055506196
41893	268,54004	-122	-122,09574	-0,3364563	-0,050597191	-0,040204424	-0,055663243
41893	269,04004	-122	-122,19932	-0,33637583	-0,050652444	-0,040214073	-0,055663131
41893	269,54004	-122	-122,06844	-0,33582151	-0,050586998	-0,040210295	-0,055617079
41893	270,04004	-122	-121,87466	-0,33671558	-0,050519705	-0,040116992	-0,055652015
41893	270,54004	-122	-121,84535	-0,33684671	-0,050644577	-0,040188063	-0,055583544
41893	271,04004	-122	-122,04809	-0,33685565	-0,050629318	-0,040308513	-0,055723332
41893	271,54004	-122	-122,21332	-0,33614635	-0,050725222	-0,040321495	-0,055824321
41893	272,04004	-122	-122,11932	-0,33720136	-0,050768137	-0,040314365	-0,055746958
41893	272,54004	-122	-121,91302	-0,33655167	-0,050593257	-0,040317763	-0,05578072
41893	273,04004	-122	-121,8082	-0,33742189	-0,050620198	-0,040282048	-0,055713244
41893	273,54004	-122	-121,9715	-0,33746362	-0,050708413	-0,040416673	-0,055825949
41893	274,04004	-122	-122,18243	-0,33766925	-0,050834656	-0,040379938	-0,055958912
41893	274,54004	-122	-122,15401	-0,33660829	-0,050829291	-0,040422931	-0,055919573
41893	275,04004	-122	-121,96118	-0,33677816	-0,050781846	-0,040337846	-0,055895712
41893	275,54004	-122	-121,82625	-0,33734143	-0,050782025	-0,040299524	-0,055850126
41893	276,04004	-122	-121,90688	-0,33723712	-0,050801575	-0,040434953	-0,055923734
41893	276,54004	-122	-122,12412	-0,33798218	-0,050890446	-0,040465932	-0,056041058
41893	277,04004	-122	-122,16921	-0,33726096	-0,050977409	-0,040515598	-0,055983555
41893	277,54004	-122	-122,05479	-0,3374964	-0,050909758	-0,040470537	-0,055919345
41893	278,04004	-122	-121,8312	-0,33750236	-0,050892055	-0,040464509	-0,055915166
41893	278,54004	-122	-121,85083	-0,33735633	-0,050835133	-0,04051242	-0,055989198
41893	279,04004	-122	-122,07413	-0,33803582	-0,050916195	-0,040511917	-0,056078505
41893	279,54004	-122	-122,17673	-0,33776462	-0,051011801	-0,040595151	-0,05607922
41893	280,04004	-122	-122,12788	-0,33830106	-0,050951719	-0,040598828	-0,056098036
41893	280,54004	-122	-121,89093	-0,33789575	-0,050984144	-0,04046119	-0,056070544
41893	281,04004	-122	-121,82464	-0,33748746	-0,050985217	-0,040569618	-0,056034148
41893	281,54004	-122	-121,99972	-0,33866763	-0,051030636	-0,040605046	-0,056162249
41893	282,04004	-122	-122,14943	-0,33796132	-0,051072121	-0,040537056	-0,056196682
41893	282,54004	-122	-122,18428	-0,33831298	-0,051129162	-0,040675145	-0,056250855
41893	283,04004	-122	-121,93553	-0,33808947	-0,051062763	-0,040567312	-0,05607063
41893	283,54004	-122	-121,81929	-0,33763647	-0,051098585	-0,040612943	-0,056114681
41893	284,04004	-122	-121,92512	-0,33769608	-0,051080287	-0,040678915	-0,056163441
41893	284,54004	-122	-122,11053	-0,33850968	-0,051147521	-0,040751729	-0,056202799
41893	285,04004	-122	-122,22005	-0,33902228	-0,051180601	-0,040665846	-0,056325428
41893	285,54004	-122	-122,02084	-0,33867657	-0,051182866	-0,040613815	-0,056177221
41893	286,04004	-122	-121,8148	-0,33899546	-0,051107347	-0,040656332	-0,056156751
41893	286,54004	-122	-121,87962	-0,33931732	-0,051199675	-0,040683463	-0,056243982
41893	287,04004	-122	-122,06117	-0,33923686	-0,0511778	-0,040780872	-0,056276821
41893	287,54004	-122	-122,23255	-0,33865571	-0,051307678	-0,040863067	-0,056411173
41893	288,04004	-122	-122,09064	-0,33873022	-0,051217616	-0,040687978	-0,05629494
41893	288,54004	-122	-121,86387	-0,33939481	-0,051203907	-0,040738307	-0,056281399
41893	289,04004	-122	-121,86115	-0,33951104	-0,051268697	-0,040814202	-0,056301102
41893	289,54004	-122	-121,98177	-0,33913255	-0,051195741	-0,040693585	-0,05627824
41893	290,04004	-122	-122,15943	-0,33906698	-0,051285088	-0,040845048	-0,056402065
41893	290,54004	-122	-122,17651	-0,33890307	-0,051302075	-0,04072744	-0,056436315
41893	291,04004	-121,04785	-121,2427	-0,33727884	-0,051081836	-0,040602092	-0,056132372
41893	291,54004	-118,54785	-118,27993	-0,33246577	-0,050131917	-0,039730709	-0,055150233
41893	292,04004	-116,04785	-115,81825	-0,32922924	-0,049405932	-0,038928557	-0,054328669
41893	292,54004	-113,54785	-113,59182	-0,3239572	-0,048640668	-0,038350139	-0,053511869
41893	293,04004	-111,04785	-111,24641	-0,32087266	-0,047895372	-0,037562124	-0,052739181
41893	293,54004	-108,54785	-108,55228	-0,31477809	-0,047082365	-0,036802839	-0,051716026
41893	294,04004	-106,04785	-105,77435	-0,31003356	-0,046160519	-0,035999902	-0,050824974
41893	294,54004	-103,54785	-103,22868	-0,30478835	-0,045368552	-0,035231054	-0,049915902
41893	295,04004	-101,04785	-100,83659	-0,30037761	-0,044431627	-0,034509771	-0,049042538
41893	295,54004	-98,547852	-98,581757	-0,29575825	-0,043842316	-0,033786289	-0,048242256
41893	296,04004	-96,047852	-96,091125	-0,29163063	-0,042967916	-0,03309061	-0,047281429
41893	296,54004	-93,547852	-93,343185	-0,2858907	-0,041964889	-0,032228753	-0,046334881
41893	297,04004	-91,047852	-90,738396	-0,28024316	-0,041063964	-0,031442508	-0,045450505
41893	297,54004	-88,547852	-88,285194	-0,27552843	-0,040291488	-0,030772505	-0,044441815
41893	298,04004	-86,047852	-86,024139	-0,27092099	-0,039435863	-0,030000964	-0,04361717
41893	298,54004	-83,547852	-83,68663	-0,26628673	-0,038632989	-0,029314587	-0,042800836
41893	299,04004	-81,047852	-80,926056	-0,26120842	-0,037759006	-0,028463008	-0,041723564
41893	299,54004	-78,547852	-78,248734	-0,25526881	-0,036751091	-0,027633628	-0,040692821
41893	300,04004	-76,047852	-75,767204	-0,25007129	-0,035848081	-0,026910329	-0,039790098
41893	300,54004	-73,547852	-73,402695	-0,24412274	-0,035021603	-0,026103219	-0,038776048
41893	301,04004	-71,047852	-71,127983	-0,23978055	-0,034132838	-0,025297219	-0,037890181
41893	301,54004	-68,547852	-68,543694	-0,2343744	-0,033196032	-0,024677675	-0,036891434
41893	302,04004	-66,047852	-65,79866	-0,22800863	-0,032141805	-0,023784716	-0,035789542
41893	302,54004	-63,547852	-63,278145	-0,22240877	-0,031257391	-0,02308243	-0,034839951
41893	303,04004	-61,047852	-60,840492	-0,21761954	-0,030258119	-0,022379644	-0,033748552
41893	303,54004	-58,547852	-58,553745	-0,21183193	-0,029408395	-0,021589229	-0,032802224
41893	304,04004	-56,047852	-56,101738	-0,20580888	-0,028374135	-0,02092774	-0,031815641
41893	304,54004	-53,547852	-53,357986	-0,19919872	-0,027339816	-0,020064181	-0,03068918
41893	305,04004	-51,047852	-50,800819	-0,1930207	-0,02634114	-0,019305523	-0,029678611
41893	305,54004	-48,547852	-48,292931	-0,18678904	-0,025314927	-0,018552827	-0,028536856
41893	306,04004	-46,047852	-45,984566	-0,18036664	-0,024328351	-0,017810505	-0,027529398
41893	306,54004	-43,547852	-43,619209	-0,17415881	-0,023383617	-0,017106952	-0,026487961
41893	307,04004	-41,047852	-40,921349	-0,16735494	-0,022187769	-0,01635237	-0,025280375
41893	307,54004	-38,547852	-38,278259	-0,16083717	-0,021133125	-0,015409193	-0,024141677
41893	308,04004	-36,047852	-35,770031	-0,1550734	-0,020087004	-0,014702057	-0,023010645
41893	308,54004	-33,547852	-33,445179	-0,14853477	-0,019072771	-0,013914822	-0,021942895
41893	309,04004	-31,047852	-31,089722	-0,14156699	-0,018085063	-0,01329407	-0,020905748
41893	309,54004	-28,547852	-28,516788	-0,13351142	-0,016950071	-0,012527653	-0,019692909
41893	310,04004	-26,047852	-25,80769	-0,12636781	-0,01583302	-0,011634312	-0,018361721
41893	310,54004	-23,547852	-23,307209	-0,119403	-0,014687836	-0,010822834	-0,017262187
41893	311,04004	-21,047852	-20,891054	-0,11193752	-0,01363641	-0,010024516	-0,015979245
41893	311,54004	-18,547852	-18,540817	-0,10438561	-0,01257503	-0,0092765419	-0,014907263
41893	312,04004	-16,047852	-16,092983	-0,09624958	-0,011553049	-0,0085359402	-0,013665475
41893	312,54004	-13,547852	-13,384276	-0,086733699	-0,010322154	-0,0076268637	-0,012284324
41893	313,04004	-11,047852	-10,803333	-0,077548623	-0,0092223287	-0,0067917011	-0,011050787
41893	313,54004	-8,5478516	-8,4364605	-0,067353249	-0,00812608	-0,0059128907	-0,0098475479
41893	314,04004	-6,0478516	-6,1397161	-0,057342649	-0,0070824027	-0,0051346836	-0,0086618625
41893	314,54004	-3,5478516	-3,6922042	-0,043326616	-0,0059156418	-0,0043986747	-0,0074843988
41893	315,04004	-1,0478516	-1,9658599	-0,031769276	-0,0049557686	-0,0038370909	-0,0065386519
41893	315,54004	-1	-1,0946579	-0,023782253	-0,0045752525	-0,0035558192	-0,0059734359
41893	316,04004	-1	-0,65974891	-0,019273162	-0,0043721795	-0,0033989144	-0,0055909045
41893	316,54004	-1	-0,73374623	-0,018325448	-0,0043362379	-0,0032812851	-0,0055437982
41893	317,04004	-1	-0,75168347	-0,019097328	-0,0042705536	-0,0032968533	-0,0054384954
41893	317,54004	-1	-0,78257549	-0,017878413	-0,0042482615	-0,0033054906	-0,0054290257
41893	318,04004	-1	-0,76953697	-0,018811226	-0,0042905211	-0,0032591468	-0,0053744018
41893	318,54004	-1	-0,81269628	-0,019073486	-0,0042399168	-0,003328287	-0,0053461269
41893	319,04004	-1	-0,91798788	-0,019547343	-0,004242897	-0,0032060284	-0,0054473989
41893	319,54004	-1	-0,92664546	-0,019282103	-0,0042610168	-0,0032288472	-0,0053273551
41893	320,04004	-1	-0,96315145	-0,019839406	-0,0042406321	-0,0033090676	-0,0053124614
41893	320,54004	-1	-0,93878806	-0,019973516	-0,0042096376	-0,0032037268	-0,0052834488
41893	321,04004	-1	-0,90041757	-0,019618869	-0,0041683316	-0,0029964552	-0,0052071474
41893	321,54004	-1	-0,97858536	-0,019440055	-0,0041427016	-0,0031827488	-0,005288709
41893	322,04004	-1	-1,0507889	-0,018936396	-0,0041416883	-0,0032872527	-0,0052959658
41893	322,54004	-1	-1,0161791	-0,01989305	-0,0040941834	-0,003057735	-0,0052385479
41893	323,04004	-1	-0,9778831	-0,018844008	-0,0041037798	-0,0031337687	-0,0052214377
41893	323,54004	-1	-0,96469933	-0,019127131	-0,0041478872	0,00030411629	-0,0052161403
41893	324,04004	0	0,092502683	4,6340885	-0,0040171742	-0,00902119	-0,0043928847

Datenerfassung						Zeit:	324,07617	s	11.09.2014 13:49:01
Ch 1 Kraft	Ch 1 W2TK Mittel	1944 A	1944 B	1281068
kN	mm	mm	mm	mm
0,15557185	2,0340588	0,00028705888	2,4862912	0,10276487
-123,21412	2,0338938	-0,00021999644	-3,1094217	-0,059765816
