MTS793|MPT|DEU|1|2|,|.|:|49|1|1|A

Bediener Information						Zeit:	17,523438	s	30.06.2023 08:18:10
Datum	30.6.2023
Prüfer	Mac, Sc
Probe 	Pittrich TP2_CEM I_420_oF 30.5.23 Druck E-Modul 6
Masse	5417,7
Länge	300,0
Durchmesser	99,1
Bediener Information Ende

Datenerfassung						Zeit:	476,29199	s	30.06.2023 08:25:49
Datum	Laufzeit	Ch 1 Kraft Sollwert	Ch 1 Kraft	Ch 1 Weg	1470533	1470534	1281068
d	s	kN	kN	mm	mm	mm	mm
45107	18,032227	-0,37672353	0,0032056123	4,9897985	-0,13796727	0,77346277	0,02033064
45107	18,532227	-0,76659119	-0,02063252	4,9460993	-0,13791625	0,77319539	0,020186581
45107	19,032227	-1,1564589	-0,011032447	4,8642712	-0,13802086	0,773283	0,020207414
45107	19,532227	-1,5463265	0,00050477684	4,7468228	-0,13802633	0,77354389	0,02020915
45107	20,032227	-1,9361941	-0,012334436	4,5913262	-0,13805145	0,77320069	0,020232182
45107	20,532227	-2,3260617	-0,0085216016	4,3987379	-0,1379959	0,77347517	0,020236008
45107	21,032227	-2,7159295	0,0069141388	4,1695104	-0,13796991	0,77329797	0,020262597
45107	21,532227	-3,1057971	-0,012246892	3,9057479	-0,13795631	0,77339244	0,02031026
45107	22,032227	-3,4956646	-0,014226884	3,6021545	-0,1380109	0,77339393	0,020238155
45107	22,532227	-3,8855324	0,0050850213	3,2615588	-0,13793406	0,77322441	0,020350276
45107	23,032227	-3,9000001	-0,022340566	2,8919742	-0,1379402	0,77360851	0,020246482
45107	23,532227	-3,9000001	-0,017719343	2,5146499	-0,13806397	0,77322775	0,020260766
45107	24,032227	-3,9000001	0,010205433	2,1275983	-0,13796711	0,77341259	0,020334417
45107	24,532227	-3,9000001	-0,020783395	1,729928	-0,13804385	0,77340245	0,020270571
45107	25,032227	-3,9000001	-0,0082589686	1,3229861	-0,13797539	0,77321768	0,02025426
45107	25,532227	-3,9000001	-0,0012014061	0,90341717	-0,13793945	0,77356237	0,020331535
45107	26,032227	-3,9000001	-0,011626631	0,47419816	-0,13795146	0,77325553	0,02025268
45107	26,532227	-3,9000001	-0,25873071	0,034837425	-0,13800232	0,77352285	0,020243805
45107	27,032227	-3,9000001	-4,8264098	-0,093203783	-0,13801421	0,77247268	0,020224677
45107	27,532227	-3,9000001	-5,5353308	-0,098958611	-0,1379606	0,77425301	0,020328142
45107	28,032227	-3,9000001	-5,6176481	-0,099360943	-0,13801216	0,77300876	0,020210493
45107	28,532227	-3,9000001	-5,6312327	-0,09997189	-0,13798793	0,773265	0,020237248
45107	29,032227	-3,9000001	-5,6063867	-0,099253654	-0,13797209	0,77395636	0,02027042
45107	29,532227	-3,9000001	-5,5971837	-0,099259615	-0,1379631	0,77286851	0,020319195
45107	30,032227	-3,9000001	-5,5325961	-0,099155307	-0,13793547	0,77416664	0,020292889
45107	30,532227	-3,9000001	-5,5029111	-0,098274648	-0,13790828	0,77314037	0,020265704
45107	31,032227	-3,9000001	-5,4355936	-0,098778307	-0,13796808	0,77331877	0,020280689
45107	31,532227	-3,9000001	-5,4102187	-0,099025667	-0,13798538	0,77395457	0,020295443
45107	32,032227	-3,9000001	-5,3608437	-0,098071992	-0,13800128	0,77267557	0,020294327
45107	32,532227	-3,9000001	-5,3021574	-0,097700953	-0,13796999	0,77381212	0,020329408
45107	33,032227	-3,9000001	-5,2229185	-0,097674131	-0,13797136	0,7732951	0,020284519
45107	33,532227	-3,9000001	-5,1986651	-0,097255409	-0,13794409	0,77323651	0,020251311
45107	34,032227	-3,9000001	-5,1789136	-0,097717345	-0,1379841	0,77384311	0,020213831
45107	34,532227	-3,9000001	-5,1118245	-0,096839666	-0,13786244	0,77283317	0,020315403
45107	35,032227	-3,9000001	-5,0846357	-0,097247958	-0,1379047	0,77383566	0,020243403
45107	35,532227	-3,9000001	-5,0466619	-0,095839798	-0,13796777	0,77334374	0,0202445
45107	36,032227	-3,9000001	-4,9967785	-0,09598434	-0,13792343	0,77316773	0,020245373
45107	36,532227	-3,9000001	-4,9626937	-0,095252693	-0,13791099	0,77377075	0,020226916
45107	37,032227	-3,9000001	-4,9527922	-0,096024573	-0,13794905	0,7730155	0,020285843
45107	37,532227	-3,9000001	-4,9107504	-0,09624064	-0,13798921	0,77375245	0,020269286
45107	38,032227	-3,9000001	-4,8955417	-0,095586479	-0,13800356	0,77334166	0,020223031
45107	38,532227	-3,9000001	-4,8631744	-0,095394254	-0,13802487	0,77332985	0,020296149
45107	39,032227	-3,9000001	-4,8516912	-0,095531344	-0,13798741	0,77370876	0,020254469
45107	39,532227	-3,9000001	-4,8244076	-0,096206367	-0,13791205	0,77321362	0,020302698
45107	40,032227	-3,9000001	-4,8163514	-0,096182525	-0,13800198	0,77355129	0,020279272
45107	40,532227	-3,9000001	-4,7901459	-0,094588101	-0,13799885	0,77334261	0,020251453
45107	41,032227	-3,9000001	-4,7618151	-0,094614923	-0,1379675	0,77330399	0,020268412
45107	41,532227	-3,9000001	-4,7065763	-0,094664097	-0,13782142	0,77369404	0,02031838
45107	42,032227	-3,9000001	-4,6953874	-0,094152987	-0,13797764	0,77318299	0,020266166
45107	42,532227	-3,9000001	-4,644515	-0,094613433	-0,13794214	0,77367681	0,020258777
45107	43,032227	-3,9000001	-4,6352277	-0,094021857	-0,13798882	0,77348733	0,020221455
45107	43,532227	-3,9000001	-4,5777187	-0,094568729	-0,13786951	0,77316368	0,020332636
45107	44,032227	-3,9000001	-4,5184512	-0,093269348	-0,13794646	0,77374816	0,02028653
45107	44,532227	-3,9000001	-4,5218077	-0,093775988	-0,13799061	0,77322799	0,020218654
45107	45,032227	-3,9000001	-4,4772477	-0,093197823	-0,13787043	0,77353048	0,020267352
45107	45,532227	-3,9000001	-4,483521	-0,092624128	-0,13797592	0,77363622	0,020129755
45107	46,032227	-3,9000001	-4,4563599	-0,093610585	-0,13790852	0,77317977	0,020222874
45107	46,532227	-3,9000001	-4,4148507	-0,092229247	-0,13792878	0,77387029	0,020204067
45107	47,032227	-3,9000001	-4,4125357	-0,093342364	-0,1379261	0,77326268	0,020220639
45107	47,532227	-3,9000001	-4,3840799	-0,093047321	-0,13797778	0,77371651	0,020232078
45107	48,032227	-3,9000001	-4,4039545	-0,092826784	-0,13794166	0,77348971	0,020187255
45107	48,532227	-3,9000001	-4,367383	-0,092037022	-0,13795188	0,77324247	0,02020918
45107	49,032227	-3,9000001	-4,3335838	-0,091721117	-0,13792655	0,77397388	0,020248475
45107	49,532227	-3,9000001	-4,3547525	-0,092209876	-0,13793701	0,77324784	0,020171715
45107	50,032227	-3,9000001	-4,3014307	-0,091901422	-0,13792093	0,77354181	0,020241555
45107	50,532227	-3,9000001	-4,3494964	-0,092488527	-0,13793504	0,77360708	0,020178463
45107	51,032227	-3,9000001	-4,275836	-0,092089176	-0,13791752	0,77324557	0,020266371
45107	51,532227	-3,9000001	-4,2707977	-0,091820955	-0,13790767	0,77379978	0,020161591
45107	52,032227	-3,9000001	-4,2732134	-0,091822445	-0,13789268	0,77337199	0,020178713
45107	52,532227	-3,9000001	-4,2454472	-0,092257559	-0,13786973	0,77341312	0,020185491
45107	53,032227	-3,9000001	-4,2509584	-0,092197955	-0,13789299	0,77366406	0,020186596
45107	53,532227	-3,9000001	-4,2366886	-0,09136945	-0,13799204	0,77333659	0,020131595
45107	54,032227	-3,9000001	-4,2056756	-0,092089176	-0,13798065	0,77379322	0,020173021
45107	54,532227	-3,9000001	-4,1970892	-0,092281401	-0,13795319	0,77337766	0,020258455
45107	55,032227	-3,9000001	-4,172893	-0,091676414	-0,13797599	0,77372944	0,02021461
45107	55,532227	-3,9000001	-4,188221	-0,091616809	-0,13797295	0,77350336	0,020210259
45107	56,032227	-3,9000001	-4,2024274	-0,09124428	-0,13794495	0,7736088	0,020167124
45107	56,532227	-3,9000001	-4,1673126	-0,091035664	-0,13788672	0,7735042	0,020231742
45107	57,032227	-3,9000001	-4,1964893	-0,090827048	-0,13794458	0,77337849	0,020229248
45107	57,532227	-3,9000001	-4,1496048	-0,090672076	-0,13792852	0,77375638	0,020210352
45107	58,032227	-3,9000001	-4,1444936	-0,091208518	-0,13795343	0,77344036	0,02028597
45107	58,532227	-3,9000001	-4,1293073	-0,090739131	-0,13791373	0,77357471	0,020245187
45107	59,032227	-3,9000001	-4,1348543	-0,091134012	-0,13788883	0,77351665	0,020220885
45107	59,532227	-3,9000001	-4,1070042	-0,090576708	-0,1378787	0,77349758	0,020293599
45107	60,032227	-3,9000001	-4,1423755	-0,091008842	-0,1380146	0,77370268	0,020223621
45107	60,532227	-3,9000001	-4,1160212	-0,090429187	-0,13803996	0,77343732	0,020270137
45107	61,032227	-3,9000001	-4,0901842	-0,090150535	-0,13797173	0,77371198	0,020234289
45107	61,532227	-3,9000001	-4,0850883	-0,091730058	-0,13792868	0,77359986	0,020212591
45107	62,032227	-3,9000001	-4,1041894	-0,090456009	-0,13801438	0,77347058	0,020205919
45107	62,532227	-3,9000001	-4,0904732	-0,090302527	-0,13802373	0,77373546	0,020210801
45107	63,032227	-3,9000001	-4,0526557	-0,090745091	-0,13786173	0,77347386	0,020197807
45107	63,532227	-3,9000001	-4,0563607	-0,090563297	-0,13796185	0,77365494	0,02024669
45107	64,032227	-3,9000001	-4,0392241	-0,090655684	-0,13794062	0,77353936	0,02029651
45107	64,532227	-3,9000001	-4,0544758	-0,090503693	-0,13802268	0,77361995	0,020160625
45107	65,032227	-3,9000001	-4,0576477	-0,089924037	-0,1379164	0,77354074	0,020171935
45107	65,532227	-3,9000001	-4,0478911	-0,090223551	-0,13800099	0,77352101	0,020220662
45107	66,032227	-3,9000001	-4,0432029	-0,090011954	-0,13796921	0,77367592	0,020236079
45107	66,532227	-3,9000001	-4,0250139	-0,090573728	-0,13795367	0,7735759	0,020312287
45107	67,032227	-3,9000001	-4,0209742	-0,089733303	-0,13795665	0,77354246	0,020281306
45107	67,532227	-3,9000001	-4,0244646	-0,089643896	-0,13798489	0,77357721	0,020205671
45107	68,032227	-3,9000001	-4,0462689	-0,089786947	-0,1380066	0,7734828	0,020194881
45107	68,532227	-3,9000001	-4,027689	-0,089786947	-0,13794343	0,77348977	0,020182379
45107	69,032227	-3,9000001	-4,0324926	-0,090184808	-0,13801019	0,77373207	0,02023609
45107	69,532227	-3,9000001	-4,0035343	-0,08944869	-0,13794534	0,77347922	0,020220239
45107	70,032227	-3,9000001	-3,9990897	-0,090356171	-0,13797738	0,77361751	0,0202247
45107	70,532227	-3,9000001	-3,9910097	-0,089740753	-0,13789362	0,77371097	0,020229574
45107	71,032227	-3,9000001	-3,9896407	-0,089609623	-0,13789229	0,77342409	0,020188473
45107	71,532227	-3,9000001	-3,9793234	-0,08905679	-0,13794146	0,77380139	0,020230858
45107	72,032227	-3,9000001	-3,963083	-0,089861453	-0,13791695	0,77355629	0,020241808
45107	72,532227	-3,9000001	-3,9758124	-0,089368224	-0,13789704	0,77376658	0,020196989
45107	73,032227	-3,9000001	-3,9567595	-0,090634823	-0,13802959	0,77379543	0,020203967
45107	73,532227	-3,9000001	-3,9672422	-0,090488791	-0,13791129	0,77361155	0,020286025
45107	74,032227	-3,9000001	-3,9536431	-0,090159476	-0,13797264	0,77380174	0,020255361
45107	74,532227	-3,9000001	-3,9678607	-0,089521706	-0,13787994	0,77352864	0,020246664
45107	75,032227	-3,9000001	-3,9651637	-0,090034306	-0,13796762	0,77366501	0,02019465
45107	75,532227	-3,9000001	-3,9644613	-0,08970201	-0,13799724	0,77375489	0,022682989
45107	76,032227	-3,9000001	-3,9596968	-0,090403855	-0,13789159	0,73475713	0,011347121
45107	76,532227	-3,9000001	-3,945509	-0,089456141	-0,13790774	0,77544117	0,031722572
45107	77,032227	-3,9000001	-3,9443429	-0,089666247	-0,13792233	0,47229335	0,020732876
45107	77,532227	-3,9000001	-3,9231312	-0,089836121	-0,13793042	0,45414603	0,026394667
45107	78,032227	-3,9000001	-3,9445906	-0,089691579	-0,13794243	0,47698569	0,017057236
45107	78,532227	-3,9000001	-3,9403384	-0,088694692	-0,13798149	0,52876383	0,024470054
45107	79,032227	-3,9000001	-3,9579849	-0,08970499	-0,13798808	0,59440875	0,022362137
45107	79,532227	-3,9000001	-3,9404557	-0,089499354	-0,1379804	0,65762544	0,021747319
45107	80,032227	-3,9000001	-3,9511063	-0,089749694	-0,13795067	0,71333897	0,021072805
45107	80,532227	-3,9000001	-3,9284658	-0,089342892	-0,13792649	0,7506935	0,023949245
45107	81,032227	-3,9000001	-3,957808	-0,089490414	-0,1379088	0,76620293	0,011906388
45107	81,532227	-3,9000001	-3,938375	-0,089094043	-0,13786265	0,76013923	0,024575314
45107	82,032227	-3,9000001	-3,9277151	-0,088892877	-0,1379142	0,7369619	0,02328445
45107	82,532227	-3,9000001	-3,9281361	-0,089147687	-0,13788229	0,70372242	0,0068788002
45107	83,032227	-3,9000001	-3,9177444	-0,08956939	-0,13786656	0,66844481	0,023059703
45107	83,532227	-3,9000001	-3,9291587	-0,089068711	-0,13792422	0,63840055	0,012416702
45107	84,032227	-3,9000001	-3,9141905	-0,088725984	-0,13796036	0,61860836	0,0055503612
45107	84,532227	-3,9000001	-3,9306917	-0,088971853	-0,13791397	0,6118018	0,014761583
45107	85,032227	-3,9000001	-3,914727	-0,089178979	-0,13796453	0,61718935	0,0037825168
45107	85,532227	-3,9000001	-3,9215367	-0,088588893	-0,13801645	0,63165671	0,0094030127
45107	86,032227	-3,9000001	-3,9321742	-0,08880049	-0,13793974	0,65111053	0,014482385
45107	86,532227	-3,9000001	-3,9256978	-0,088839233	-0,13789625	0,67045945	0,01453545
45107	87,032227	-3,9000001	-3,9519911	-0,088743865	-0,13782719	0,68594271	0,014636911
45107	87,532227	-3,9000001	-3,9288905	-0,089231133	-0,13801335	0,69453275	0,015336917
45107	88,032227	-3,9000001	-3,9291792	-0,088773668	-0,13793893	0,69559276	0,032294113
45107	88,532227	-3,9000001	-3,9393399	-0,089126825	-0,13796251	0,68998921	0,04365262
45107	89,032227	-3,9000001	-3,9519928	-0,089356303	-0,13798819	0,68013614	0,055875778
45107	89,532227	-3,9000001	-3,933847	-0,088810921	-0,13798788	0,66860652	0,059328243
45107	90,032227	-3,9000001	-3,9607956	-0,089024007	-0,13795184	0,65829188	0,085578524
45107	90,532227	-3,9000001	-3,9344337	-0,089223683	-0,13790004	0,65123177	0,086525291
45107	91,032227	-3,9000001	-3,9289052	-0,08906424	-0,13794973	0,64820176	0,086492509
45107	91,532227	-3,9000001	-3,9407146	-0,088992715	-0,13793007	0,64952749	0,086529754
45107	92,032227	-3,9000001	-3,9112215	-0,089329481	-0,13790211	0,65417594	0,086548202
45107	92,532227	-3,9000001	-3,9398837	-0,088348985	-0,14118195	0,66049892	0,086491592
45107	93,032227	-3,9000001	-3,9116275	-0,089198351	-0,13915741	0,66710466	0,086604059
45107	93,532227	-3,9000001	-3,9377809	-0,088256598	-0,13931139	0,67230546	0,086520702
45107	94,032227	-3,9000001	-3,9347074	-0,088901818	-0,13534458	0,67521578	0,086628869
45107	94,532227	-3,9000001	-3,9460883	-0,08893013	-0,13573372	0,6755321	0,086566843
45107	95,032227	-3,9000001	-3,9481261	-0,088009238	-0,13533524	0,67360789	0,08660952
45107	95,532227	-3,9000001	-3,948385	-0,088913739	-0,13526227	0,6702103	0,086605974
45107	96,032227	-3,9000001	-3,9508362	-0,088997185	-0,11674677	0,6663506	0,086545452
45107	96,532227	-3,9000001	-3,9401278	-0,088837743	-0,11462018	0,66291648	0,086607538
45107	97,032227	-3,9000001	-3,9459002	-0,088708103	-0,15118416	0,66063559	0,086574115
45107	97,532227	-3,9000001	-3,9234254	-0,089015067	-0,13862124	0,65987474	0,086677805
45107	98,032227	-3,9000001	-3,9277728	-0,088898838	-0,12814139	0,66050464	0,086615853
45107	98,532227	-3,9000001	-3,9001815	-0,088487566	-0,14611782	0,66207707	0,086659729
45107	99,032227	-3,9000001	-3,9322879	-0,089094043	-0,1470488	0,66430819	0,086580157
45107	99,532227	-3,9000001	-3,9096735	-0,089201331	-0,14571498	0,66643447	0,086679712
45107	100,03223	-3,9000001	-3,920542	-0,088362396	-0,13821374	0,66776484	0,086661674
45107	100,53223	-3,9000001	-3,9014573	-0,088629127	-0,13821563	0,66853833	0,086573817
45107	101,03223	-3,9000001	-3,9424412	-0,088439882	-0,12877467	0,66853356	0,086569704
45107	101,53223	-3,9000001	-3,932761	-0,088743865	-0,14027078	0,66779852	0,08664903
45107	102,03223	-3,9000001	-3,926389	-0,088663399	-0,15175387	0,66673654	0,086652853
45107	102,53223	-3,9000001	-3,9137769	-0,089065731	-0,14743489	0,66561347	0,086619183
45107	103,03223	-3,9000001	-3,9282124	-0,089128315	-0,14902681	0,66473746	0,086689137
45107	103,53223	-3,9000001	-3,9200318	-0,089021027	-0,13695112	0,66417408	0,086717345
45107	104,03223	-3,9000001	-3,9011185	-0,088444352	-0,13990721	0,6640237	0,086671583
45107	104,53223	-3,9000001	-3,9204583	-0,08854717	-0,14409126	0,66426587	0,086648755
45107	105,03223	-3,9000001	-3,9028208	-0,088761747	-0,14363796	0,66455525	0,086740971
45107	105,53223	-3,9000001	-3,9383676	-0,089596212	-0,15714273	0,66529673	0,086682685
45107	106,03223	-3,9000001	-3,8992968	-0,088883936	-0,14666592	0,6658299	0,086671151
45107	106,53223	-3,9000001	-3,9332044	-0,08855015	-0,14033952	0,66627222	0,086700074
45107	107,03223	-3,9000001	-3,9071441	-0,089234114	-0,1403574	0,66651458	0,086628348
45107	107,53223	-3,9000001	-3,9169676	-0,088623166	-0,14519545	0,6663965	0,086679824
45107	108,03223	-3,9000001	-3,9250851	-0,087983906	-0,1405604	0,66614336	0,086729638
45107	108,53223	-3,9000001	-3,9178245	-0,088754296	-0,14051394	0,66581148	0,086715423
45107	109,03223	-3,9000001	-3,9190986	-0,089135766	-0,14063294	0,66568542	0,086681508
45107	109,53223	-3,9000001	-3,9220881	-0,088118017	-0,1405465	0,66538829	0,086649202
45107	110,03223	-3,9000001	-3,9220414	-0,088967383	-0,14055468	0,66516888	0,086735077
45107	110,53223	-3,9000001	-3,9206612	-0,089104474	-0,140551	0,66520733	0,086704135
45107	111,03223	-3,9000001	-3,9200597	-0,088846684	-0,14044648	0,66524601	0,086696081
45107	111,53223	-3,9000001	-3,912147	-0,089244545	-0,14051911	0,66523725	0,086689897
45107	112,03223	-3,9000001	-3,9133523	-0,088207424	-0,14050712	0,6654948	0,086692713
45107	112,53223	-3,9000001	-3,9192102	-0,088790059	-0,14044406	0,66558713	0,086683758
45107	113,03223	-3,9000001	-3,9262381	-0,089171529	-0,14050759	0,66565222	0,086700507
45107	113,53223	-3,9000001	-3,8992801	-0,088320673	-0,14053878	0,66572303	0,086644985
45107	114,03223	-3,9000001	-3,9351788	-0,088788569	-0,14057414	0,6657756	0,086649723
45107	114,53223	-3,9000001	-3,9278996	-0,087802112	-0,14050564	0,66574144	0,086702518
45107	115,03223	-3,9000001	-3,9335153	-0,08802563	-0,1405341	0,66577351	0,086686835
45107	115,53223	-3,9000001	-3,9311891	-0,087486207	-0,13952693	0,66566205	0,086616345
45107	116,03223	-3,9000001	-3,928354	-0,088271499	-0,13823465	0,66556841	0,086587682
45107	116,53223	-3,9000001	-3,9199367	-0,088350475	-0,11640373	0,66546088	0,086592704
45107	117,03223	-3,9000001	-3,9157085	-0,088863075	-0,098828532	0,66558301	0,08663781
45107	117,53223	-3,9000001	-3,9291923	-0,089539587	-0,09869203	0,66556871	0,086648174
45107	118,03223	-3,9000001	-3,9162748	-0,088858604	-0,09857738	0,66559267	0,08661592
45107	118,53223	-3,9000001	-3,9215739	-0,088188052	-0,098410547	0,66568178	0,086668983
45107	119,03223	-3,9000001	-3,9004927	-0,088393688	-0,09840735	0,66569799	0,086603634
45107	119,53223	-3,9000001	-3,9245784	-0,08777976	-0,09847264	0,66568875	0,086608745
45107	120,03223	-3,9000001	-3,9198735	-0,088866055	-0,098319769	-0,54534984	0,086653851
45107	120,53223	-3,9000001	-3,9067194	-0,087967515	-0,098304681	0,85776222	0,086682282
45107	121,03223	-3,9000001	-3,9324706	-0,088457763	-0,098299272	0,36049318	0,086652681
45107	121,53223	-3,9000001	-3,9105172	-0,088956952	-0,098270617	0,64232469	0,086592585
45107	122,03223	-3,9000001	-3,9084368	-0,088380277	-0,098270021	0,50975049	0,086599499
45107	122,53223	-3,9000001	-3,9063227	-0,088407099	-0,09818387	0,37305325	0,086646274
45107	123,03223	-3,9000001	-3,9067137	-0,088588893	-0,09817452	0,24082422	0,086609982
45107	123,53223	-3,9000001	-3,9171948	-0,088894367	-0,098240346	0,35668138	0,086717941
45107	124,03223	-3,9000001	-3,9087496	-0,088138878	-0,098072775	-0,14155889	0,086601801
45107	124,53223	-3,9000001	-3,9129984	-0,088171661	-0,098114878	-0,78081262	0,086661518
45107	125,03223	-3,9000001	-3,9002075	-0,088512897	-0,09810292	0,23363638	0,086562872
45107	125,53223	-3,9000001	-3,9119256	-0,088614225	-0,098115981	-0,5057072	0,08664804
45107	126,03223	-3,9000001	-3,9213729	-0,088663399	-0,098111138	-0,92752296	0,086546846
45107	126,53223	-3,9000001	-3,9119163	-0,088758767	-0,098094791	-0,72762197	0,086628683
45107	127,03223	-3,9000001	-3,9311833	-0,08853972	-0,098074831	-0,48870447	0,086617731
45107	127,53223	-3,9000001	-3,9116163	-0,088456273	-0,09807875	0,48510176	0,086611964
45107	128,03223	-3,9000001	-3,9435122	-0,08853972	-0,097993374	1,0471356	0,086599343
45107	128,53223	-3,9000001	-3,9188526	-0,088398159	-0,098000549	0,99968356	0,086637504
45107	129,03223	-3,9000001	-3,9297397	-0,088779628	-0,098090641	2,2022631	0,086606637
45107	129,53223	-3,9000001	-3,9303136	-0,088222325	-0,097990625	2,7553306	0,086643159
45107	130,03223	-3,9000001	-3,8970671	-0,088311732	-0,09794312	2,782943	0,086605676
45107	130,53223	-3,9000001	-3,9068608	-0,088177621	-0,097977929	-2,3604884	0,086687498
45107	131,03223	-3,9000001	-3,8776436	-0,088088214	-0,097858675	-0,045195751	0,086568467
45107	131,53223	-3,9000001	-3,8913937	-0,08790195	-0,097964361	-0,0037638191	0,086661212
45107	132,03223	-3,9000001	-3,8955266	-0,088600814	-0,097885713	0,0010105111	0,086667448
45107	132,53223	-3,9000001	-3,9030387	-0,088471174	-0,097971477	-0,0033844616	0,086635098
45107	133,03223	-3,9000001	-3,9010718	-0,087954104	-0,097875945	-0,0069904756	0,086702958
45107	133,53223	-3,9000001	-3,8985536	-0,088620186	-0,097921424	-0,0072636213	0,086638391
45107	134,03223	-3,9000001	-3,918467	-0,087983906	-0,097961761	-0,0074435491	0,086677805
45107	134,53223	-3,9000001	-3,9155371	-0,088313222	-0,097968124	-0,0078618396	0,086648807
45107	135,03223	-3,9000001	-3,9285328	-0,088602304	-0,097860701	-0,0032961983	0,086675376
45107	135,53223	-3,9000001	-3,9192085	-0,088018179	-0,097794339	-0,022319997	0,086562246
45107	136,03223	-3,9000001	-3,9265826	-0,088500977	-0,096259303	0,011377636	0,086612627
45107	136,53223	-3,9000001	-3,9170141	-0,088506937	-0,081245705	0,012602847	0,086636558
45107	137,03223	-3,9000001	-3,9137118	-0,088323653	-0,079860441	-0,015496952	0,086662889
45107	137,53223	-3,9000001	-3,9247386	-0,088578463	-0,079302765	-0,011531429	0,086580642
45107	138,03223	-3,9000001	-3,8930812	-0,087755919	-0,078892849	-0,021865306	0,086702496
45107	138,53223	-3,9000001	-3,9080234	-0,088641047	-0,078723848	-0,018696466	0,08662115
45107	139,03223	-3,9000001	-3,8982072	-0,088179111	-0,078700982	-0,011100722	0,086602852
45107	139,53223	-3,9000001	-3,9280839	-0,088335574	-0,07863187	-0,011088228	0,08663258
45107	140,03223	-3,9000001	-3,90416	-0,088427961	-0,078700744	-0,0089761037	0,086645246
45107	140,53223	-3,9000001	-3,9225426	-0,08776933	-0,078703284	-0,0026173647	0,086665802
45107	141,03223	-3,9000001	-3,899971	-0,087819993	-0,078655683	-0,003105538	0,086718641
45107	141,53223	-3,9000001	-3,9215498	-0,087204576	-0,078643583	0,0059426576	0,086633459
45107	142,03223	-3,9000001	-3,9161444	-0,087204576	-0,078595147	0,011771938	0,086573586
45107	142,53223	-3,9000001	-3,9157403	-0,087764859	-0,07852155	0,0071243178	0,086691849
45107	143,03223	-3,9000001	-3,9234924	-0,087630749	-0,078602046	0,007140059	0,086646169
45107	143,53223	-3,9000001	-3,92518	-0,088588893	-0,078663155	0,0071906094	0,086627521
45107	144,03223	-3,9000001	-3,9186199	-0,088000298	-0,07865876	0,0072247665	0,086616769
45107	144,53223	-3,9000001	-3,9162581	-0,087937713	-0,078576617	0,0071266294	0,08663217
45107	145,03223	-3,9000001	-3,9180014	-0,088313222	-0,078597866	0,0071128253	0,08657226
45107	145,53223	-3,9000001	-3,9401407	-0,088521838	-0,078672506	0,0071062408	0,086683325
45107	146,03223	-3,9000001	-3,9095933	-0,087983906	-0,078594342	0,007159844	0,086638577
45107	146,53223	-3,9000001	-3,910696	-0,087910891	-0,078575186	0,0070543624	0,08664988
45107	147,03223	-3,9000001	-3,8907695	-0,088922679	-0,078600109	0,0070389006	0,086653352
45107	147,53223	-3,9000001	-3,9030221	-0,087982416	-0,078576379	0,0071308836	0,086671174
45107	148,03223	-3,9000001	-3,893569	-0,087489188	-0,078545839	0,0070825499	0,086670138
45107	148,53223	-3,9000001	-3,8939416	-0,088399649	-0,078559615	0,0070765354	0,086625092
45107	149,03223	-3,9000001	-3,8935728	-0,088657439	-0,078575127	0,0070243459	0,086681321
45107	149,53223	-3,9000001	-3,8771536	-0,087967515	-0,078546353	0,0071068835	0,086673349
45107	150,03223	-3,9000001	-3,9049275	-0,088319182	-0,078526385	0,0070557445	0,086585708
45107	150,53223	-3,9000001	-3,9119868	-0,088135898	-0,078502573	0,0070459936	0,086602047
45107	151,03223	-3,9000001	-3,9142258	-0,087037683	-0,078578174	0,0070439689	0,086641915
45107	151,53223	-3,9000001	-3,8960538	-0,088351965	-0,078565352	0,0070327837	0,086602293
45107	152,03223	-3,9000001	-3,8993173	-0,087819993	-0,078520291	0,0070404634	0,086634763
45107	152,53223	-3,9000001	-3,9035733	-0,087343156	-0,078558959	0,0070427805	0,086616926
45107	153,03223	-3,9000001	-3,9351304	-0,087675452	-0,078576528	0,0070094597	0,086591959
45107	153,53223	-3,9000001	-3,9316733	-0,087092817	-0,078531079	0,0070084892	0,086560763
45107	154,03223	-3,9000001	-3,924381	-0,088259578	-0,078559406	0,0070994124	0,086612679
45107	154,53223	-3,9000001	-3,9114709	-0,089015067	-0,078477919	0,0069995206	0,086601019
45107	155,03223	-3,9000001	-3,9072297	-0,088226795	-0,078510433	0,0070792846	0,086616531
45107	155,53223	-3,9000001	-3,9034169	-0,088386238	-0,078472927	0,0070788413	0,086566508
45107	156,03223	-3,9000001	-3,8839784	-0,088120997	-0,078517929	0,0070040356	0,086556792
45107	156,53223	-3,9000001	-3,9065201	-0,088465214	-0,078489453	0,0070383493	0,086588658
45107	157,03223	-3,9000001	-3,8780906	-0,088007748	-0,078539446	0,0070265438	0,086646043
45107	157,53223	-3,9000001	-3,8958025	-0,088223815	-0,078497462	0,0070337374	0,086630128
45107	158,03223	-3,9000001	-3,8699303	-0,088505447	-0,078449354	0,007103188	0,086615004
45107	158,53223	-3,9000001	-3,9135256	-0,087577105	-0,078503139	0,0070571117	0,086607225
45107	159,03223	-3,9000001	-3,8944538	-0,088250637	-0,078557163	0,006991297	0,086615942
45107	159,53223	-3,9000001	-3,9166193	-0,088216364	-0,078444183	0,0069929995	0,086586729
45107	160,03223	-3,9000001	-3,9185154	-0,087694824	-0,078493729	0,0070556402	0,086591437
45107	160,53223	-3,9000001	-3,9157383	-0,08815676	-0,078444272	0,0070080329	0,086681582
45107	161,03223	-3,9000001	-3,9174743	-0,088016689	-0,078406714	0,0069599207	0,086557671
45107	161,53223	-3,9000001	-3,8881953	-0,087119639	-0,078409761	0,0069784522	0,086606428
45107	162,03223	-3,9000001	-3,8947015	-0,088731945	-0,078414485	0,0071148667	0,086642042
45107	162,53223	-4,9283204	-4,5584626	-0,002874434	-0,00022052409	-0,00035726838	-0,00013117109
45107	163,03223	-6,8783207	-5,6635475	-0,0081032515	-0,00058456813	-0,00052520446	-0,0004686286
45107	163,53223	-8,8283205	-8,492877	-0,023107231	-0,0017719619	-0,0012845751	-0,001479722
45107	164,03223	-10,77832	-10,715672	-0,03259033	-0,0027684439	-0,0019642375	-0,0022253722
45107	164,53223	-12,728321	-12,635542	-0,040632486	-0,0035867437	-0,0025971774	-0,0028485372
45107	165,03223	-14,678321	-14,613006	-0,049224496	-0,0044853045	-0,0032792836	-0,0035207826
45107	165,53223	-16,628321	-16,559792	-0,056859851	-0,0053312448	-0,0039841104	-0,0041296771
45107	166,03223	-18,578321	-18,528809	-0,063501298	-0,0063003851	-0,0046270713	-0,0047757016
45107	166,53223	-20,52832	-20,485346	-0,071001053	-0,0072296942	-0,005284125	-0,0053716642
45107	167,03223	-22,478321	-22,439819	-0,077280402	-0,0081242211	-0,0059924927	-0,005994881
45107	167,53223	-24,428322	-24,392464	-0,084021688	-0,0089726411	-0,0065752789	-0,0066299443
45107	168,03223	-26,378321	-26,321827	-0,090421736	-0,009925168	-0,0074030533	-0,0072320937
45107	168,53223	-28,328321	-28,316736	-0,097358227	-0,010845363	-0,0081395283	-0,0079923784
45107	169,03223	-30,27832	-30,225788	-0,10236949	-0,011670506	-0,0088607743	-0,0085875159
45107	169,53223	-32,228321	-32,203297	-0,10892153	-0,012573877	-0,0095279999	-0,0093026469
45107	170,03223	-34,178322	-34,159248	-0,11485368	-0,013418472	-0,010376744	-0,010014224
45107	170,53223	-36,128323	-36,102791	-0,12057126	-0,014278726	-0,011078641	-0,010691117
45107	171,03223	-38,07832	-38,060665	-0,12738705	-0,015183532	-0,011950221	-0,011428609
45107	171,53223	-40,02832	-40,024185	-0,13234913	-0,015906421	-0,012746301	-0,012068975
45107	172,03223	-41,978321	-41,941807	-0,13827085	-0,016801814	-0,013637848	-0,012858418
45107	172,53223	-43,928322	-43,918339	-0,14368296	-0,017621309	-0,014430244	-0,01344156
45107	173,03223	-45,878323	-45,848053	-0,14886558	-0,018315692	-0,015326437	-0,014185062
45107	173,53223	-47,828323	-47,848385	-0,15526116	-0,019165635	-0,016146079	-0,014942721
45107	174,03223	-49,77832	-49,741657	-0,15966445	-0,019937051	-0,017093148	-0,01565171
45107	174,53223	-51,728321	-51,729626	-0,1658082	-0,020695111	-0,01794187	-0,016338725
45107	175,03223	-53,678322	-53,636856	-0,17138571	-0,02142024	-0,018819869	-0,017089127
45107	175,53223	-55,628323	-55,642525	-0,17719418	-0,022253033	-0,019686013	-0,017760376
45107	176,03223	-57,578323	-57,527443	-0,18146783	-0,023111852	-0,02061053	-0,018527376
45107	176,53223	-59,52832	-59,531052	-0,18711537	-0,023854433	-0,021528326	-0,019168522
45107	177,03223	-61,478321	-61,455074	-0,19252896	-0,024693439	-0,02232207	-0,019940853
45107	177,53223	-63,428322	-63,402882	-0,19798428	-0,025457595	-0,023295149	-0,020670634
45107	178,03223	-65,378319	-65,395905	-0,20255595	-0,026308196	-0,024201393	-0,021365762
45107	178,53223	-67,328323	-67,295074	-0,20877719	-0,027139435	-0,025103491	-0,022087816
45107	179,03223	-69,27832	-69,304398	-0,21331012	-0,028010743	-0,026038159	-0,02275531
45107	179,53223	-71,228325	-71,202621	-0,21869689	-0,028749319	-0,027006	-0,023587497
45107	180,03223	-73,178322	-73,209389	-0,2240777	-0,02960019	-0,027893156	-0,02422677
45107	180,53223	-75,128319	-75,083305	-0,22868365	-0,030331654	-0,028840829	-0,024982763
45107	181,03223	-77,078323	-77,082542	-0,23464859	-0,031128919	-0,029764831	-0,025691247
45107	181,53223	-79,02832	-78,967697	-0,23984462	-0,031932127	-0,030667257	-0,026394889
45107	182,03223	-80,978325	-80,994606	-0,24440885	-0,03277735	-0,031621363	-0,027188467
45107	182,53223	-82,928322	-82,880455	-0,25021434	-0,03358585	-0,032590963	-0,027902208
45107	183,03223	-84,878319	-84,915245	-0,25567412	-0,034470696	-0,033531241	-0,028643381
45107	183,53223	-86,828323	-86,799683	-0,26012957	-0,035195675	-0,034534965	-0,029359724
45107	184,03223	-88,77832	-88,81723	-0,26605278	-0,03607795	-0,035438519	-0,030094912
45107	184,53223	-90,728325	-90,686958	-0,27107	-0,036948871	-0,036440894	-0,030827161
45107	185,03223	-92,678322	-92,704689	-0,27642697	-0,03772486	-0,037421655	-0,031532396
45107	185,53223	-94,628326	-94,585579	-0,28134286	-0,03853808	-0,03834407	-0,032288626
45107	186,03223	-96,578323	-96,609612	-0,28629154	-0,039316814	-0,039347593	-0,033074219
45107	186,53223	-98,52832	-98,487144	-0,29167533	-0,040229987	-0,040300105	-0,033711921
45107	187,03223	-100,47832	-100,51259	-0,29696971	-0,041075241	-0,041360017	-0,034505583
45107	187,53223	-102,42832	-102,40751	-0,30201823	-0,04193899	-0,042262483	-0,03514399
45107	188,03223	-104,37833	-104,38247	-0,30679703	-0,042692836	-0,043290559	-0,035905905
45107	188,53223	-106,32832	-106,30574	-0,31253099	-0,043561067	-0,04424281	-0,036655445
45107	189,03223	-108,27832	-108,28996	-0,31760931	-0,044359647	-0,045230109	-0,037454806
45107	189,53223	-110,22832	-110,17797	-0,32196343	-0,045250051	-0,046242353	-0,03815148
45107	190,03223	-110,6	-110,69888	-0,32508969	-0,045574501	-0,046715204	-0,038464695
45107	190,53223	-110,6	-110,65273	-0,32575428	-0,045719277	-0,046942007	-0,038598679
45107	191,03223	-110,6	-110,72652	-0,32672882	-0,045822337	-0,046967495	-0,038672656
45107	191,53223	-110,6	-110,6457	-0,32716095	-0,045785028	-0,047130298	-0,038695805
45107	192,03223	-110,6	-110,72261	-0,3279686	-0,04600494	-0,047300596	-0,03880205
45107	192,53223	-110,6	-110,65118	-0,3293857	-0,045977481	-0,047341432	-0,038781051
45107	193,03223	-110,6	-110,67522	-0,3295958	-0,046023183	-0,047470193	-0,038811114
45107	193,53223	-110,6	-110,67152	-0,32929778	-0,046135537	-0,047528584	-0,038929272
45107	194,03223	-110,6	-110,6783	-0,32929629	-0,046218608	-0,047513399	-0,03905645
45107	194,53223	-110,6	-110,66579	-0,32994449	-0,046176251	-0,047702815	-0,039009042
45107	195,03223	-110,6	-110,6482	-0,33019036	-0,046255138	-0,047713358	-0,039040118
45107	195,53223	-110,6	-110,67403	-0,33086538	-0,046218131	-0,047795769	-0,03907733
45107	196,03223	-110,6	-110,63519	-0,33108294	-0,046294209	-0,047798101	-0,039097335
45107	196,53223	-110,6	-110,71246	-0,33109486	-0,046424817	-0,047817256	-0,039223012
45107	197,03223	-110,6	-110,64641	-0,33197999	-0,046332307	-0,047924828	-0,039114356
45107	197,53223	-110,6	-110,67995	-0,33225417	-0,046405293	-0,048007492	-0,039193824
45107	198,03223	-110,6	-110,63287	-0,33192635	-0,046479277	-0,048043605	-0,039101955
45107	198,53223	-110,6	-110,66184	-0,33242851	-0,046467938	-0,048090253	-0,03920956
45107	199,03223	-110,6	-110,65231	-0,33251941	-0,04653018	-0,048043434	-0,03927758
45107	199,53223	-110,6	-110,6563	-0,3327623	-0,046552174	-0,048184309	-0,039212037
45107	200,03223	-110,6	-110,65174	-0,33272505	-0,046508309	-0,048221763	-0,039253782
45107	200,53223	-110,6	-110,65954	-0,33284575	-0,046640787	-0,048289303	-0,039345346
45107	201,03223	-110,6	-110,65416	-0,33346266	-0,04659931	-0,048254538	-0,039295495
45107	201,53223	-110,6	-110,62701	-0,33358186	-0,046587314	-0,0483119	-0,039315261
45107	202,03223	-110,6	-110,69422	-0,333561	-0,046708856	-0,048331555	-0,039323151
45107	202,53223	-110,6	-110,6217	-0,33381283	-0,046598278	-0,04836544	-0,039425489
45107	203,03223	-110,6	-110,67667	-0,33368468	-0,046713784	-0,048362922	-0,039354645
45107	203,53223	-110,6	-110,61297	-0,33421516	-0,046699818	-0,048431326	-0,03936518
45107	204,03223	-110,6	-110,65099	-0,33417791	-0,046750616	-0,048436459	-0,039396621
45107	204,53223	-110,6	-110,62559	-0,33493042	-0,046711396	-0,048555832	-0,039418381
45107	205,03223	-110,6	-110,67773	-0,33458173	-0,046801593	-0,048598122	-0,039488439
45107	205,53223	-110,6	-110,62873	-0,33434629	-0,046760265	-0,048493352	-0,039522767
45107	206,03223	-110,6	-110,64533	-0,33490062	-0,0467881	-0,048527237	-0,039400212
45107	206,53223	-110,6	-110,62389	-0,33492297	-0,046757728	-0,048675884	-0,039495889
45107	207,03223	-110,6	-110,65122	-0,33527464	-0,046872709	-0,04869331	-0,039452627
45107	207,53223	-110,6	-110,6787	-0,33513606	-0,046931546	-0,048692446	-0,039550528
45107	208,03223	-110,6	-110,63657	-0,33545047	-0,046916846	-0,048714649	-0,039427467
45107	208,53223	-110,6	-110,67953	-0,33515841	-0,04687123	-0,048820484	-0,039571147
45107	209,03223	-109,0499	-109,15582	-0,33349693	-0,046427298	-0,048233751	-0,03907568
45107	209,53223	-107,0999	-107,231	-0,33025742	-0,045763008	-0,047498513	-0,038463522
45107	210,03223	-105,1499	-105,24402	-0,32753348	-0,045108922	-0,046817858	-0,037862793
45107	210,53223	-103,1999	-103,3316	-0,32221675	-0,044553667	-0,04608025	-0,037284862
45107	211,03223	-101,2499	-101,31129	-0,31886548	-0,043777082	-0,045448583	-0,036645018
45107	211,53223	-99,299904	-99,437454	-0,31448305	-0,043145239	-0,044784162	-0,036067482
45107	212,03223	-97,349899	-97,401016	-0,3113389	-0,042446885	-0,04398169	-0,035413954
45107	212,53223	-95,399902	-95,50708	-0,30783266	-0,041773479	-0,043294776	-0,034816373
45107	213,03223	-93,449898	-93,534424	-0,30336827	-0,041114684	-0,042514656	-0,034267318
45107	213,53223	-91,499901	-91,590721	-0,29963106	-0,040376347	-0,041868951	-0,033533849
45107	214,03223	-89,549904	-89,616661	-0,29541552	-0,039770383	-0,041064855	-0,032973316
45107	214,53223	-87,599899	-87,682114	-0,29225945	-0,039004438	-0,040392507	-0,032332234
45107	215,03223	-85,649902	-85,71196	-0,28797835	-0,038307365	-0,039613295	-0,031666778
45107	215,53223	-83,699898	-83,807076	-0,28375387	-0,037680365	-0,038830157	-0,031122997
45107	216,03223	-81,749901	-81,805656	-0,27983189	-0,036862604	-0,038102627	-0,03041267
45107	216,53223	-79,799904	-79,896538	-0,27522296	-0,036214747	-0,037391394	-0,029836847
45107	217,03223	-77,849899	-77,91922	-0,27213395	-0,0354716	-0,036567323	-0,029255534
45107	217,53223	-75,899902	-75,997894	-0,26791394	-0,03477871	-0,035792526	-0,028558569
45107	218,03223	-73,949898	-74,026047	-0,26312768	-0,034089707	-0,035038967	-0,027904291
45107	218,53223	-71,999901	-72,115425	-0,25902987	-0,033358153	-0,034267548	-0,027368376
45107	219,03223	-70,049896	-70,086937	-0,25445074	-0,032512154	-0,033421386	-0,02664572
45107	219,53223	-68,099899	-68,2183	-0,2510041	-0,031933859	-0,032694388	-0,026080752
45107	220,03223	-66,149902	-66,21212	-0,24507046	-0,031085739	-0,03189832	-0,025341244
45107	220,53223	-64,199898	-64,300911	-0,24048239	-0,030390013	-0,031089287	-0,024730871
45107	221,03223	-62,249901	-62,280792	-0,23553371	-0,029677523	-0,030218519	-0,024120897
45107	221,53223	-60,2999	-60,367897	-0,23201406	-0,028874343	-0,029423721	-0,023450697
45107	222,03223	-58,349899	-58,471066	-0,22643954	-0,028240291	-0,02863054	-0,022900952
45107	222,53223	-56,399899	-56,437958	-0,22153407	-0,027420288	-0,027701408	-0,022146855
45107	223,03223	-54,449898	-54,554878	-0,21725595	-0,026643194	-0,026829861	-0,021528382
45107	223,53223	-52,499901	-52,529045	-0,21238923	-0,025817873	-0,02605712	-0,020739511
45107	224,03223	-50,5499	-50,648533	-0,20619035	-0,025053538	-0,025176615	-0,020182522
45107	224,53223	-48,599899	-48,658157	-0,20114779	-0,024251226	-0,024364892	-0,019631512
45107	225,03223	-46,649899	-46,725151	-0,19703954	-0,023542501	-0,023531992	-0,018919135
45107	225,53223	-44,699898	-44,757076	-0,19120723	-0,022576977	-0,022618312	-0,018251663
45107	226,03223	-42,749901	-42,82946	-0,18607229	-0,02182059	-0,021747749	-0,017520959
45107	226,53223	-40,7999	-40,861294	-0,18008798	-0,020999422	-0,020939533	-0,016934404
45107	227,03223	-38,849899	-38,925484	-0,17521083	-0,020258067	-0,020112623	-0,016294485
45107	227,53223	-36,899899	-36,95816	-0,16948879	-0,019345192	-0,019103475	-0,015628865
45107	228,03223	-34,949898	-35,02256	-0,16380101	-0,018475048	-0,018296462	-0,014917013
45107	228,53223	-32,999901	-33,087582	-0,15796274	-0,017591996	-0,017446831	-0,014200135
45107	229,03223	-31,049898	-31,070906	-0,15265495	-0,016785769	-0,016468301	-0,01352902
45107	229,53223	-29,099899	-29,214302	-0,14641881	-0,015926022	-0,015704066	-0,012839507
45107	230,03223	-27,149899	-27,182549	-0,14032573	-0,014881701	-0,014844749	-0,012078375
45107	230,53223	-25,1999	-25,298872	-0,13278425	-0,013973966	-0,01400483	-0,011436336
45107	231,03223	-23,249899	-23,308653	-0,12722313	-0,013042506	-0,013250988	-0,010780584
45107	231,53223	-21,299898	-21,392603	-0,12041777	-0,012085916	-0,012412537	-0,0099593727
45107	232,03223	-19,349899	-19,377214	-0,11356771	-0,011046045	-0,011596568	-0,009288949
45107	232,53223	-17,399899	-17,486414	-0,10677427	-0,01008324	-0,010832123	-0,008524158
45107	233,03223	-15,449899	-15,524212	-0,099252164	-0,0090471357	-0,0099396855	-0,0078470856
45107	233,53223	-13,499899	-13,613292	-0,090993941	-0,0080811027	-0,009055648	-0,0071339253
45107	234,03223	-11,549898	-11,645083	-0,082293153	-0,0070993518	-0,008214999	-0,0063997423
45107	234,53223	-9,5998983	-9,7092333	-0,074027479	-0,006027001	-0,0073371418	-0,0057170782
45107	235,03223	-7,6498985	-7,7596817	-0,063568354	-0,0052173967	-0,0064056031	-0,004965412
45107	235,53223	-5,6998982	-6,0109067	-0,053650141	-0,0043025506	-0,0056091119	-0,0042740628
45107	236,03223	-4,0333009	-4,589498	-0,045196712	-0,0036148021	-0,0048988368	-0,0036686037
45107	236,53223	-5,9833012	-5,31286	-0,046819448	-0,0037318773	-0,0050523654	-0,0038657063
45107	237,03223	-7,933301	-7,6212511	-0,057512522	-0,0047233989	-0,0058482047	-0,0045138798
45107	237,53223	-9,8833008	-9,6969528	-0,065946579	-0,0054930518	-0,0065310206	-0,0052883313
45107	238,03223	-11,833302	-11,597055	-0,07352978	-0,0063628671	-0,0071219672	-0,0059070941
45107	238,53223	-13,783301	-13,608659	-0,081987679	-0,0071127685	-0,0079050995	-0,0065697315
45107	239,03223	-15,733301	-15,510087	-0,088980794	-0,0079655517	-0,0085658915	-0,0071993065
45107	239,53223	-17,683302	-17,54454	-0,096014142	-0,0087716598	-0,0093936659	-0,0079050381
45107	240,03223	-19,633301	-19,447657	-0,10389686	-0,0095580462	-0,010071646	-0,0084799556
45107	240,53223	-21,583302	-21,447853	-0,10962039	-0,010449436	-0,010782912	-0,0091771726
45107	241,03223	-23,533302	-23,347395	-0,11518151	-0,011189178	-0,011530772	-0,0098549277
45107	241,53223	-25,483301	-25,336132	-0,12156963	-0,012119203	-0,012206953	-0,01052367
45107	242,03223	-27,433302	-27,303753	-0,12777597	-0,012944196	-0,012993172	-0,011248714
45107	242,53223	-29,383301	-29,209402	-0,13427734	-0,013755743	-0,013740126	-0,011913672
45107	243,03223	-31,333302	-31,21435	-0,14003664	-0,014523484	-0,014468588	-0,012638992
45107	243,53223	-33,283302	-33,11129	-0,14606863	-0,015399903	-0,015263706	-0,013282569
45107	244,03223	-35,233303	-35,110916	-0,15056431	-0,016166598	-0,016052287	-0,01400098
45107	244,53223	-37,1833	-37,058418	-0,15688688	-0,017026491	-0,016857404	-0,014752222
45107	245,03223	-39,133301	-39,02507	-0,16207844	-0,017773107	-0,017656334	-0,015376808
45107	245,53223	-41,083302	-40,955807	-0,16772151	-0,018509442	-0,018508993	-0,016024662
45107	246,03223	-43,033302	-42,919903	-0,17320514	-0,019294156	-0,019363299	-0,016754346
45107	246,53223	-44,983303	-44,848812	-0,17839372	-0,019922439	-0,020098079	-0,017360043
45107	247,03223	-46,933304	-46,816673	-0,1824677	-0,020711815	-0,021067467	-0,017958391
45107	247,53223	-48,883301	-48,791138	-0,18806756	-0,021566032	-0,021819025	-0,018772287
45107	248,03223	-50,833302	-50,760586	-0,19281954	-0,022239078	-0,022668213	-0,019496148
45107	248,53223	-52,783302	-52,674313	-0,19806772	-0,022995554	-0,023566488	-0,020092104
45107	249,03223	-54,733303	-54,665768	-0,20313412	-0,023834292	-0,02443669	-0,020794407
45107	249,53223	-56,683304	-56,597511	-0,20886809	-0,024483224	-0,02519032	-0,021441406
45107	250,03223	-58,633301	-58,544682	-0,21331608	-0,025239879	-0,026018329	-0,022140207
45107	250,53223	-60,583302	-60,485641	-0,21813512	-0,026066605	-0,02686502	-0,022808556
45107	251,03223	-62,533302	-62,505314	-0,22339523	-0,026859805	-0,027832851	-0,023587007
45107	251,53223	-64,483299	-64,37822	-0,22761077	-0,027426923	-0,02855204	-0,024198072
45107	252,03223	-66,433304	-66,379738	-0,23293048	-0,028316339	-0,029401667	-0,024938941
45107	252,53223	-68,383301	-68,289795	-0,23680329	-0,029001668	-0,030254263	-0,025526939
45107	253,03223	-70,333305	-70,284096	-0,24209172	-0,029694136	-0,031030357	-0,026328906
45107	253,53223	-72,283302	-72,188271	-0,24805963	-0,030573813	-0,031953476	-0,026920473
45107	254,03223	-74,233299	-74,204185	-0,25227219	-0,031238403	-0,032839753	-0,027677858
45107	254,53223	-76,183304	-76,098457	-0,25583804	-0,031975277	-0,033589028	-0,028330941
45107	255,03223	-78,133301	-78,122223	-0,26174933	-0,032725148	-0,034497384	-0,028941412
45107	255,53223	-80,083305	-80,029541	-0,26557446	-0,033473406	-0,035278469	-0,029647596
45107	256,03223	-82,033302	-82,010849	-0,27103722	-0,034286208	-0,036145743	-0,030392153
45107	256,53223	-83,983299	-83,939369	-0,27366728	-0,035058282	-0,036987104	-0,031019393
45107	257,03223	-85,933304	-85,897301	-0,2788499	-0,035669621	-0,037846617	-0,031713568
45107	257,53223	-87,883301	-87,807304	-0,28476715	-0,036426637	-0,038623866	-0,032456912
45107	258,03223	-89,833305	-89,780617	-0,28796494	-0,037186638	-0,039501417	-0,033169821
45107	258,53223	-91,783302	-91,723785	-0,29279739	-0,03792575	-0,04030088	-0,033775296
45107	259,03223	-93,733307	-93,682457	-0,29745996	-0,038629036	-0,04120196	-0,034402907
45107	259,53223	-95,683304	-95,601852	-0,30215681	-0,039337166	-0,041959103	-0,035145693
45107	260,03223	-97,633301	-97,593437	-0,30620396	-0,040127974	-0,042803552	-0,035783146
45107	260,53223	-99,583305	-99,54361	-0,31073987	-0,040837087	-0,043604333	-0,036578551
45107	261,03223	-101,5333	-101,50385	-0,31430423	-0,041625056	-0,044461388	-0,037249133
45107	261,53223	-103,48331	-103,44407	-0,31913072	-0,042296819	-0,04526316	-0,037958894
45107	262,03223	-105,4333	-105,38981	-0,32360256	-0,042973123	-0,046046961	-0,038664535
45107	262,53223	-107,3833	-107,31761	-0,32755584	-0,043751892	-0,046842311	-0,039477263
45107	263,03223	-109,33331	-109,29507	-0,33260584	-0,044425715	-0,047705438	-0,040112905
45107	263,53223	-110,6	-110,61423	-0,33596158	-0,044995669	-0,048389513	-0,040709589
45107	264,03223	-110,6	-110,66186	-0,3367424	-0,045032784	-0,048440147	-0,040730938
45107	264,53223	-110,6	-110,6349	-0,33750683	-0,045201313	-0,048597481	-0,040816594
45107	265,03223	-110,6	-110,65104	-0,33714026	-0,04521754	-0,048634965	-0,040832426
45107	265,53223	-110,6	-110,60191	-0,3376469	-0,045163393	-0,04865336	-0,040844981
45107	266,03223	-110,6	-110,63026	-0,33697337	-0,045220796	-0,048694562	-0,040950004
45107	266,53223	-110,6	-110,62923	-0,33780485	-0,045256682	-0,048705962	-0,040945075
45107	267,03223	-110,6	-110,65312	-0,33827424	-0,045368917	-0,04874922	-0,040948823
45107	267,53223	-110,6	-110,61166	-0,33790916	-0,045306467	-0,048827987	-0,040915169
45107	268,03223	-110,6	-110,60859	-0,339064	-0,045359056	-0,048881095	-0,041006401
45107	268,53223	-110,6	-110,63992	-0,33848286	-0,045352213	-0,048895624	-0,040948018
45107	269,03223	-110,6	-110,60372	-0,33837855	-0,045450285	-0,048981089	-0,041051984
45107	269,53223	-110,6	-110,65999	-0,33837706	-0,045470573	-0,049011376	-0,041038379
45107	270,03223	-110,6	-110,58859	-0,33917725	-0,045366347	-0,04894663	-0,041010153
45107	270,53223	-110,6	-110,61521	-0,33938587	-0,04544637	-0,048969027	-0,040937267
45107	271,03223	-110,6	-110,59728	-0,33864975	-0,045569587	-0,049027976	-0,041056324
45107	271,53223	-110,6	-110,63413	-0,3392458	-0,045551673	-0,049098041	-0,041104555
45107	272,03223	-110,6	-110,59872	-0,33973604	-0,04546693	-0,049091574	-0,04100756
45107	272,53223	-110,6	-110,5993	-0,33908337	-0,045531608	-0,049131732	-0,041026201
45107	273,03223	-110,6	-110,62776	-0,33999681	-0,045548249	-0,04910754	-0,041070733
45107	273,53223	-110,6	-110,61162	-0,33924729	-0,045594908	-0,049209502	-0,041062374
45107	274,03223	-110,6	-110,64874	-0,33959448	-0,045599062	-0,049092237	-0,041132297
45107	274,53223	-110,6	-110,62363	-0,33991337	-0,045576699	-0,049247388	-0,041027557
45107	275,03223	-110,6	-110,64494	-0,33936948	-0,045676172	-0,04929683	-0,041185938
45107	275,53223	-110,6	-110,60706	-0,34034699	-0,045570169	-0,049202088	-0,041144192
45107	276,03223	-110,6	-110,65086	-0,3401041	-0,045655586	-0,049335409	-0,041206956
45107	276,53223	-110,6	-110,57391	-0,3407374	-0,045553077	-0,049285535	-0,041159797
45107	277,03223	-110,6	-110,63237	-0,34012944	-0,045725103	-0,049320336	-0,041247655
45107	277,53223	-110,6	-110,60109	-0,34006834	-0,045572486	-0,049379859	-0,041205436
45107	278,03223	-110,6	-110,64104	-0,34099668	-0,045674946	-0,0493715	-0,041260354
45107	278,53223	-110,6	-110,61077	-0,34008026	-0,045665864	-0,049351748	-0,041354276
45107	279,03223	-110,6	-110,64966	-0,34074187	-0,045759272	-0,049471844	-0,041314378
45107	279,53223	-110,6	-110,57868	-0,34099668	-0,045617651	-0,049439546	-0,041272406
45107	280,03223	-110,6	-110,60989	-0,34085959	-0,045658257	-0,049449775	-0,041272797
45107	280,53223	-110,6	-110,59719	-0,34067631	-0,045580164	-0,049394328	-0,041238371
45107	281,03223	-110,6	-110,64178	-0,34072697	-0,045787495	-0,049505759	-0,041249171
45107	281,53223	-110,6	-110,59791	-0,34075081	-0,045720052	-0,049467344	-0,04127641
45107	282,03223	-110,6	-110,64135	-0,3413111	-0,045735396	-0,049504299	-0,041339498
45107	282,53223	-110,6	-110,60127	-0,3409639	-0,045741253	-0,049537886	-0,041273791
45107	283,03223	-110,6	-110,61671	-0,341627	-0,04570961	-0,049528364	-0,041255184
45107	283,53223	-109,94111	-110,03072	-0,34066737	-0,045526884	-0,049320791	-0,041112036
45107	284,03223	-107,99111	-108,13191	-0,33762306	-0,045023132	-0,048685279	-0,040602192
45107	284,53223	-106,04111	-106,11559	-0,33440888	-0,044254374	-0,047957834	-0,039973941
45107	285,03223	-104,09111	-104,21445	-0,3305465	-0,043591816	-0,047305118	-0,039325804
45107	285,53223	-102,14111	-102,18346	-0,32537729	-0,04291315	-0,046621803	-0,038609914
45107	286,03223	-100,19111	-100,2678	-0,32280236	-0,042258065	-0,04585224	-0,037973803
45107	286,53223	-98,241112	-98,292679	-0,31952262	-0,041558303	-0,045213226	-0,037426148
45107	287,03223	-96,291115	-96,386917	-0,31530708	-0,040978964	-0,044399869	-0,036770239
45107	287,53223	-94,34111	-94,44603	-0,3110975	-0,040262472	-0,043611255	-0,036082827
45107	288,03223	-92,391113	-92,460686	-0,30817538	-0,039594535	-0,042929862	-0,035518557
45107	288,53223	-90,441109	-90,554413	-0,30409247	-0,039018422	-0,042228069	-0,034881923
45107	289,03223	-88,491112	-88,553596	-0,29952973	-0,038222086	-0,041512426	-0,034276437
45107	289,53223	-86,541115	-86,639389	-0,29557049	-0,037544884	-0,04074714	-0,033640806
45107	290,03223	-84,59111	-84,614189	-0,29125363	-0,036794476	-0,040060397	-0,03303552
45107	290,53223	-82,641113	-82,725769	-0,28740466	-0,036147844	-0,039231341	-0,032362878
45107	291,03223	-80,691109	-80,719513	-0,28332323	-0,035398569	-0,038473967	-0,031733736
45107	291,53223	-78,741112	-78,853447	-0,27968735	-0,03471889	-0,037728008	-0,031129831
45107	292,03223	-76,791107	-76,830788	-0,27548373	-0,034015842	-0,036875404	-0,030464748
45107	292,53223	-74,84111	-74,970779	-0,27059317	-0,033338729	-0,036119018	-0,029821631
45107	293,03223	-72,891113	-72,940063	-0,26521534	-0,032649819	-0,035307955	-0,029203158
45107	293,53223	-70,941109	-71,045357	-0,26162863	-0,031946529	-0,034561761	-0,028513527
45107	294,03223	-68,991112	-69,038765	-0,25687963	-0,031106567	-0,033805557	-0,02781474
45107	294,53223	-67,041107	-67,1353	-0,25282949	-0,030366974	-0,033024106	-0,027277073
45107	295,03223	-65,09111	-65,134262	-0,24837554	-0,029733043	-0,032232046	-0,026555896
45107	295,53223	-63,141109	-63,220852	-0,2444163	-0,028933836	-0,031386368	-0,02584913
45107	296,03223	-61,191109	-61,232502	-0,23973584	-0,028179603	-0,030523065	-0,025222559
45107	296,53223	-59,241112	-59,297649	-0,23503602	-0,027462659	-0,02970339	-0,024558011
45107	297,03223	-57,291111	-57,347321	-0,2297014	-0,026692649	-0,028879847	-0,023830684
45107	297,53223	-55,34111	-55,400372	-0,22540241	-0,02600472	-0,028063789	-0,023166038
45107	298,03223	-53,391109	-53,407104	-0,21942705	-0,025256583	-0,027206834	-0,022523673
45107	298,53223	-51,441109	-51,503574	-0,2147913	-0,024424836	-0,026333053	-0,021803545
45107	299,03223	-49,491112	-49,529362	-0,20901859	-0,023715664	-0,025427345	-0,021156471
45107	299,53223	-47,541111	-47,602322	-0,20456165	-0,022919625	-0,024728924	-0,02048854
45107	300,03223	-45,59111	-45,652218	-0,19975156	-0,022151764	-0,023708459	-0,019793702
45107	300,53223	-43,641109	-43,712822	-0,19443482	-0,021321781	-0,022888638	-0,019110249
45107	301,03223	-41,691109	-41,72916	-0,18876344	-0,020539518	-0,021986417	-0,018447567
45107	301,53223	-39,741112	-39,845139	-0,1830548	-0,019747663	-0,021181144	-0,017792158
45107	302,03223	-37,791111	-37,861801	-0,17728359	-0,018986437	-0,020291097	-0,016991716
45107	302,53223	-35,84111	-35,927975	-0,17186999	-0,018203726	-0,019489668	-0,016406588
45107	303,03223	-33,891109	-33,950726	-0,16697496	-0,017278541	-0,018500801	-0,015716711
45107	303,53223	-31,941111	-32,014816	-0,1603961	-0,016463438	-0,017672904	-0,014970311
45107	304,03223	-29,99111	-30,04854	-0,15529096	-0,015592069	-0,016697112	-0,014193501
45107	304,53223	-28,041109	-28,113907	-0,1482144	-0,014657113	-0,015923452	-0,013454849
45107	305,03223	-26,09111	-26,163088	-0,14233589	-0,013794678	-0,015142377	-0,012723648
45107	305,53223	-24,141109	-24,237013	-0,13542622	-0,012941387	-0,014250357	-0,011950081
45107	306,03223	-22,191109	-22,268816	-0,12922734	-0,011938391	-0,013495494	-0,011204341
45107	306,53223	-20,24111	-20,317085	-0,12174398	-0,010937069	-0,012704641	-0,010549728
45107	307,03223	-18,291109	-18,382284	-0,11478513	-0,010009732	-0,011707008	-0,0097765187
45107	307,53223	-16,34111	-16,448246	-0,10752678	-0,0091172373	-0,010922849	-0,0090115331
45107	308,03223	-14,391109	-14,489117	-0,099512935	-0,0082043624	-0,010129411	-0,0082138283
45107	308,53223	-12,44111	-12,529372	-0,091613829	-0,0071898922	-0,009192504	-0,0074846572
45107	309,03223	-10,491109	-10,602197	-0,08327812	-0,0062578344	-0,008308284	-0,006693563
45107	309,53223	-8,5411091	-8,6467743	-0,073057413	-0,0053232661	-0,0074238405	-0,0059301099
45107	310,03223	-6,5911093	-6,7219267	-0,063198805	-0,0044010095	-0,0065949596	-0,005103068
45107	310,53223	-4,641109	-5,4079909	-0,054268539	-0,0037942694	-0,0058616977	-0,0044272379
45107	311,03223	-3,9000001	-3,8522408	-0,0442788	-0,0030679742	-0,0050034467	-0,003820701
45107	311,53223	-3,9000001	-3,8209856	-0,042958558	-0,0029871752	-0,0050329939	-0,0036802045
45107	312,03223	-3,9000001	-3,7853494	-0,042110682	-0,0028744629	-0,0048880298	-0,0036279713
45107	312,53223	-3,9000001	-3,8111117	-0,042240322	-0,0028208857	-0,0048801079	-0,0036457591
45107	313,03223	-3,9000001	-3,7993267	-0,041641295	-0,0028634067	-0,0048272237	-0,0035494128
45107	313,53223	-3,9000001	-3,8014503	-0,041350722	-0,00282731	-0,0048573036	-0,0036020998
45107	314,03223	-3,9000001	-3,7915912	-0,042179227	-0,0028126384	-0,0047479197	-0,0034885604
45107	314,53223	-3,9000001	-3,8179104	-0,04183948	-0,0027123566	-0,0046955273	-0,0035117101
45107	315,03223	-3,9000001	-3,8136542	-0,040745735	-0,0026963104	-0,0047047809	-0,0035345994
45107	315,53223	-3,9000001	-3,8043466	-0,040324032	-0,0027483637	-0,0047255512	-0,0035054262
45107	316,03223	-3,9000001	-3,834419	-0,04118979	-0,0027391005	-0,0046565272	-0,0034684078
45107	316,53223	-3,9000001	-3,8243477	-0,03991276	-0,0025814467	-0,0046402384	-0,0034836673
45107	317,03223	-3,9000001	-3,8376002	-0,040620565	-0,0026244759	-0,0046340302	-0,0034358362
45107	317,53223	-3,9000001	-3,8106573	-0,040945411	-0,0026254917	-0,0045453534	-0,0033852165
45107	318,03223	-3,9000001	-3,8135238	-0,040729344	-0,0025300807	-0,0046317466	-0,0033297185
45107	318,53223	-3,9000001	-3,7937202	-0,04093051	-0,0025711376	-0,0046245269	-0,0033502132
45107	319,03223	-3,9000001	-3,8376133	-0,040793419	-0,0026182306	-0,004549522	-0,0033477964
45107	319,53223	-3,9000001	-3,8125384	-0,040477514	-0,0024880676	-0,0045505669	-0,0034142483
45107	320,03223	-3,9000001	-3,8340111	-0,039818883	-0,002553388	-0,0045516863	-0,0033570623
45107	320,53223	-3,9000001	-3,8459263	-0,039614737	-0,002531246	-0,0045475625	-0,0034054883
45107	321,03223	-3,9000001	-3,8357024	-0,040437281	-0,0024981077	-0,0045109671	-0,0033316743
45107	321,53223	-3,9000001	-3,851656	-0,039625168	-0,0025107176	-0,0045400597	-0,0033892395
45107	322,03223	-3,9000001	-3,8563852	-0,039611757	-0,0025302302	-0,0044887401	-0,0033928985
45107	322,53223	-3,9000001	-3,8383863	-0,039853156	-0,0024619813	-0,0044366941	-0,0032947897
45107	323,03223	-3,9000001	-3,8105195	-0,0404194	-0,0024833763	-0,0044944864	-0,0033178127
45107	323,53223	-3,9000001	-3,8254392	-0,040452182	-0,0024479369	-0,0043869168	-0,0032440436
45107	324,03223	-3,9000001	-3,8380325	-0,03875792	-0,0024412435	-0,0044416226	-0,0033253534
45107	324,53223	-3,9000001	-3,8743932	-0,039464235	-0,0024975699	-0,0044156946	-0,0033767466
45107	325,03223	-3,9000001	-3,8497243	-0,039279461	-0,0024402575	-0,0043594614	-0,0033085025
45107	325,53223	-3,9000001	-3,8595366	-0,039575994	-0,0024278269	-0,0044298545	-0,0032518369
45107	326,03223	-3,9000001	-3,8557649	-0,039920211	-0,0023976467	-0,0042811725	-0,003335281
45107	326,53223	-3,9000001	-3,829088	-0,0402987	-0,0024350581	-0,004353961	-0,0033131503
45107	327,03223	-3,9000001	-3,8504581	-0,040145218	-0,0024735751	-0,0043520723	-0,0032240991
45107	327,53223	-3,9000001	-3,8434062	-0,03952831	-0,0024589035	-0,0043581631	-0,0032511081
45107	328,03223	-3,9000001	-3,8640256	-0,039635599	-0,0024412735	-0,0043182708	-0,0033558353
45107	328,53223	-3,9000001	-3,8340054	-0,039896369	-0,0023382427	-0,0043096486	-0,003174037
45107	329,03223	-3,9000001	-3,8527548	-0,039029121	-0,002319298	-0,0043234527	-0,003223794
45107	329,53223	-3,9000001	-3,8462412	-0,039279461	-0,0022951837	-0,0042487364	-0,0032596451
45107	330,03223	-3,9000001	-3,8569291	-0,039494038	-1,6404842e-05	1,4225021e-05	-2,5239224e-05
45107	330,53223	-3,9000001	-3,862653	-0,040179491	-9,2632072e-06	-1,7628074e-05	2,8697161e-05
45107	331,03223	-5,0159183	-4,645545	-0,041826069	-0,00034258925	-0,00022411533	-0,00031786997
45107	331,53223	-6,9659181	-5,7782884	-0,048032403	-0,00076421461	-0,0005687587	-0,00075016415
45107	332,03223	-8,9159184	-8,7482939	-0,062859058	-0,0018467249	-0,0016453769	-0,0017246928
45107	332,53223	-10,865918	-10,764846	-0,071635842	-0,0026853441	-0,0023597516	-0,0024918194
45107	333,03223	-12,815918	-12,696307	-0,079885125	-0,0035670819	-0,0031627025	-0,0031349659
45107	333,53223	-14,765919	-14,705256	-0,087435544	-0,0043562474	-0,0038371142	-0,0038663829
45107	334,03223	-16,715918	-16,621002	-0,094695389	-0,0051333704	-0,0046441164	-0,004525146
45107	334,53223	-18,665918	-18,596619	-0,10133684	-0,0059665809	-0,0053127911	-0,0051292516
45107	335,03223	-20,615919	-20,491692	-0,10739416	-0,0068516359	-0,006079508	-0,005863762
45107	335,53223	-22,565918	-22,489517	-0,11416972	-0,0076266676	-0,0069122929	-0,0065249791
45107	336,03223	-24,515919	-24,406292	-0,12072623	-0,008464749	-0,0076743793	-0,0072251852
45107	336,53223	-26,465919	-26,4097	-0,12655109	-0,0093362667	-0,0084104259	-0,007950318
45107	337,03223	-28,415918	-28,301756	-0,13327599	-0,010118829	-0,0091928076	-0,0086771995
45107	337,53223	-30,365919	-30,328312	-0,1404345	-0,010918602	-0,0099909436	-0,0093709286
45107	338,03223	-32,315918	-32,229675	-0,14490634	-0,011801385	-0,010714551	-0,010087242
45107	338,53223	-34,265919	-34,259876	-0,1517579	-0,012661221	-0,011667537	-0,010851974
45107	339,03223	-36,215919	-36,163776	-0,1561746	-0,013407686	-0,012401851	-0,01150658
45107	339,53223	-38,16592	-38,151722	-0,16262382	-0,014226912	-0,013321819	-0,012255503
45107	340,03223	-40,115917	-40,081135	-0,167799	-0,015018557	-0,014089005	-0,012911931
45107	340,53223	-42,065918	-42,023525	-0,17292351	-0,01576308	-0,015039245	-0,013620153
45107	341,03223	-44,015919	-43,973606	-0,17785728	-0,01651567	-0,015811527	-0,014310908
45107	341,53223	-45,965919	-45,906128	-0,18401742	-0,017296379	-0,016742887	-0,015001893
45107	342,03223	-47,91592	-47,855686	-0,18866509	-0,018027635	-0,017561523	-0,015731391
45107	342,53223	-49,865921	-49,862648	-0,19377023	-0,01878931	-0,018459452	-0,01641416
45107	343,03223	-51,815918	-51,770756	-0,20003319	-0,019563146	-0,019328577	-0,01704981
45107	343,53223	-53,765919	-53,725597	-0,20451099	-0,020336892	-0,020094534	-0,01772091
45107	344,03223	-55,715919	-55,693218	-0,20969063	-0,021077113	-0,021066675	-0,018417338
45107	344,53223	-57,66592	-57,613541	-0,2149269	-0,021821039	-0,02192959	-0,019105045
45107	345,03223	-59,615921	-59,609661	-0,21983236	-0,022661211	-0,022693837	-0,019836126
45107	345,53223	-61,565918	-61,521866	-0,22393763	-0,023331389	-0,023614647	-0,020490948
45107	346,03223	-63,515919	-63,524071	-0,23020655	-0,024115834	-0,024514837	-0,021287598
45107	346,53223	-65,465919	-65,410736	-0,23358911	-0,024847178	-0,025327666	-0,021947194
45107	347,03223	-67,415916	-67,404663	-0,23962557	-0,02565263	-0,026283083	-0,022654867
45107	347,53223	-69,365921	-69,336884	-0,24363697	-0,026375728	-0,027008021	-0,023351444
45107	348,03223	-71,315918	-71,307732	-0,2486378	-0,027143737	-0,027845608	-0,023986507
45107	348,53223	-73,265923	-73,199646	-0,25351495	-0,027847292	-0,028761612	-0,024614632
45107	349,03223	-75,215919	-75,232246	-0,25824457	-0,028715344	-0,029647997	-0,025432192
45107	349,53223	-77,165916	-77,13221	-0,26238114	-0,029463902	-0,030464424	-0,026058219
45107	350,03223	-79,115921	-79,141106	-0,26728958	-0,030108083	-0,031383894	-0,026828604
45107	350,53223	-81,065918	-81,023293	-0,2721861	-0,030885983	-0,032103293	-0,027412273
45107	351,03223	-83,015923	-83,013435	-0,27724653	-0,031562317	-0,032972857	-0,028083449
45107	351,53223	-84,965919	-84,895401	-0,2812326	-0,032342907	-0,033782326	-0,028766781
45107	352,03223	-86,915916	-86,923294	-0,28654784	-0,033099201	-0,034708992	-0,029613135
45107	352,53223	-88,865921	-88,791389	-0,29092282	-0,03380252	-0,0354589	-0,03017037
45107	353,03223	-90,815918	-90,802605	-0,2952382	-0,034583885	-0,036388464	-0,030910576
45107	353,53223	-92,765923	-92,70842	-0,29965788	-0,035270855	-0,037164479	-0,031561159
45107	354,03223	-94,715919	-94,720436	-0,30406564	-0,03607266	-0,03795696	-0,032333106
45107	354,53223	-96,665924	-96,605934	-0,30788481	-0,036705907	-0,038735747	-0,032971706
45107	355,03223	-98,615921	-98,602798	-0,3119722	-0,037542734	-0,039688766	-0,033709258
45107	355,53223	-100,56592	-100,51386	-0,31723678	-0,038196925	-0,040433288	-0,034354437
45107	356,03223	-102,51592	-102,52741	-0,32170564	-0,038942225	-0,041337967	-0,035183135
45107	356,53223	-104,46592	-104,40945	-0,32573938	-0,039696816	-0,042062394	-0,035813015
45107	357,03223	-106,41592	-106,42577	-0,32996237	-0,040353011	-0,04286927	-0,036594607
45107	357,53223	-108,36592	-108,33157	-0,33459812	-0,041085672	-0,043721929	-0,037272587
45107	358,03223	-110,31592	-110,33041	-0,33773184	-0,041929189	-0,044624865	-0,038052984
45107	358,53223	-110,6	-110,64855	-0,3402546	-0,04209264	-0,044865012	-0,038209997
45107	359,03223	-110,6	-110,69218	-0,34088045	-0,042160261	-0,044918977	-0,038303323
45107	359,53223	-110,6	-110,62394	-0,34092963	-0,042203799	-0,044934437	-0,038322195
45107	360,03223	-110,6	-110,66514	-0,34145564	-0,042169794	-0,045066401	-0,038392007
45107	360,53223	-110,6	-110,63528	-0,34165084	-0,042187665	-0,045019619	-0,038369216
45107	361,03223	-110,6	-110,70335	-0,34178793	-0,042356044	-0,045088157	-0,038516775
45107	361,53223	-110,6	-110,63847	-0,34207255	-0,042340625	-0,045155309	-0,038449481
45107	362,03223	-110,6	-110,67944	-0,34227967	-0,042408936	-0,04520873	-0,038531348
45107	362,53223	-110,6	-110,63274	-0,34210384	-0,042358585	-0,045253441	-0,038513634
45107	363,03223	-110,6	-110,67566	-0,34233034	-0,042335995	-0,045233689	-0,038543969
45107	363,53223	-110,6	-110,61334	-0,34248531	-0,042355776	-0,045233555	-0,038469672
45107	364,03223	-110,6	-110,66452	-0,3423363	-0,042458002	-0,045287445	-0,03853729
45107	364,53223	-110,6	-110,61509	-0,34234375	-0,042411055	-0,045382269	-0,03862175
45107	365,03223	-110,6	-110,66316	-0,34338981	-0,042431436	-0,045349561	-0,038563725
45107	365,53223	-110,6	-110,62704	-0,34324974	-0,042538229	-0,045389377	-0,038610779
45107	366,03223	-110,6	-110,67807	-0,34236461	-0,042561568	-0,04538022	-0,038603477
45107	366,53223	-110,6	-110,64719	-0,34277737	-0,042531837	-0,045416497	-0,038597256
45107	367,03223	-110,6	-110,67493	-0,34368634	-0,04257068	-0,04547254	-0,038644947
45107	367,53223	-110,6	-110,62877	-0,34345537	-0,042518269	-0,045494787	-0,038581848
45107	368,03223	-110,6	-110,66868	-0,34305155	-0,042648405	-0,045455992	-0,038688004
45107	368,53223	-110,6	-110,60613	-0,34333616	-0,042545523	-0,04553654	-0,038679231
45107	369,03223	-110,6	-110,64141	-0,34426004	-0,04259659	-0,045542888	-0,038663737
45107	369,53223	-110,6	-110,63229	-0,34390092	-0,04261649	-0,045517512	-0,038716756
45107	370,03223	-110,6	-110,67336	-0,34332275	-0,042600863	-0,045516349	-0,038693964
45107	370,53223	-110,6	-110,61726	-0,34437329	-0,042621899	-0,045551114	-0,038728882
45107	371,03223	-110,6	-110,64672	-0,34355372	-0,0425414	-0,045562312	-0,038653795
45107	371,53223	-110,6	-110,59546	-0,34377575	-0,042550363	-0,045583382	-0,03862644
45107	372,03223	-110,6	-110,64333	-0,34394413	-0,042642158	-0,045571074	-0,038771164
45107	372,53223	-110,6	-110,60863	-0,34406036	-0,042708464	-0,045570605	-0,038717575
45107	373,03223	-110,6	-110,6695	-0,34394413	-0,0427774	-0,045638688	-0,038816784
45107	373,53223	-110,6	-110,62612	-0,34437031	-0,042754333	-0,045717642	-0,038797699
45107	374,03223	-110,6	-110,61704	-0,34485608	-0,042690985	-0,045665808	-0,038777187
45107	374,53223	-110,6	-110,61107	-0,34499764	-0,042670306	-0,045601659	-0,03878548
45107	375,03223	-110,6	-110,64294	-0,34459233	-0,04271955	-0,045680262	-0,038834773
45107	375,53223	-110,6	-110,6146	-0,34378022	-0,042675447	-0,045732066	-0,038770787
45107	376,03223	-110,6	-110,59986	-0,34412593	-0,042740736	-0,045716256	-0,038810071
45107	376,53223	-110,6	-110,61305	-0,3439486	-0,042768437	-0,045731381	-0,038815416
45107	377,03223	-110,6	-110,63496	-0,34465492	-0,042764284	-0,045715667	-0,038786683
45107	377,53223	-110,6	-110,62369	-0,34529567	-0,042730846	-0,045749344	-0,038877897
45107	378,03223	-110,6	-110,62638	-0,34436882	-0,042855389	-0,045790963	-0,038795739
45107	378,53223	-108,96611	-109,07121	-0,34206212	-0,042283494	-0,045248546	-0,038384005
45107	379,03223	-107,01611	-107,15088	-0,33874661	-0,041663874	-0,044536941	-0,037760705
45107	379,53223	-105,06611	-105,13747	-0,33502728	-0,041000269	-0,043890826	-0,037085209
45107	380,03223	-103,11611	-103,22486	-0,3316313	-0,04036108	-0,043165401	-0,036562104
45107	380,53223	-101,16611	-101,21752	-0,32812655	-0,039636575	-0,042429574	-0,035917275
45107	381,03223	-99,21611	-99,309639	-0,32374114	-0,038975362	-0,041686438	-0,035302512
45107	381,53223	-97,266113	-97,329445	-0,32004416	-0,038379021	-0,041020267	-0,034652747
45107	382,03223	-95,316109	-95,418625	-0,31700432	-0,037754413	-0,040288262	-0,033931326
45107	382,53223	-93,366112	-93,418274	-0,31205416	-0,037034154	-0,039531045	-0,033296924
45107	383,03223	-91,416115	-91,506454	-0,30898452	-0,036401268	-0,038837217	-0,032754105
45107	383,53223	-89,46611	-89,531906	-0,30478835	-0,035778239	-0,038124658	-0,032097839
45107	384,03223	-87,516113	-87,616417	-0,30127466	-0,035024457	-0,037400782	-0,031437878
45107	384,53223	-85,566109	-85,661156	-0,29641986	-0,034334049	-0,036659606	-0,03083352
45107	385,03223	-83,616112	-83,693214	-0,29240251	-0,033662762	-0,035810724	-0,030171366
45107	385,53223	-81,666115	-81,755295	-0,28805137	-0,032888927	-0,035047509	-0,029651739
45107	386,03223	-79,71611	-79,791016	-0,28379261	-0,032250304	-0,03430327	-0,029010428
45107	386,53223	-77,766113	-77,853279	-0,28055459	-0,031397969	-0,033537716	-0,028344214
45107	387,03223	-75,816109	-75,860542	-0,27639866	-0,03078866	-0,032802954	-0,027589722
45107	387,53223	-73,866112	-73,946037	-0,27182102	-0,030094696	-0,031925187	-0,02705984
45107	388,03223	-71,916107	-71,950722	-0,26758015	-0,029342106	-0,031113269	-0,02633838
45107	388,53223	-69,96611	-70,067329	-0,26278496	-0,028607922	-0,030353399	-0,025687238
45107	389,03223	-68,016113	-68,040558	-0,25774091	-0,027899137	-0,029535307	-0,025052503
45107	389,53223	-66,066109	-66,151611	-0,25330931	-0,027176786	-0,028767643	-0,024360767
45107	390,03223	-64,116112	-64,138275	-0,24983883	-0,026392281	-0,027920643	-0,023652388
45107	390,53223	-62,166111	-62,23283	-0,24455935	-0,025746247	-0,027180949	-0,023037001
45107	391,03223	-60,21611	-60,226879	-0,239636	-0,025022224	-0,02638427	-0,022265183
45107	391,53223	-58,266109	-58,347847	-0,23517311	-0,024246743	-0,025506737	-0,021623671
45107	392,03223	-56,316109	-56,325863	-0,23069382	-0,023489999	-0,024586504	-0,021020511
45107	392,53223	-54,366112	-54,442577	-0,22621751	-0,02281495	-0,023754807	-0,020226369
45107	393,03223	-52,416111	-52,441059	-0,21949559	-0,02205985	-0,022885295	-0,019591482
45107	393,53223	-50,46611	-50,549858	-0,21530241	-0,021316761	-0,022139343	-0,018973852
45107	394,03223	-48,516109	-48,539368	-0,21062493	-0,020600267	-0,021239044	-0,018145865
45107	394,53223	-46,566109	-46,639256	-0,20528585	-0,019795354	-0,020387841	-0,017467462
45107	395,03223	-44,616112	-44,670341	-0,19966364	-0,019013479	-0,01954964	-0,0168288
45107	395,53223	-42,666111	-42,760361	-0,19379854	-0,01815995	-0,01860881	-0,016146977
45107	396,03223	-40,71611	-40,759167	-0,18909723	-0,0174702	-0,017720854	-0,015368724
45107	396,53223	-38,766109	-38,840965	-0,1831159	-0,016670097	-0,016865348	-0,014682506
45107	397,03223	-36,816109	-36,856133	-0,17846823	-0,015784863	-0,015945619	-0,014014143
45107	397,53223	-34,866112	-34,945053	-0,17192215	-0,015014732	-0,015087036	-0,013253523
45107	398,03223	-32,916111	-32,952175	-0,16667247	-0,014160037	-0,014158091	-0,012484105
45107	398,53223	-30,96611	-31,044769	-0,16104281	-0,013357216	-0,01321307	-0,01180719
45107	399,03223	-29,016109	-29,067627	-0,15431494	-0,012403852	-0,012388395	-0,010969031
45107	399,53223	-27,066111	-27,135536	-0,14797598	-0,011666621	-0,011534294	-0,010288279
45107	400,03223	-25,11611	-25,169062	-0,14210939	-0,01072757	-0,010783186	-0,0094985524
45107	400,53223	-23,166109	-23,236271	-0,1353249	-0,0098093776	-0,0098448452	-0,0087838527
45107	401,03223	-21,21611	-21,268709	-0,12900531	-0,0087808333	-0,0090344679	-0,0079464139
45107	401,53223	-19,266109	-19,318987	-0,12096465	-0,0078652995	-0,0081905257	-0,0071533644
45107	402,03223	-17,316109	-17,368298	-0,11408031	-0,0069815596	-0,0072133224	-0,0065406403
45107	402,53223	-15,36611	-15,435147	-0,10600686	-0,0060751103	-0,0064236652	-0,0056556165
45107	403,03223	-13,416109	-13,5143	-0,097793341	-0,0050781202	-0,0055584554	-0,0048292512
45107	403,53223	-11,466109	-11,551316	-0,089716911	-0,0040927837	-0,004746953	-0,0040956107
45107	404,03223	-9,5161095	-9,6362047	-0,080218911	-0,0033310493	-0,0038248096	-0,0032257722
45107	404,53223	-7,5661092	-7,6748438	-0,070410967	-0,0023520477	-0,0029041115	-0,0023995482
45107	405,03223	-5,6161094	-5,9335771	-0,060243905	-0,0014834579	-0,0020897444	-0,0016888863
45107	405,53223	-3,6661091	-4,4992623	-0,052393973	-0,00091087207	-0,0013992582	-0,00098136265
45107	406,03223	-1,716109	-2,0840633	-0,032618642	-6,8278801e-05	-0,00016542524	0,00017340254
45107	406,53223	-1	-1,0954179	-0,021778047	0,00037635514	0,00044137985	0,00071881223
45107	407,03223	-1	-0,98401308	-0,018817186	0,00045216404	0,00060172565	0,00090829976
45107	407,53223	-1	-0,93113816	-0,017860532	0,00046423607	0,00065695122	0,00091354985
45107	408,03223	-1	-0,91866589	-0,016307831	0,00050726515	0,0006782487	0,00092045084
45107	408,53223	-1	-0,85154545	-0,015935302	0,00056774495	0,00079333782	0,0010410696
45107	409,03223	-1	-0,86478519	-0,015662611	0,00064370327	0,00087817572	0,0010589245
45107	409,53223	-1	-0,85189569	-0,01591444	0,00067209051	0,0009313561	0,0011005462
45107	410,03223	-1	-0,87413192	-0,015111268	0,00067857472	0,00089406222	0,0010773445
45107	410,53223	-1	-0,85597861	-0,015449524	0,00071520923	0,00095447712	0,0011585206
45107	411,03223	-1	-0,86087734	-0,015445054	0,0007653202	0,00096035562	0,0011303291
45107	411,53223	-1	-0,8796286	-0,014933944	0,00073738117	0,00093764439	0,0011822724
45107	412,03223	-1	-0,90263969	-0,015032291	0,0007672027	0,0010726228	0,0012115199
45107	412,53223	-1	-0,86871159	-0,014832616	0,00080407626	0,00096515939	0,0012294715
45107	413,03223	-1	-0,8668732	-0,015129149	0,00074837747	0,00098028407	0,001226192
45107	413,53223	-1	-0,87814593	-0,01513809	0,00082499319	0,0010684561	0,0012453111
45107	414,03223	-1	-0,91395903	-0,014923513	0,00085131865	0,0010182224	0,0011716087
45107	414,53223	-1	-0,90747511	-0,014813244	0,00092530478	0,0010512955	0,0012623703
45107	415,03223	-1	-0,93556571	-0,014859438	0,00087310211	0,0010710228	0,001300534
45107	415,53223	-1	-0,92667341	-0,014488399	0,00090259494	0,0011497587	0,0012848282
45107	416,03223	-1	-0,92565453	-0,014382601	0,00086312176	0,0010980889	0,0013311721
45107	416,53223	-1	-0,89765155	-0,015245378	0,0009190297	0,0011858381	0,0012494532
45107	417,03223	-1	-0,9047128	-0,014077127	0,00099588442	0,0010957532	0,0012797938
45107	417,53223	-1	-0,90671146	-0,014518201	0,00091075257	0,0011751186	0,0013538308
45107	418,03223	-1	-0,93342549	-0,014463067	0,00090767478	0,0010913629	0,0013324213
45107	418,53223	-1	-0,90259314	-0,014510751	0,00099818525	0,0011554901	0,0013757013
45107	419,03223	-1	-0,92276371	-0,014153123	0,00098506734	0,0011890884	0,0013614754
45107	419,53223	-1	-0,92821008	-0,013937056	0,0010384056	0,0012405906	0,0012400163
45107	420,03223	-1	-0,95108521	-0,014045835	0,0010305467	0,0012377705	0,00129193
45107	420,53223	-1	-0,94368684	-0,014165044	0,0011102402	0,0012440234	0,0012865758
45107	421,03223	-1	-0,94334966	-0,013822317	0,00098264695	0,0011652075	0,001339999
45107	421,53223	-1	-0,94178504	-0,01360625	0,0011017539	0,0012694113	0,0013137113
45107	422,03223	-1	-0,93419665	-0,014014542	0,0011064154	0,00130748	0,0013182326
45107	422,53223	-1	-0,9495281	-0,013616681	0,0011045628	0,0012712535	0,00132381
45107	423,03223	-1	-0,94850361	-0,013521314	0,0010660756	0,0012240447	0,0013903957
45107	423,53223	-1	-0,95539916	-0,012995303	0,0010310248	0,0012332499	0,0013386828
45107	424,03223	-1	-0,94892269	-0,014092028	0,0010933572	0,0012083892	0,0014246553
45107	424,53223	-1	-0,95991975	-0,013253093	0,0010035639	0,0012372211	0,0013634758
45107	425,03223	-1	-0,97666311	-0,014176965	0,0010839745	0,001260329	0,0012821809
45107	425,53223	-1	-0,98984313	-0,014010072	0,0010197297	0,0012864284	0,0013203372
45107	426,03223	-1	-0,9643659	-0,013105571	0,0011250912	0,0013224371	0,0013488187
45107	426,53223	-1	-0,97872686	-0,013703108	0,0011887384	0,0013665836	0,0014044505
45107	427,03223	-1	-0,95671046	-0,013647974	0,0011411076	0,0013245475	0,0014517239
45107	427,53223	-1	-0,95742196	-0,013636053	0,001107521	0,0013386514	0,0014562899
45107	428,03223	-1	-0,94769526	-0,012978911	0,0011451415	0,0012961719	0,001425622
45107	428,53223	-1	-0,98066962	-0,013370812	0,0011027399	0,001335483	0,0014048893
45107	429,03223	-1	-0,97095221	-0,012743473	0,0010970327	0,0013598334	0,0014190334
45107	429,53223	-1	-0,97038037	-0,013442338	0,0011921747	0,0013903584	0,0014702852
45107	430,03223	-1	-0,95505828	-0,013329089	0,001190352	0,0013280213	0,0014667826
45107	430,53223	-1	-0,97607261	-0,013554096	0,0011734093	0,0014192276	0,0013612375
45107	431,03223	-1	-0,97719955	-0,012752414	0,0011971351	0,0013829879	0,0013579357
45107	431,53223	-1	-0,98162889	-0,013418496	0,0011235374	0,0014537945	0,0013978024
45107	432,03223	-1	-0,97043997	-0,013515353	0,0011268542	0,0013318956	0,001373002
45107	432,53223	-1	-0,96566975	-0,013764203	0,0011711384	0,0014646128	0,0014555164
45107	433,03223	-1	-0,9470768	-0,012946129	0,0012328433	0,0014175158	0,0014831279
45107	433,53223	-1	-0,98189712	-0,01218915	0,0011255394	0,0014309604	0,0014068525
45107	434,03223	-1	-0,98199773	-0,013162196	0,0011021722	0,0013642944	0,0014531071
45107	434,53223	-1	-0,97113848	-0,01359731	0,001283014	0,0014699437	0,0013999217
45107	435,03223	-1	-0,957964	-0,013197958	0,0012147053	0,0014945921	0,0014538284
45107	435,53223	-1	-0,96947515	-0,013108552	0,0012579734	0,0014930088	0,0014407478
45107	436,03223	-1	-0,98174441	-0,01308918	0,0011564068	0,001503149	0,0014152185
45107	436,53223	-1	-1,009198	-0,012946129	0,0011798338	0,0014446955	0,0013798657
45107	437,03223	-1	-0,9830035	-0,013229251	0,0011993762	0,0015426725	0,0013966348
45107	437,53223	-1	-0,95833278	-0,013370812	0,001302646	0,0014695954	0,0014091503
45107	438,03223	-1	-0,96917713	-0,012463331	0,0012759021	0,0014742706	0,0013946494
45107	438,53223	-1	-0,97363442	-0,012555718	0,0013037815	0,0014827996	0,0013417614
45107	439,03223	-1	-0,97315383	-0,012925267	0,0012433017	0,001500506	0,0014289684
45107	439,53223	-1	-0,97607821	-0,012035668	0,0012781135	0,0014311932	0,0014212271
45107	440,03223	-1	-0,98565221	-0,012519956	0,0012374151	0,0015402064	0,0013479189
45107	440,53223	-1	-0,97117013	-0,012840331	0,0012788903	0,0015186276	0,0014370593
45107	441,03223	-1	-0,97306442	-0,012889504	0,0012998072	0,0015786327	0,0014314002
45107	441,53223	-1	-0,9816587	-0,013022125	0,0012588997	0,0015050825	0,0014578813
45107	442,03223	-1	-0,99850631	-0,012145936	0,0012978649	0,0014668144	0,0014101989
45107	442,53223	-1	-0,99086201	-0,012759864	0,0012836116	0,0015745293	0,0015052141
45107	443,03223	-1	-0,9643901	-0,012384355	0,0012782031	0,0015032515	0,0014499094
45107	443,53223	-1	-0,9624269	-0,012658536	0,0013022276	0,0015382059	0,001515863
45107	444,03223	-1	-0,95834208	-0,013037026	0,0013257741	0,0015217364	0,0015115201
45107	444,53223	-1	-0,98496675	-0,012284517	0,0012866595	0,0015671849	0,0014862214
45107	445,03223	-1	-0,98802519	-0,012104213	0,0012947574	0,0015221704	0,0014987593
45107	445,53223	-1	-0,98566896	-0,013011694	0,0012481424	0,0016026087	0,0014861694
45107	446,03223	-1	-0,98470223	-0,012400746	0,0013619604	0,0016124547	0,0014676676
45107	446,53223	-1	-1,0030792	-0,011597574	0,0013332146	0,0015785526	0,0014424358
45107	447,03223	-1	-0,9945668	-0,012637675	0,0013139411	0,0015959442	0,0014788073
45107	447,53223	-1	-0,97279811	-0,012992322	0,0013770206	0,0015794635	0,0015178709
45107	448,03223	-1	-0,97504443	-0,012531877	0,0014050492	0,0015733559	0,0015045746
45107	448,53223	-1	-1,0083244	-0,012429059	0,0013578667	0,0016296171	0,0014884077
45107	449,03223	-1	-0,98788369	-0,012618303	0,0014215139	0,0016172528	0,0015187484
45107	449,53223	-1	-1,0241512	-0,011965632	0,0013413721	0,0015706886	0,0015331974
45107	450,03223	-1	-0,97739136	-0,01192838	0,0014086051	0,0015652273	0,00159605
45107	450,53223	-1	-0,98723733	-0,011946261	0,0014244124	0,0016723145	0,0015789388
45107	451,03223	-1	-0,98841637	-0,012530386	0,0013947402	0,0015329774	0,0015343351
45107	451,53223	-1	-0,99513119	-0,011871755	0,0013081442	0,0016604811	0,0015720899
45107	452,03223	-1	-0,98780358	-0,012113154	0,0013725682	0,0016568732	0,0015129925
45107	452,53223	-1	-1,0108091	-0,012437999	0,0013784848	0,0015599523	0,0015747967
45107	453,03223	-1	-0,97610426	-0,012750924	0,0014127586	0,0015505198	0,0015764773
45107	453,53223	-1	-0,97718275	-0,011824071	0,0014361258	0,0015334431	0,0015802477
45107	454,03223	-1	-0,9932425	-0,011964142	0,0013419399	0,0016405657	0,0015455938
45107	454,53223	-1	-0,98618865	-0,011259317	0,0013953379	0,0015687961	0,001507274
45107	455,03223	-1	-1,014106	-0,012327731	0,0014455384	0,0016169902	0,0015882567
45107	455,53223	-1	-1,013618	-0,012531877	0,0013900787	0,0016029831	0,0015953956
45107	456,03223	-1	-0,99397451	-0,012019277	0,0014392933	0,0015832055	0,0016339534
45107	456,53223	-1	-0,98797864	-0,012505054	0,0014338548	0,0015494078	0,0015553654
45107	457,03223	-1	-0,99354982	-0,012439489	0,0014397415	0,0015426259	0,001552599
45107	457,53223	-1	-0,99957919	-0,011868775	0,0014876113	0,0016295407	0,0015051323
45107	458,03223	-1	-1,0029207	-0,012411177	0,0014450005	0,0015578214	0,0016553258
45107	458,53223	-1	-0,99417198	-0,012330711	0,0014120116	0,0015975311	0,0015656871
45107	459,03223	-1	-0,99973381	-0,011473894	0,001412639	0,0016244687	0,0015162126
45107	459,53223	-1	-0,99526346	-0,011637807	0,0014004774	0,0016525574	0,0015731681
45107	460,03223	-1	-0,99434704	-0,011858344	0,0014553395	0,001632344	0,0015411394
45107	460,53223	-1	-1,0414981	-0,011196733	0,0013948298	0,0015690476	0,0015541755
45107	461,03223	-1	-0,99529326	-0,010795891	0,0014480783	0,001580542	0,0016222411
45107	461,53223	-1	-0,99024177	-0,011631846	0,0014826809	0,0016281605	0,0016924113
45107	462,03223	-1	-0,98093039	-0,011311471	0,0014499609	0,00165217	0,0016431523
45107	462,53223	-1	-1,0199528	-0,011533499	0,0014033162	0,0015504695	0,0016164482
45107	463,03223	-1	-1,0189619	-0,011245906	0,001365845	0,0016954634	0,0015910602
45107	463,53223	-1	-0,9958148	-0,010713935	0,0014293129	0,0015763901	0,0016562479
45107	464,03223	-1	-1,0138489	-0,011758506	0,0013858057	0,0016256478	0,0015657615
45107	464,53223	-1	-1,032468	-0,011630356	0,0014899122	0,0016084295	0,0016021479
45107	465,03223	-1	-1,0158904	-0,01142025	0,001428267	0,0016166903	0,0016307855
45107	465,53223	-1	-0,9990707	-0,011792779	0,00146275	0,0016422104	0,0016342063
45107	466,03223	-1	-0,98676795	-0,01129806	0,0014533972	0,0015825387	0,0017095075
45107	466,53223	-1	-0,99551117	-0,011514127	0,0015129208	0,0015560351	0,0016096587
45107	467,03223	-1	-1,0007825	-0,010864437	0,0014929899	0,0016486365	0,0016836586
45107	467,53223	-1	-1,0241754	-0,011382997	0,0014244124	0,0016160607	0,0016439555
45107	468,03223	-1	-0,99468601	-0,011721253	0,0014933186	0,0016346946	0,0016253793
45107	468,53223	-1	-0,99440849	-0,011669099	0,001415926	0,0016201474	0,001651905
45107	469,03223	-1	-1,0061636	-0,011774898	0,0014945737	0,0017034151	0,0016697895
45107	469,53223	-1	-1,0405332	-0,011703372	0,0014409068	0,0016375668	0,0016482314
45107	470,03223	-1	-1,0050665	-0,011400878	0,0014612559	0,0016395766	0,0016445727
45107	470,53223	-1	-1,0123868	-0,011610985	0,0014400403	0,0015926734	0,0016115401
45107	471,03223	-1	-0,98928809	-0,011500716	0,0014487954	0,0016113669	0,0016896076
45107	471,53223	-1	-1,0126326	-0,011447072	0,0015360788	0,0016270429	0,0016425871
45107	472,03223	-1	-0,98348594	-0,011718273	0,0015269949	0,0016875826	0,0016217428
45107	472,53223	-1	-1,0174085	-0,010749698	0,0015136679	0,0017060135	0,0016684883
45107	473,03223	-1	-0,99851561	-0,011406839	0,0014933186	0,0016705021	0,0016004301
45107	473,53223	-1	-1,0193456	-0,010511279	0,0015248733	0,0016918462	0,0016495551
45107	474,03223	-1	-0,98319167	-0,011108816	0,001566468	0,0017156135	0,0017393201
45107	474,53223	-1	-0,99930167	-0,011642277	0,0015397243	0,00169315	0,0016532881
45107	475,03223	-1	-0,99992937	-0,011275709	0,0015123232	0,0016902816	0,0016240779
45107	475,53223	-1	-1,0146387	-0,011199713	0,0016096466	0,0016452	0,0016349648
45107	476,03223	0	0,0044163316	1,8906608	0,0018202203	0,0021435395	0,0021722687

Datenerfassung						Zeit:	476,30273	s	30.06.2023 08:25:49
Datum	Laufzeit	Ch 1 Weg	Ch 1 Kraft	Ch 1 Kraft Sollwert	1470533	1470534	1281068
d	s	mm	kN	kN	mm	mm	mm
45107	476,28809	5,0013347	0,053590164	0	0,0019977451	3,2894139	0,09284953
45107	17,548828	-0,34611374	-110,73463	-110,6	-0,20658547	-3,0722735	-0,04146504
