MTS793|MPT|DEU|1|2|,|.|:|49|1|1|A

Bediener Information						Zeit:	19,257813	s	30.06.2023 07:43:40
Datum	30.6.2023
Probe	Pittrich TP2_CEM I_420_oF 30.5.23 Druck Probe 2
Prüfer: 	Be
Masse	5387,4
Länge	299,7
Durchmesser	99,1
Bediener Information Ende

Datenerfassung						Zeit:	117,35645	s	30.06.2023 07:45:18
Ch 1 Weg	Ch 1 Kraft
mm	kN
0,96850097	0,23248978
-1,0706604	-327,39413

Datenerfassung						Zeit:	117,36328	s	30.06.2023 07:45:18
Datum	Tageszeit	Laufzeit	Ch 1 Kraft Sollwert	Ch 1 Kraft	Ch 1 Weg
d	d	s	kN	kN	mm
45107	0,35910356	31,549805	-1,7617188	-4,3286271	0,00030398369
45107	0,35910589	31,75	-2,5424805	-4,4751039	-0,00029802322
45107	0,35910821	31,950195	-3,3232422	-4,8185682	-0,0018641353
45107	0,35911053	32,150391	-4,1040039	-5,1863976	-0,0037878752
45107	0,35911283	32,350586	-4,8847656	-5,6400466	-0,0074461102
45107	0,35911515	32,550781	-5,6655273	-6,1874485	-0,010073185
45107	0,35911748	32,750977	-6,4462891	-6,7702847	-0,013561547
45107	0,3591198	32,951172	-7,2270508	-7,3985944	-0,017148256
45107	0,3591221	33,151367	-8,0078125	-8,2210493	-0,021596253
45107	0,35912442	33,351563	-8,7885742	-9,1768703	-0,026270747
45107	0,35912675	33,551758	-9,5693359	-10,164585	-0,032293797
45107	0,35912907	33,751953	-10,350098	-11,353307	-0,037051737
45107	0,35913137	33,952148	-11,130859	-12,163754	-0,041629374
45107	0,35913369	34,152344	-11,911621	-12,909226	-0,045140088
45107	0,35913602	34,352539	-12,692383	-13,599367	-0,047796965
45107	0,35913834	34,552734	-13,473145	-14,297585	-0,050953031
45107	0,35914063	34,75293	-14,253906	-15,040396	-0,054293871
45107	0,35914296	34,953125	-15,034668	-15,747595	-0,057305396
45107	0,35914528	35,15332	-15,81543	-16,476934	-0,060945749
45107	0,35914761	35,353516	-16,596191	-17,213509	-0,063218176
45107	0,3591499	35,553711	-17,376953	-17,918451	-0,066319108
45107	0,35915223	35,753906	-18,157715	-18,685162	-0,069719553
45107	0,35915455	35,954102	-18,938477	-19,446884	-0,070945919
45107	0,35915688	36,154297	-19,719238	-20,13891	-0,074629486
45107	0,35915917	36,354492	-20,5	-20,905313	-0,077022612
45107	0,3591615	36,554688	-21,280762	-21,633934	-0,079877675
45107	0,35916382	36,754883	-22,061523	-22,409601	-0,082275271
45107	0,35916615	36,955078	-22,842285	-23,188002	-0,084403157
45107	0,35916844	37,155273	-23,623047	-23,915945	-0,087043643
45107	0,35917076	37,355469	-24,403809	-24,697355	-0,090108812
45107	0,35917309	37,555664	-25,18457	-25,424286	-0,092348456
45107	0,35917541	37,755859	-25,965332	-26,178175	-0,094464421
45107	0,35917771	37,956055	-26,746094	-26,981577	-0,096945465
45107	0,35918003	38,15625	-27,526855	-27,75585	-0,099407136
45107	0,35918236	38,356445	-28,307617	-28,503113	-0,10188967
45107	0,35918468	38,556641	-29,088379	-29,277639	-0,10490865
45107	0,35918698	38,756836	-29,869141	-30,033138	-0,10713935
45107	0,3591893	38,957031	-30,649902	-30,840466	-0,10958761
45107	0,35919163	39,157227	-31,430664	-31,5968	-0,1108095
45107	0,35919395	39,357422	-32,211426	-32,328167	-0,11376143
45107	0,35919625	39,557617	-32,992188	-33,115742	-0,11530817
45107	0,35919857	39,757813	-33,772949	-33,879494	-0,11803359
45107	0,35920089	39,958008	-34,553711	-34,67025	-0,12042373
45107	0,35920322	40,158203	-35,334473	-35,433701	-0,12278259
45107	0,35920551	40,358398	-36,115234	-36,207325	-0,12479722
45107	0,35920784	40,558594	-36,895996	-36,98822	-0,12770593
45107	0,35921016	40,758789	-37,676758	-37,745838	-0,12965649
45107	0,35921249	40,958984	-38,45752	-38,535969	-0,13154745
45107	0,35921478	41,15918	-39,238281	-39,32431	-0,13318062
45107	0,35921711	41,359375	-40,019043	-40,089966	-0,13565868
45107	0,35921943	41,55957	-40,799805	-40,885906	-0,13740361
45107	0,35922176	41,759766	-41,580566	-41,643375	-0,13943315
45107	0,35922405	41,959961	-42,361328	-42,413029	-0,14223903
45107	0,35922638	42,160156	-43,14209	-43,211895	-0,14477074
45107	0,3592287	42,360352	-43,922852	-43,995712	-0,14599413
45107	0,35923102	42,560547	-44,703613	-44,762444	-0,14862865
45107	0,35923332	42,760742	-45,484375	-45,509022	-0,15016049
45107	0,35923564	42,960938	-46,265137	-46,286015	-0,1527369
45107	0,35923797	43,161133	-47,045898	-47,103882	-0,15478134
45107	0,35924029	43,361328	-47,82666	-47,879227	-0,15683025
45107	0,35924259	43,561523	-48,607422	-48,686501	-0,15909523
45107	0,35924491	43,761719	-49,388184	-49,411594	-0,1614064
45107	0,35924724	43,961914	-50,168945	-50,192287	-0,16322881
45107	0,35924956	44,162109	-50,949707	-50,990421	-0,1651302
45107	0,35925186	44,362305	-51,730469	-51,736073	-0,16688854
45107	0,35925418	44,5625	-52,51123	-52,508991	-0,16866028
45107	0,35925651	44,762695	-53,291992	-53,2672	-0,17089397
45107	0,35925883	44,962891	-54,072754	-54,0438	-0,17289221
45107	0,35926113	45,163086	-54,853516	-54,870083	-0,17500818
45107	0,35926345	45,363281	-55,634277	-55,621796	-0,17752796
45107	0,35926577	45,563477	-56,415039	-56,429634	-0,17910898
45107	0,3592681	45,763672	-57,195801	-57,132889	-0,18129945
45107	0,35927039	45,963867	-57,976563	-57,942673	-0,18343478
45107	0,35927272	46,164063	-58,757324	-58,750858	-0,18463731
45107	0,35927504	46,364258	-59,538086	-59,515179	-0,18749386
45107	0,35927737	46,564453	-60,318848	-60,29789	-0,1891166
45107	0,35927966	46,764648	-61,099609	-61,06443	-0,1913324
45107	0,35928199	46,964844	-61,880371	-61,846767	-0,19295067
45107	0,35928431	47,165039	-62,661133	-62,625645	-0,19479394
45107	0,35928664	47,365234	-63,441895	-63,42524	-0,19690245
45107	0,35928893	47,56543	-64,222656	-64,184288	-0,19907057
45107	0,35929126	47,765625	-65,003418	-64,972946	-0,20098686
45107	0,35929358	47,96582	-65,78418	-65,739388	-0,20346791
45107	0,3592959	48,166016	-66,564941	-66,505852	-0,20511597
45107	0,3592982	48,366211	-67,345703	-67,361893	-0,20647049
45107	0,35930052	48,566406	-68,126465	-68,098701	-0,20876974
45107	0,35930285	48,766602	-68,907227	-68,894112	-0,21134913
45107	0,35930517	48,966797	-69,687988	-69,638138	-0,21293759
45107	0,35930747	49,166992	-70,46875	-70,444717	-0,21582693
45107	0,35930979	49,367188	-71,249512	-71,238258	-0,21718591
45107	0,35931212	49,567383	-72,030273	-72,041367	-0,21910518
45107	0,35931444	49,767578	-72,811035	-72,795525	-0,22086501
45107	0,35931674	49,967773	-73,591797	-73,587105	-0,22276789
45107	0,35931906	50,167969	-74,372559	-74,340927	-0,22446662
45107	0,35932139	50,368164	-75,15332	-75,161697	-0,22711903
45107	0,35932371	50,568359	-75,934082	-75,955467	-0,22899657
45107	0,359326	50,768555	-76,714844	-76,680794	-0,23063421
45107	0,35932833	50,96875	-77,495605	-77,480568	-0,23254305
45107	0,35933065	51,168945	-78,276367	-78,222855	-0,2344206
45107	0,35933298	51,369141	-79,057129	-79,023598	-0,23643225
45107	0,35933527	51,569336	-79,837891	-79,826286	-0,23868382
45107	0,3593376	51,769531	-80,618652	-80,597855	-0,24033338
45107	0,35933992	51,969727	-81,399414	-81,405449	-0,24168193
45107	0,35934225	52,169922	-82,180176	-82,13797	-0,24433285
45107	0,35934454	52,370117	-82,960938	-82,947159	-0,24607182
45107	0,35934687	52,570313	-83,741699	-83,758644	-0,2487421
45107	0,35934919	52,770508	-84,522461	-84,529488	-0,25006831
45107	0,35935152	52,970703	-85,303223	-85,304169	-0,25167763
45107	0,35935381	53,170898	-86,083984	-86,067955	-0,25378764
45107	0,35935614	53,371094	-86,864746	-86,848076	-0,25596023
45107	0,35935846	53,571289	-87,645508	-87,628288	-0,25804937
45107	0,35936078	53,771484	-88,42627	-88,402191	-0,2595678
45107	0,35936308	53,97168	-89,207031	-89,175774	-0,2615869
45107	0,3593654	54,171875	-89,987793	-89,946266	-0,26369244
45107	0,35936773	54,37207	-90,768555	-90,74501	-0,26526153
45107	0,35937005	54,572266	-91,549316	-91,545708	-0,26702583
45107	0,35937235	54,772461	-92,330078	-92,314438	-0,2694726
45107	0,35937467	54,972656	-93,11084	-93,064491	-0,27162731
45107	0,359377	55,172852	-93,891602	-93,866013	-0,272955
45107	0,35937929	55,373047	-94,672363	-94,669044	-0,27478635
45107	0,35938162	55,573242	-95,453125	-95,426018	-0,27744621
45107	0,35938394	55,773438	-96,233887	-96,201889	-0,27985871
45107	0,35938627	55,973633	-97,014648	-96,962448	-0,28132796
45107	0,35938856	56,173828	-97,79541	-97,778084	-0,28324872
45107	0,35939088	56,374023	-98,576172	-98,534866	-0,28426349
45107	0,35939321	56,574219	-99,356934	-99,363037	-0,2869308
45107	0,35939553	56,774414	-100,1377	-100,09944	-0,28865188
45107	0,35939783	56,974609	-100,91846	-100,89185	-0,28998703
45107	0,35940015	57,174805	-101,69922	-101,69965	-0,2927646
45107	0,35940248	57,375	-102,47998	-102,46436	-0,29415637
45107	0,3594048	57,575195	-103,26074	-103,27683	-0,29630512
45107	0,3594071	57,775391	-104,0415	-104,01528	-0,29863715
45107	0,35940942	57,975586	-104,82227	-104,81479	-0,29951483
45107	0,35941175	58,175781	-105,60303	-105,61199	-0,30208379
45107	0,35941407	58,375977	-106,38379	-106,35661	-0,30386299
45107	0,35941637	58,576172	-107,16455	-107,15079	-0,30568093
45107	0,35941869	58,776367	-107,94531	-107,91087	-0,30811876
45107	0,35942101	58,976563	-108,72607	-108,71555	-0,30969828
45107	0,35942334	59,176758	-109,50684	-109,51737	-0,31106472
45107	0,35942563	59,376953	-110,2876	-110,25663	-0,31308532
45107	0,35942796	59,577148	-111,06836	-111,06506	-0,31534433
45107	0,35943028	59,777344	-111,84912	-111,84992	-0,31757206
45107	0,35943261	59,977539	-112,62988	-112,62486	-0,31925291
45107	0,3594349	60,177734	-113,41064	-113,43233	-0,32183677
45107	0,35943723	60,37793	-114,19141	-114,16197	-0,32310188
45107	0,35943955	60,578125	-114,97217	-114,95786	-0,32471418
45107	0,35944188	60,77832	-115,75293	-115,70757	-0,32631457
45107	0,35944417	60,978516	-116,53369	-116,48651	-0,32919049
45107	0,3594465	61,178711	-117,31445	-117,32339	-0,33073574
45107	0,35944882	61,378906	-118,09521	-118,07636	-0,33253431
45107	0,35945114	61,579102	-118,87598	-118,87138	-0,33481717
45107	0,35945344	61,779297	-119,65674	-119,63718	-0,33631623
45107	0,35945576	61,979492	-120,4375	-120,41333	-0,338687
45107	0,35945809	62,179688	-121,21826	-121,23766	-0,33964664
45107	0,35946041	62,379883	-121,99902	-121,97583	-0,34185648
45107	0,35946271	62,580078	-122,77979	-122,79646	-0,34342408
45107	0,35946503	62,780273	-123,56055	-123,50593	-0,34543127
45107	0,35946736	62,980469	-124,34131	-124,3156	-0,34751445
45107	0,35946968	63,180664	-125,12207	-125,12798	-0,34926832
45107	0,35947198	63,380859	-125,90283	-125,88017	-0,35122931
45107	0,3594743	63,581055	-126,68359	-126,67818	-0,35297722
45107	0,35947663	63,78125	-127,46436	-127,43159	-0,35468936
45107	0,35947895	63,981445	-128,24512	-128,21925	-0,35668164
45107	0,35948125	64,181641	-129,02588	-129,04195	-0,35898089
45107	0,35948357	64,381836	-129,80664	-129,79071	-0,36000162
45107	0,35948589	64,582031	-130,5874	-130,60066	-0,36221892
45107	0,35948822	64,782227	-131,36816	-131,32852	-0,36447793
45107	0,35949051	64,982422	-132,14893	-132,18378	-0,36665052
45107	0,35949284	65,182617	-132,92969	-132,93286	-0,36825538
45107	0,35949516	65,382813	-133,71045	-133,7099	-0,36982596
45107	0,35949749	65,583008	-134,49121	-134,45314	-0,37172735
45107	0,35949978	65,783203	-135,27197	-135,26085	-0,37450939
45107	0,35950211	65,983398	-136,05273	-136,06476	-0,37553459
45107	0,35950443	66,183594	-136,8335	-136,8145	-0,37847906
45107	0,35950676	66,383789	-137,61426	-137,62436	-0,38006753
45107	0,35950905	66,583984	-138,39502	-138,36798	-0,38187057
45107	0,35951138	66,78418	-139,17578	-139,15318	-0,38332343
45107	0,3595137	66,984375	-139,95654	-139,94991	-0,38470924
45107	0,35951602	67,18457	-140,7373	-140,73515	-0,38719326
45107	0,35951832	67,384766	-141,51807	-141,52513	-0,38994551
45107	0,35952064	67,584961	-142,29883	-142,28172	-0,39197356
45107	0,35952297	67,785156	-143,07959	-143,05457	-0,39308965
45107	0,35952529	67,985352	-143,86035	-143,85799	-0,3947556
45107	0,35952759	68,185547	-144,64111	-144,64328	-0,3969714
45107	0,35952991	68,385742	-145,42188	-145,39867	-0,39864331
45107	0,35953224	68,585938	-146,20264	-146,18326	-0,40079206
45107	0,35953456	68,786133	-146,9834	-146,97601	-0,40304512
45107	0,35953686	68,986328	-147,76416	-147,76309	-0,40405542
45107	0,35953918	69,186523	-148,54492	-148,53061	-0,40589571
45107	0,35954151	69,386719	-149,32568	-149,30974	-0,40812939
45107	0,35954383	69,586914	-150,10645	-150,08197	-0,41035265
45107	0,35954612	69,787109	-150,88721	-150,87964	-0,41179508
45107	0,35954845	69,987305	-151,66797	-151,62195	-0,41313469
45107	0,35955077	70,1875	-152,44873	-152,42442	-0,41575134
45107	0,3595531	70,387695	-153,22949	-153,21368	-0,41784197
45107	0,35955539	70,587891	-154,01025	-153,99263	-0,41989535
45107	0,35955772	70,788086	-154,79102	-154,80368	-0,42190552
45107	0,35956004	70,988281	-155,57178	-155,55513	-0,42381883
45107	0,35956237	71,188477	-156,35254	-156,33878	-0,42618811
45107	0,35956466	71,388672	-157,1333	-157,16005	-0,42777807
45107	0,35956699	71,588867	-157,91406	-157,89897	-0,42849034
45107	0,35956931	71,789063	-158,69482	-158,69379	-0,43103844
45107	0,35957164	71,989258	-159,47559	-159,47462	-0,43280721
45107	0,35957393	72,189453	-160,25635	-160,24986	-0,43492168
45107	0,35957626	72,389648	-161,03711	-160,98538	-0,43726414
45107	0,35957858	72,589844	-161,81787	-161,78563	-0,43864697
45107	0,3595809	72,790039	-162,59863	-162,60902	-0,44067055
45107	0,3595832	72,990234	-163,37939	-163,36436	-0,44249296
45107	0,35958552	73,19043	-164,16016	-164,15359	-0,4448697
45107	0,35958785	73,390625	-164,94092	-164,91811	-0,44725537
45107	0,35959017	73,59082	-165,72168	-165,70865	-0,44875294
45107	0,35959247	73,791016	-166,50244	-166,51965	-0,45084953
45107	0,35959479	73,991211	-167,2832	-167,26924	-0,4522562
45107	0,35959712	74,191406	-168,06396	-168,07411	-0,45457184
45107	0,35959944	74,391602	-168,84473	-168,83856	-0,45717359
45107	0,35960174	74,591797	-169,62549	-169,63208	-0,45819432
45107	0,35960406	74,791992	-170,40625	-170,40781	-0,46059638
45107	0,35960639	74,992188	-171,18701	-171,17265	-0,46254694
45107	0,35960871	75,192383	-171,96777	-171,95961	-0,46443045
45107	0,359611	75,392578	-172,74854	-172,71497	-0,46658218
45107	0,35961333	75,592773	-173,5293	-173,52501	-0,46840757
45107	0,35961565	75,792969	-174,31006	-174,2887	-0,47014356
45107	0,35961798	75,993164	-175,09082	-175,10576	-0,47254264
45107	0,35962027	76,193359	-175,87158	-175,86818	-0,47458857
45107	0,3596226	76,393555	-176,65234	-176,62622	-0,47626793
45107	0,35962492	76,59375	-177,43311	-177,43327	-0,47840625
45107	0,35962725	76,793945	-178,21387	-178,20488	-0,48039556
45107	0,35962954	76,994141	-178,99463	-178,99004	-0,4818067
45107	0,35963187	77,194336	-179,77539	-179,74738	-0,48418194
45107	0,35963419	77,394531	-180,55615	-180,55006	-0,48599392
45107	0,35963652	77,594727	-181,33691	-181,32866	-0,48850477
45107	0,35963881	77,794922	-182,11768	-182,1004	-0,49016774
45107	0,35964113	77,995117	-182,89844	-182,87096	-0,49225092
45107	0,35964346	78,195313	-183,6792	-183,6618	-0,49428791
45107	0,35964578	78,395508	-184,45996	-184,44858	-0,49649477
45107	0,35964808	78,595703	-185,24072	-185,22827	-0,49862862
45107	0,3596504	78,795898	-186,02148	-185,99597	-0,50023794
45107	0,35965273	78,996094	-186,80225	-186,78769	-0,50314069
45107	0,35965505	79,196289	-187,58301	-187,55595	-0,50392002
45107	0,35965735	79,396484	-188,36377	-188,33629	-0,50611049
45107	0,35965967	79,59668	-189,14453	-189,14606	-0,50817877
45107	0,359662	79,796875	-189,92529	-189,89568	-0,51019639
45107	0,35966432	79,99707	-190,70605	-190,66951	-0,51297247
45107	0,35966662	80,197266	-191,48682	-191,45767	-0,51361322
45107	0,35966894	80,397461	-192,26758	-192,21664	-0,51728487
45107	0,35967126	80,597656	-193,04834	-193,01881	-0,51866174
45107	0,35967359	80,797852	-193,8291	-193,78717	-0,52053779
45107	0,35967588	80,998047	-194,60986	-194,59372	-0,5224064
45107	0,35967821	81,198242	-195,39063	-195,36659	-0,5246684
45107	0,35968053	81,398438	-196,17139	-196,147	-0,52653104
45107	0,35968286	81,598633	-196,95215	-196,96053	-0,52859485
45107	0,35968515	81,798828	-197,73291	-197,67589	-0,53032935
45107	0,35968748	81,999023	-198,51367	-198,49977	-0,53292811
45107	0,3596898	82,199219	-199,29443	-199,25905	-0,53595752
45107	0,3596921	82,399414	-200,0752	-200,03786	-0,53767115
45107	0,35969442	82,599609	-200,85596	-200,84003	-0,53924471
45107	0,35969675	82,799805	-201,63672	-201,5726	-0,54143518
45107	0,35969907	83	-202,41748	-202,40115	-0,54344386
45107	0,35970137	83,200195	-203,19824	-203,16624	-0,54648966
45107	0,35970369	83,400391	-203,979	-203,9281	-0,54743737
45107	0,35970601	83,600586	-204,75977	-204,74896	-0,54967552
45107	0,35970834	83,800781	-205,54053	-205,495	-0,5521819
45107	0,35971063	84,000977	-206,32129	-206,28925	-0,55375993
45107	0,35971296	84,201172	-207,10205	-207,075	-0,55629313
45107	0,35971528	84,401367	-207,88281	-207,87041	-0,55833459
45107	0,35971761	84,601563	-208,66357	-208,63773	-0,56063086
45107	0,3597199	84,801758	-209,44434	-209,41693	-0,5622983
45107	0,35972223	85,001953	-210,2251	-210,19507	-0,56413114
45107	0,35972455	85,202148	-211,00586	-210,99142	-0,5666703
45107	0,35972688	85,402344	-211,78662	-211,77118	-0,56868643
45107	0,35972917	85,602539	-212,56738	-212,56793	-0,57158619
45107	0,3597315	85,802734	-213,34814	-213,32298	-0,57350099
45107	0,35973382	86,00293	-214,12891	-214,13525	-0,57603568
45107	0,35973614	86,203125	-214,90967	-214,89052	-0,57750195
45107	0,35973844	86,40332	-215,69043	-215,68417	-0,57950169
45107	0,35974076	86,603516	-216,47119	-216,45847	-0,58164895
45107	0,35974309	86,803711	-217,25195	-217,24071	-0,58483779
45107	0,35974541	87,003906	-218,03271	-218,02925	-0,58717728
45107	0,35974771	87,204102	-218,81348	-218,82167	-0,58926493
45107	0,35975003	87,404297	-219,59424	-219,60666	-0,59068799
45107	0,35975236	87,604492	-220,375	-220,42902	-0,5934909
45107	0,35975468	87,804688	-221,15576	-221,1373	-0,59517026
45107	0,35975698	88,004883	-221,93652	-221,94173	-0,59770495
45107	0,3597593	88,205078	-222,71729	-222,69994	-0,60014576
45107	0,35976163	88,405273	-223,49805	-223,49959	-0,60250163
45107	0,35976395	88,605469	-224,27881	-224,2648	-0,60418844
45107	0,35976624	88,805664	-225,05957	-225,05513	-0,60657263
45107	0,35976857	89,005859	-225,84033	-225,81262	-0,60931593
45107	0,35977089	89,206055	-226,62109	-226,59644	-0,61053187
45107	0,35977322	89,40625	-227,40186	-227,40504	-0,61334968
45107	0,35977551	89,606445	-228,18262	-228,16325	-0,6155476
45107	0,35977784	89,806641	-228,96338	-228,97919	-0,61826557
45107	0,35978016	90,006836	-229,74414	-229,74055	-0,62032789
45107	0,35978249	90,207031	-230,5249	-230,51671	-0,62215924
45107	0,35978478	90,407227	-231,30566	-231,27524	-0,62459707
45107	0,35978711	90,607422	-232,08643	-232,07635	-0,62705129
45107	0,35978943	90,807617	-232,86719	-232,81015	-0,6297186
45107	0,35979176	91,007813	-233,64795	-233,6172	-0,6315738
45107	0,35979405	91,208008	-234,42871	-234,41315	-0,63408762
45107	0,35979638	91,408203	-235,20947	-235,17554	-0,63645393
45107	0,3597987	91,608398	-235,99023	-235,99115	-0,63819587
45107	0,35980102	91,808594	-236,771	-236,7269	-0,64128488
45107	0,35980332	92,008789	-237,55176	-237,52881	-0,64423829
45107	0,35980564	92,208984	-238,33252	-238,31531	-0,64564496
45107	0,35980797	92,40918	-239,11328	-239,0961	-0,64776838
45107	0,35981029	92,609375	-239,89404	-239,82567	-0,65027028
45107	0,35981259	92,80957	-240,6748	-240,60895	-0,6526202
45107	0,35981491	93,009766	-241,45557	-241,41	-0,65448731
45107	0,35981724	93,209961	-242,23633	-242,17854	-0,65765083
45107	0,35981956	93,410156	-243,01709	-242,97887	-0,65977871
45107	0,35982186	93,610352	-243,79785	-243,7457	-0,66221207
45107	0,35982418	93,810547	-244,57861	-244,53133	-0,66526234
45107	0,35982651	94,010742	-245,35938	-245,32182	-0,66689104
45107	0,35982883	94,210938	-246,14014	-246,08916	-0,66925287
45107	0,35983112	94,411133	-246,9209	-246,86079	-0,67114383
45107	0,35983345	94,611328	-247,70166	-247,65024	-0,6740436
45107	0,35983577	94,811523	-248,48242	-248,46837	-0,67715496
45107	0,3598381	95,011719	-249,26318	-249,2141	-0,67892373
45107	0,35984039	95,211914	-250,04395	-249,99722	-0,68203509
45107	0,35984272	95,412109	-250,82471	-250,7618	-0,68411082
45107	0,35984504	95,612305	-251,60547	-251,57239	-0,68628341
45107	0,35984737	95,8125	-252,38623	-252,35397	-0,68888813
45107	0,35984966	96,012695	-253,16699	-253,13043	-0,69172233
45107	0,35985199	96,212891	-253,94775	-253,89407	-0,69377571
45107	0,35985431	96,413086	-254,72852	-254,66948	-0,69562346
45107	0,35985664	96,613281	-255,50928	-255,49916	-0,69875866
45107	0,35985893	96,813477	-256,29004	-256,2308	-0,7018134
45107	0,35986125	97,013672	-257,0708	-257,04147	-0,70413649
45107	0,35986358	97,213867	-257,85156	-257,78394	-0,70663989
45107	0,3598659	97,414063	-258,63232	-258,6156	-0,70895106
45107	0,3598682	97,614258	-259,41309	-259,37619	-0,71151257
45107	0,35987052	97,814453	-260,19385	-260,19226	-0,71387738
45107	0,35987285	98,014648	-260,97461	-260,93292	-0,71658343
45107	0,35987517	98,214844	-261,75537	-261,72382	-0,71970522
45107	0,35987747	98,415039	-262,53613	-262,52304	-0,72149485
45107	0,35987979	98,615234	-263,31689	-263,2851	-0,72439015
45107	0,35988212	98,81543	-264,09766	-264,08047	-0,72569549
45107	0,35988444	99,015625	-264,87842	-264,8436	-0,7303834
45107	0,35988674	99,21582	-265,65918	-265,64496	-0,73206723
45107	0,35988906	99,416016	-266,43994	-266,41708	-0,734815
45107	0,35989138	99,616211	-267,2207	-267,21252	-0,73631108
45107	0,35989371	99,816406	-268,00146	-267,96097	-0,73993504
45107	0,359896	100,0166	-268,78223	-268,73871	-0,74339062
45107	0,35989833	100,2168	-269,56299	-269,54712	-0,74527413
45107	0,35990065	100,41699	-270,34375	-270,30069	-0,74823648
45107	0,35990298	100,61719	-271,12451	-271,09692	-0,75020939
45107	0,35990527	100,81738	-271,90527	-271,83179	-0,75368732
45107	0,3599076	101,01758	-272,68604	-272,64761	-0,75584501
45107	0,35990992	101,21777	-273,4668	-273,45798	-0,75897127
45107	0,35991225	101,41797	-274,24756	-274,19751	-0,76153278
45107	0,35991454	101,61816	-275,02832	-274,99487	-0,76424479
45107	0,35991687	101,81836	-275,80908	-275,75577	-0,76701045
45107	0,35991919	102,01855	-276,58984	-276,54697	-0,77023506
45107	0,35992151	102,21875	-277,37061	-277,33514	-0,77260882
45107	0,35992381	102,41895	-278,15137	-278,11188	-0,7754907
45107	0,35992613	102,61914	-278,93213	-278,87961	-0,77873021
45107	0,35992846	102,81934	-279,71289	-279,67526	-0,78090578
45107	0,35993078	103,01953	-280,49365	-280,48807	-0,78399181
45107	0,35993308	103,21973	-281,27441	-281,22894	-0,7866472
45107	0,3599354	103,41992	-282,05518	-282,00375	-0,78999549
45107	0,35993773	103,62012	-282,83594	-282,77805	-0,79314262
45107	0,35994005	103,82031	-283,6167	-283,55127	-0,79626441
45107	0,35994235	104,02051	-284,39746	-284,37943	-0,79878271
45107	0,35994467	104,2207	-285,17822	-285,12982	-0,80203414
45107	0,359947	104,4209	-285,95898	-285,95178	-0,80486387
45107	0,35994932	104,62109	-286,73975	-286,69955	-0,80764741
45107	0,35995162	104,82129	-287,52051	-287,45895	-0,81031322
45107	0,35995394	105,02148	-288,30127	-288,26227	-0,81392229
45107	0,35995626	105,22168	-289,08203	-289,06503	-0,8170411
45107	0,35995859	105,42188	-289,86279	-289,81604	-0,81999749
45107	0,35996088	105,62207	-290,64355	-290,59839	-0,82227588
45107	0,35996321	105,82227	-291,42432	-291,35944	-0,82620531
45107	0,35996553	106,02246	-292,20508	-292,18283	-0,82951039
45107	0,35996786	106,22266	-292,98584	-292,96072	-0,83218813
45107	0,35997015	106,42285	-293,7666	-293,71988	-0,83524138
45107	0,35997248	106,62305	-294,54736	-294,51013	-0,8394748
45107	0,3599748	106,82324	-295,32813	-295,25854	-0,84233433
45107	0,35997713	107,02344	-296,10889	-296,04706	-0,84632486
45107	0,35997942	107,22363	-296,88965	-296,84674	-0,84979385
45107	0,35998175	107,42383	-297,67041	-297,60934	-0,85303634
45107	0,35998407	107,62402	-298,45117	-298,39328	-0,85587651
45107	0,35998639	107,82422	-299,23193	-299,18634	-0,85969567
45107	0,35998869	108,02441	-300,0127	-299,94992	-0,86359978
45107	0,35999101	108,22461	-300,79346	-300,73135	-0,86732954
45107	0,35999334	108,4248	-301,57422	-301,53699	-0,86996406
45107	0,35999566	108,625	-302,35498	-302,29175	-0,8745566
45107	0,35999796	108,8252	-303,13574	-303,09488	-0,8778289
45107	0,36000028	109,02539	-303,9165	-303,82779	-0,88209063
45107	0,36000261	109,22559	-304,69727	-304,66431	-0,88483691
45107	0,3600049	109,42578	-305,47803	-305,44547	-0,88933855
45107	0,36000723	109,62598	-306,25879	-306,19693	-0,89302212
45107	0,36000955	109,82617	-307,03955	-306,98087	-0,89706481
45107	0,36001188	110,02637	-307,82031	-307,74603	-0,90163201
45107	0,36001417	110,22656	-308,60107	-308,5441	-0,90490431
45107	0,36001649	110,42676	-309,38184	-309,30551	-0,90859234
45107	0,36001882	110,62695	-310,1626	-310,10114	-0,91251582
45107	0,36002114	110,82715	-310,94336	-310,84753	-0,91689974
45107	0,36002344	111,02734	-311,72412	-311,61121	-0,92157423
45107	0,36002576	111,22754	-312,50488	-312,44064	-0,92633814
45107	0,36002809	111,42773	-313,28564	-313,19736	-0,93138814
45107	0,36003041	111,62793	-314,06641	-313,98752	-0,93535185
45107	0,36003271	111,82813	-314,84717	-314,73355	-0,93989521
45107	0,36003503	112,02832	-315,62793	-315,52148	-0,94573349
45107	0,36003736	112,22852	-316,40869	-316,30826	-0,94916821
45107	0,36003968	112,42871	-317,18945	-317,07642	-0,95416605
45107	0,36004198	112,62891	-317,97021	-317,85181	-0,95985979
45107	0,3600443	112,8291	-318,75098	-318,60172	-0,96549541
45107	0,36004663	113,0293	-319,53174	-319,40491	-0,97055137
45107	0,36004895	113,22949	-320,3125	-320,12714	-0,97578168
45107	0,36005124	113,42969	-321,09326	-320,91223	-0,98181367
45107	0,36005357	113,62988	-321,87402	-321,6362	-0,98803639
45107	0,36005589	113,83008	-322,65479	-322,41418	-0,99432915
45107	0,36005822	114,03027	-323,43555	-323,19781	-1,0010988
45107	0,36006051	114,23047	-324,21631	-323,92072	-1,0089338
45107	0,36006284	114,43066	-324,99707	-324,65521	-1,0173545
45107	0,36006516	114,63086	-325,77783	-325,32916	-1,0256052
45107	0,36006749	114,83105	-326,55859	-325,99722	-1,0352597
45107	0,36006978	115,03125	-327,33936	-326,64978	-1,0474191
45107	0,36007211	115,23145	-328,12012	-327,14987	-1,060006
45107	0,36007443	115,43164	0	-311,64008	-1,0505557
45107	0,36007676	115,63184	0	-199,16977	-0,86726993
45107	0,36007905	115,83203	0	-93,798721	-0,65236539
45107	0,36008137	116,03223	0	-24,056376	-0,4373163
45107	0,3600837	116,23242	0	0,18775836	-0,21934062
45107	0,36008602	116,43262	0	0,1924336	-0,0075623393
45107	0,36008832	116,63281	0	0,17395243	0,19941777
45107	0,36009064	116,83301	0	0,14938042	0,4058972
45107	0,36009297	117,0332	0	0,16650744	0,62718391
45107	0,36009529	117,2334	0	0,15495345	0,84223449
