MTS793|MPT|DEU|1|2|,|.|:|49|1|1|A

Bediener Information			Würfeldruckfestigkeit (150mm)			Zeit:	39,543945	s	19.03.2024 08:56:25
Datum	19.03.2024
Prüfer: 	Azubi
Probe	20240220_7188_M02_W04
Protokoll Seite	-
Breite [mm]:	150
Höhe [mm]:	150
Länge Einfüllseite [mm]:	150,4
Masse [g]:	7892
Bediener Information Ende

Datenerfassung						Zeit:	196,54004	s	19.03.2024 08:59:02
Ch 1 Weg	Ch 1 Prüfkraft
mm	kN
4,9080329	2,9226034
-1,016697	-1486,0585

Datenerfassung						Zeit:	196,5459	s	19.03.2024 08:59:02
Datum	Tageszeit	Laufzeit	Ch 1 Weg	Ch 1 Prüfkraft
d	d	s	mm	kN
45370	0,35444286	62,863281	-0,0021408829	-15,471688
45370	0,35444519	63,063477	-0,0051798918	-17,501524
45370	0,35444748	63,263672	-0,0079249963	-19,381306
45370	0,35444981	63,463867	-0,01008229	-21,564028
45370	0,35445213	63,664063	-0,013252586	-23,669561
45370	0,35445446	63,864258	-0,016442278	-26,011131
45370	0,35445675	64,064453	-0,018547356	-27,870348
45370	0,35445908	64,264648	-0,02023619	-30,282398
45370	0,3544614	64,464844	-0,022532232	-32,63261
45370	0,35446373	64,665039	-0,025462331	-34,939011
45370	0,35446602	64,865234	-0,027331688	-37,2402
45370	0,35446835	65,06543	-0,029218948	-39,348862
45370	0,35447067	65,265625	-0,03149261	-41,929893
45370	0,35447299	65,46582	-0,034519684	-43,949299
45370	0,35447529	65,666016	-0,036690403	-46,089996
45370	0,35447761	65,866211	-0,038978986	-48,470757
45370	0,35447994	66,066406	-0,040211298	-50,731113
45370	0,35448226	66,266602	-0,04262371	-53,225567
45370	0,35448456	66,466797	-0,045152485	-55,346302
45370	0,35448688	66,666992	-0,047458969	-57,435444
45370	0,35448921	66,867188	-0,049320865	-59,894432
45370	0,35449153	67,067383	-0,050739668	-62,307529
45370	0,35449383	67,267578	-0,052946195	-64,294151
45370	0,35449615	67,467773	-0,054912526	-66,532005
45370	0,35449848	67,667969	-0,057751618	-68,713539
45370	0,3545008	67,868164	-0,05931066	-70,701057
45370	0,3545031	68,068359	-0,061700691	-73,130989
45370	0,35450542	68,268555	-0,063386545	-75,263786
45370	0,35450774	68,46875	-0,066570267	-77,379158
45370	0,35451007	68,668945	-0,066843286	-79,844856
45370	0,35451236	68,869141	-0,069743544	-82,098801
45370	0,35451469	69,069336	-0,072840743	-84,198822
45370	0,35451701	69,269531	-0,074454978	-86,581367
45370	0,35451934	69,469727	-0,075326249	-88,765282
45370	0,35452163	69,669922	-0,077795357	-90,904793
45370	0,35452396	69,870117	-0,079836279	-93,330406
45370	0,35452628	70,070313	-0,081814542	-95,558578
45370	0,35452861	70,270508	-0,084225461	-98,058838
45370	0,3545309	70,470703	-0,085025124	-100,21027
45370	0,35453323	70,670898	-0,087437533	-102,56316
45370	0,35453555	70,871094	-0,088768311	-105,18741
45370	0,35453787	71,071289	-0,091137454	-107,43972
45370	0,35454017	71,271484	-0,093006812	-109,97887
45370	0,35454249	71,47168	-0,095047735	-111,87624
45370	0,35454482	71,671875	-0,095883206	-114,34596
45370	0,35454714	71,87207	-0,098752134	-116,73045
45370	0,35454944	72,072266	-0,10002771	-119,19599
45370	0,35455176	72,272461	-0,10205372	-121,81397
45370	0,35455409	72,472656	-0,10335764	-124,17924
45370	0,35455641	72,672852	-0,10480031	-126,42141
45370	0,35455871	72,873047	-0,10783485	-128,65643
45370	0,35456103	73,073242	-0,10885233	-130,96791
45370	0,35456336	73,273438	-0,10994738	-133,10995
45370	0,35456568	73,473633	-0,11205395	-135,5591
45370	0,35456797	73,673828	-0,11333849	-137,7825
45370	0,3545703	73,874023	-0,11458721	-140,08235
45370	0,35457262	74,074219	-0,11603734	-142,31038
45370	0,35457495	74,274414	-0,11853777	-144,77725
45370	0,35457724	74,474609	-0,11899131	-147,26649
45370	0,35457957	74,674805	-0,1211307	-149,2506
45370	0,35458189	74,875	-0,1227703	-151,66174
45370	0,35458422	75,075195	-0,12311941	-153,95488
45370	0,35458651	75,275391	-0,12516779	-155,99396
45370	0,35458884	75,475586	-0,12729973	-158,54251
45370	0,35459116	75,675781	-0,12859023	-160,66502
45370	0,35459349	75,875977	-0,13011047	-163,08095
45370	0,35459578	76,076172	-0,13171725	-165,13388
45370	0,3545981	76,276367	-0,13252586	-167,26505
45370	0,35460043	76,476563	-0,13461901	-169,70392
45370	0,35460275	76,676758	-0,13641377	-171,86801
45370	0,35460505	76,876953	-0,13732383	-174,19275
45370	0,35460737	77,077148	-0,13801309	-176,48946
45370	0,3546097	77,277344	-0,13994063	-178,84071
45370	0,35461202	77,477539	-0,14077908	-181,12178
45370	0,35461432	77,677734	-0,14247687	-183,24878
45370	0,35461664	77,87793	-0,14348391	-185,34746
45370	0,35461897	78,078125	-0,14489226	-187,88617
45370	0,35462129	78,27832	-0,14691827	-190,08171
45370	0,35462359	78,478516	-0,14826247	-192,46544
45370	0,35462591	78,678711	-0,14815655	-194,5896
45370	0,35462824	78,878906	-0,15005574	-196,81346
45370	0,35463056	79,079102	-0,1507286	-199,26976
45370	0,35463285	79,279297	-0,15295452	-201,40436
45370	0,35463518	79,479492	-0,15266359	-203,4628
45370	0,3546375	79,679688	-0,15550865	-205,7704
45370	0,35463983	79,879883	-0,15669471	-208,0309
45370	0,35464212	80,080078	-0,15762417	-210,08652
45370	0,35464445	80,280273	-0,15911309	-212,41557
45370	0,35464677	80,480469	-0,16007836	-214,76891
45370	0,35464907	80,680664	-0,16130918	-217,16382
45370	0,35465139	80,880859	-0,16243705	-219,25668
45370	0,35465372	81,081055	-0,16373651	-221,45313
45370	0,35465604	81,28125	-0,16484052	-223,53571
45370	0,35465834	81,481445	-0,16710225	-226,10437
45370	0,35466066	81,681641	-0,16726038	-228,29797
45370	0,35466298	81,881836	-0,16930281	-230,4196
45370	0,35466531	82,082031	-0,16996968	-232,79648
45370	0,3546676	82,282227	-0,17039338	-235,35605
45370	0,35466993	82,482422	-0,17188081	-237,50987
45370	0,35467225	82,682617	-0,17335182	-239,66219
45370	0,35467458	82,882813	-0,17407541	-242,18988
45370	0,35467687	83,083008	-0,17500336	-244,09811
45370	0,3546792	83,283203	-0,17735909	-246,45534
45370	0,35468152	83,483398	-0,17729343	-248,57651
45370	0,35468385	83,683594	-0,17921501	-251,01375
45370	0,35468614	83,883789	-0,17885993	-253,20988
45370	0,35468847	84,083984	-0,18083373	-255,29828
45370	0,35469079	84,28418	-0,18224359	-257,50259
45370	0,35469311	84,484375	-0,18264042	-259,99051
45370	0,35469541	84,68457	-0,1834729	-262,03076
45370	0,35469773	84,884766	-0,18471417	-264,12482
45370	0,35470006	85,084961	-0,18570331	-266,24988
45370	0,35470238	85,285156	-0,18759504	-268,42813
45370	0,35470468	85,485352	-0,18843499	-270,85614
45370	0,354707	85,685547	-0,18884078	-272,93634
45370	0,35470933	85,885742	-0,19036402	-275,11832
45370	0,35471165	86,085938	-0,19174105	-277,25232
45370	0,35471395	86,286133	-0,1920618	-279,63144
45370	0,35471627	86,486328	-0,19321802	-281,64337
45370	0,3547186	86,686523	-0,19533803	-283,81686
45370	0,35472092	86,886719	-0,1966151	-286,29837
45370	0,35472322	87,086914	-0,19580349	-288,53024
45370	0,35472554	87,287109	-0,19919311	-290,78287
45370	0,35472786	87,487305	-0,19926323	-293,20175
45370	0,35473019	87,6875	-0,19983312	-295,68475
45370	0,35473248	87,887695	-0,20100577	-297,79892
45370	0,35473481	88,087891	-0,20136084	-300,28308
45370	0,35473713	88,288086	-0,20296912	-302,26569
45370	0,35473946	88,488281	-0,20459081	-304,58997
45370	0,35474175	88,688477	-0,20534274	-306,71338
45370	0,35474408	88,888672	-0,20702858	-308,78912
45370	0,3547464	89,088867	-0,20838174	-311,32037
45370	0,35474873	89,289063	-0,2084071	-313,27155
45370	0,35475102	89,489258	-0,21077774	-315,56006
45370	0,35475335	89,689453	-0,21074194	-317,65918
45370	0,35475567	89,889648	-0,21206078	-319,8689
45370	0,35475799	90,089844	-0,21264113	-322,11032
45370	0,35476029	90,290039	-0,21332443	-324,18561
45370	0,35476261	90,490234	-0,21534744	-326,24554
45370	0,35476494	90,69043	-0,21632613	-328,36865
45370	0,35476726	90,890625	-0,2181955	-330,84122
45370	0,35476956	91,09082	-0,21767183	-332,98264
45370	0,35477188	91,291016	-0,22024387	-334,74783
45370	0,35477421	91,491211	-0,22002009	-336,87677
45370	0,35477653	91,691406	-0,22034234	-339,47061
45370	0,35477883	91,891602	-0,2232247	-341,73871
45370	0,35478115	92,091797	-0,2241288	-343,76797
45370	0,35478348	92,291992	-0,22462411	-345,75204
45370	0,3547858	92,492188	-0,22616374	-348,09079
45370	0,35478809	92,692383	-0,22632787	-349,8974
45370	0,35479042	92,892578	-0,22769594	-352,30588
45370	0,35479274	93,092773	-0,22821513	-354,45001
45370	0,35479507	93,292969	-0,22927138	-356,76074
45370	0,35479736	93,493164	-0,23115268	-358,66614
45370	0,35479969	93,693359	-0,23128696	-361,22766
45370	0,35480201	93,893555	-0,23195532	-363,42035
45370	0,35480434	94,09375	-0,23376054	-365,68756
45370	0,35480663	94,293945	-0,23508236	-367,68878
45370	0,35480896	94,494141	-0,23548816	-369,95154
45370	0,35481128	94,694336	-0,23647282	-371,74847
45370	0,35481361	94,894531	-0,23774689	-374,37405
45370	0,3548159	95,094727	-0,23917018	-376,46588
45370	0,35481822	95,294922	-0,24017721	-378,66513
45370	0,35482055	95,495117	-0,24156767	-380,94278
45370	0,35482287	95,695313	-0,24159452	-383,06577
45370	0,35482517	95,895508	-0,24252994	-385,55887
45370	0,35482749	96,095703	-0,24364589	-387,81772
45370	0,35482982	96,295898	-0,24455893	-389,98987
45370	0,35483214	96,496094	-0,24502142	-392,2778
45370	0,35483444	96,696289	-0,2460956	-394,55142
45370	0,35483676	96,896484	-0,24786797	-396,46265
45370	0,35483909	97,09668	-0,24919279	-398,85712
45370	0,35484141	97,296875	-0,24982087	-401,15903
45370	0,35484371	97,49707	-0,25179914	-403,39093
45370	0,35484603	97,697266	-0,25216764	-405,54996
45370	0,35484836	97,897461	-0,25277185	-407,90033
45370	0,35485068	98,097656	-0,25458902	-410,36542
45370	0,35485297	98,297852	-0,25456214	-412,133
45370	0,3548553	98,498047	-0,25576165	-414,66769
45370	0,35485762	98,698242	-0,25702378	-416,80258
45370	0,35485995	98,898438	-0,25810394	-419,04089
45370	0,35486224	99,098633	-0,25969729	-421,3808
45370	0,35486457	99,298828	-0,25958389	-423,74249
45370	0,35486689	99,499023	-0,26139209	-425,79691
45370	0,35486922	99,699219	-0,26154575	-428,3699
45370	0,35487151	99,899414	-0,26226038	-430,52191
45370	0,35487384	100,09961	-0,26294667	-432,61017
45370	0,35487616	100,2998	-0,26460862	-434,89185
45370	0,35487849	100,5	-0,26572457	-437,41669
45370	0,35488078	100,7002	-0,26738954	-439,52966
45370	0,3548831	100,90039	-0,26719561	-441,42139
45370	0,35488543	101,10059	-0,26780131	-443,79767
45370	0,35488775	101,30078	-0,26943496	-445,79858
45370	0,35489005	101,50098	-0,27081496	-448,19025
45370	0,35489237	101,70117	-0,27144602	-450,5412
45370	0,3548947	101,90137	-0,27258286	-452,76996
45370	0,35489702	102,10156	-0,27336314	-455,10928
45370	0,35489932	102,30176	-0,2745865	-457,04868
45370	0,35490164	102,50195	-0,27489829	-459,14706
45370	0,35490397	102,70215	-0,27581134	-461,61917
45370	0,35490629	102,90234	-0,27784184	-463,87326
45370	0,35490859	103,10254	-0,27884886	-466,20126
45370	0,35491091	103,30273	-0,27984843	-468,30173
45370	0,35491323	103,50293	-0,28075403	-470,63287
45370	0,35491556	103,70313	-0,28117326	-472,64661
45370	0,35491785	103,90332	-0,28272781	-474,86481
45370	0,35492018	104,10352	-0,28378856	-477,14825
45370	0,3549225	104,30371	-0,2836155	-479,57864
45370	0,35492483	104,50391	-0,28565195	-482,06863
45370	0,35492712	104,7041	-0,28590557	-484,32764
45370	0,35492945	104,9043	-0,28772867	-486,70987
45370	0,35493177	105,10449	-0,28861487	-488,96606
45370	0,3549341	105,30469	-0,28994265	-491,28156
45370	0,35493639	105,50488	-0,2908408	-493,67557
45370	0,35493872	105,70508	-0,29086617	-495,616
45370	0,35494104	105,90527	-0,29221037	-497,98901
45370	0,35494336	106,10547	-0,29322335	-500,14255
45370	0,35494566	106,30566	-0,29407674	-502,1387
45370	0,35494798	106,50586	-0,29520312	-504,78873
45370	0,35495031	106,70605	-0,29615346	-506,87012
45370	0,35495263	106,90625	-0,29739919	-509,08115
45370	0,35495493	107,10645	-0,29780203	-511,37622
45370	0,35495725	107,30664	-0,2983928	-513,44806
45370	0,35495958	107,50684	-0,29960126	-515,71155
45370	0,35496187	107,70703	-0,30083805	-517,79803
45370	0,3549642	107,90723	-0,3020823	-520,26715
45370	0,35496652	108,10742	-0,30262536	-522,25677
45370	0,35496885	108,30762	-0,30419484	-524,57208
45370	0,35497114	108,50781	-0,30423659	-526,8797
45370	0,35497347	108,70801	-0,30569121	-529,28918
45370	0,35497579	108,9082	-0,30605075	-531,91541
45370	0,35497811	109,1084	-0,30651325	-533,88861
45370	0,35498041	109,30859	-0,30971637	-536,34637
45370	0,35498273	109,50879	-0,31021914	-538,64417
45370	0,35498506	109,70898	-0,31052944	-540,72467
45370	0,35498738	109,90918	-0,31162152	-543,31476
45370	0,35498968	110,10938	-0,3122004	-545,47455
45370	0,354992	110,30957	-0,31388623	-548,03131
45370	0,35499433	110,50977	-0,31451583	-550,349
45370	0,35499665	110,70996	-0,31538561	-552,4942
45370	0,35499895	110,91016	-0,31720275	-555,1037
45370	0,35500127	111,11035	-0,31700581	-557,43573
45370	0,3550036	111,31055	-0,3187021	-559,45331
45370	0,35500592	111,51074	-0,31911835	-561,75195
45370	0,35500821	111,71094	-0,32068187	-564,19757
45370	0,35501054	111,91113	-0,32193953	-566,6178
45370	0,35501286	112,11133	-0,32230207	-568,92389
45370	0,35501519	112,31152	-0,32248408	-571,40259
45370	0,35501748	112,51172	-0,32320169	-573,33344
45370	0,35501981	112,71191	-0,32496661	-575,22711
45370	0,35502213	112,91211	-0,32587069	-577,94415
45370	0,35502446	113,1123	-0,32759386	-580,91339
45370	0,35502675	113,3125	-0,32726264	-582,46967
45370	0,35502908	113,5127	-0,32884407	-584,03906
45370	0,3550314	113,71289	-0,33034793	-587,01538
45370	0,35503373	113,91309	-0,33233961	-589,84869
45370	0,35503602	114,11328	-0,33148772	-591,0694
45370	0,35503834	114,31348	-0,33301842	-593,45001
45370	0,35504067	114,51367	-0,33438352	-596,83557
45370	0,35504299	114,71387	-0,3344954	-598,50092
45370	0,35504529	114,91406	-0,33552036	-599,9574
45370	0,35504761	115,11426	-0,33732703	-603,12476
45370	0,35504994	115,31445	-0,33776715	-605,9989
45370	0,35505226	115,51465	-0,33864141	-606,78302
45370	0,35505456	115,71484	-0,33966187	-609,54535
45370	0,35505688	115,91504	-0,34088671	-612,64301
45370	0,35505921	116,11523	-0,34147304	-613,68372
45370	0,35506153	116,31543	-0,34298435	-616,24194
45370	0,35506383	116,51563	-0,34464484	-619,28119
45370	0,35506615	116,71582	-0,34430617	-620,51947
45370	0,35506848	116,91602	-0,34495515	-622,85181
45370	0,3550708	117,11621	-0,34753466	-626,15448
45370	0,35507309	117,31641	-0,34940848	-631,58301
45370	0,35507542	117,5166	-0,3475287	-629,28137
45370	0,35507774	117,7168	-0,35284433	-633,50702
45370	0,35508007	117,91699	-0,34986949	-634,216
45370	0,35508236	118,11719	-0,34996346	-635,65039
45370	0,35508469	118,31738	-0,35172838	-638,64612
45370	0,35508701	118,51758	-0,35274735	-641,01392
45370	0,35508934	118,71777	-0,35371262	-642,67932
45370	0,35509163	118,91797	-0,35602209	-645,53259
45370	0,35509396	119,11816	-0,35579234	-647,84821
45370	0,35509628	119,31836	-0,35554022	-648,93988
45370	0,35509861	119,51855	-0,35828382	-652,12396
45370	0,3551009	119,71875	-0,36174503	-658,81787
45370	0,35510322	119,91895	-0,35891789	-656,47211
45370	0,35510555	120,11914	-0,36083201	-658,8399
45370	0,35510787	120,31934	-0,36454833	-662,27789
45370	0,35511017	120,51953	-0,36450058	-665,97278
45370	0,35511249	120,71973	-0,36316234	-664,90082
45370	0,35511482	120,91992	-0,36776787	-669,8465
45370	0,35511714	121,12012	-0,36655048	-670,20978
45370	0,35511944	121,32031	-0,365803	-670,82996
45370	0,35512176	121,52051	-0,36945221	-674,96564
45370	0,35512409	121,7207	-0,37179002	-679,04498
45370	0,35512641	121,9209	-0,36877638	-677,5188
45370	0,35512871	122,12109	-0,37015939	-681,00537
45370	0,35513103	122,32129	-0,37356988	-686,57721
45370	0,35513335	122,52148	-0,37162146	-684,12299
45370	0,35513568	122,72168	-0,3755556	-687,82263
45370	0,35513797	122,92188	-0,37649399	-692,72095
45370	0,3551403	123,12207	-0,37380409	-690,31799
45370	0,35514262	123,32227	-0,37859461	-694,59973
45370	0,35514495	123,52246	-0,38017005	-699,10223
45370	0,35514724	123,72266	-0,37772483	-697,13409
45370	0,35514957	123,92285	-0,38171268	-702,71191
45370	0,35515189	124,12305	-0,38358504	-706,07001
45370	0,35515422	124,32324	-0,37983885	-703,98682
45370	0,35515651	124,52344	-0,38519779	-709,67908
45370	0,35515884	124,72363	-0,38584974	-712,6593
45370	0,35516116	124,92383	-0,38188872	-710,49329
45370	0,35516348	125,12402	-0,38796079	-717,55463
45370	0,35516578	125,32422	-0,38665238	-718,85583
45370	0,3551681	125,52441	-0,38528132	-716,71899
45370	0,35517043	125,72461	-0,39067307	-726,54932
45370	0,35517275	125,9248	-0,38909015	-723,33362
45370	0,35517505	126,125	-0,38792348	-723,24689
45370	0,35517737	126,3252	-0,39227089	-734,62634
45370	0,3551797	126,52539	-0,39086553	-728,53412
45370	0,35518202	126,72559	-0,3950876	-732,82147
45370	0,35518432	126,92578	-0,39488769	-740,97687
45370	0,35518664	127,12598	-0,3929885	-734,18225
45370	0,35518897	127,32617	-0,39704499	-744,54242
45370	0,35519129	127,52637	-0,39930373	-742,51855
45370	0,35519359	127,72656	-0,39642882	-740,6759
45370	0,35519591	127,92676	-0,40016904	-751,90033
45370	0,35519823	128,12695	-0,39876217	-745,92108
45370	0,35520056	128,32715	-0,40121934	-747,74829
45370	0,35520285	128,52734	-0,40259337	-758,74353
45370	0,35520518	128,72754	-0,40036747	-752,15991
45370	0,3552075	128,92773	-0,40462983	-761,34381
45370	0,35520983	129,12793	-0,40738836	-761,89185
45370	0,35521212	129,32813	-0,40333784	-758,0542
45370	0,35521445	129,52832	-0,40745699	-769,37848
45370	0,35521677	129,72852	-0,40688559	-763,50867
45370	0,3552191	129,92871	-0,41048855	-769,76263
45370	0,35522139	130,12891	-0,41067353	-775,51929
45370	0,35522372	130,3291	-0,40841627	-768,62213
45370	0,35522604	130,5293	-0,41163433	-779,49847
45370	0,35522836	130,72949	-0,41327989	-776,12305
45370	0,35523066	130,92969	-0,41419145	-780,92365
45370	0,35523298	131,12988	-0,4152492	-785,81567
45370	0,35523531	131,33008	-0,41285917	-778,65387
45370	0,35523763	131,53027	-0,41657251	-789,16248
45370	0,35523993	131,73047	-0,41871041	-791,7207
45370	0,35524225	131,93066	-0,41838816	-786,26837
45370	0,35524458	132,13086	-0,42158979	-796,51056
45370	0,3552469	132,33105	-0,42047086	-792,03485
45370	0,3552492	132,53125	-0,42301157	-798,72424
45370	0,35525152	132,73145	-0,42340991	-802,37952
45370	0,35525385	132,93164	-0,42201796	-795,92969
45370	0,35525617	133,13184	-0,42525542	-806,45081
45370	0,35525846	133,33203	-0,42585367	-808,07294
45370	0,35526079	133,53223	-0,42798558	-807,08173
45370	0,35526311	133,73242	-0,42905828	-813,33215
45370	0,35526544	133,93262	-0,42937455	-809,23914
45370	0,35526773	134,13281	-0,4301936	-816,36127
45370	0,35527006	134,33301	-0,43068147	-819,52032
45370	0,35527238	134,5332	-0,42924774	-812,9325
45370	0,35527468	134,7334	-0,4338249	-823,6402
45370	0,355277	134,93359	-0,43476927	-824,96313
45370	0,35527933	135,13379	-0,43336242	-827,08118
45370	0,35528165	135,33398	-0,43484834	-829,96722
45370	0,35528395	135,53418	-0,43631938	-831,10211
45370	0,35528627	135,73438	-0,4372384	-834,07574
45370	0,35528859	135,93457	-0,43847814	-835,71906
45370	0,35529092	136,13477	-0,43930319	-837,38232
45370	0,35529321	136,33496	-0,44089505	-839,95605
45370	0,35529554	136,53516	-0,44091892	-841,59668
45370	0,35529786	136,73535	-0,44300759	-844,37012
45370	0,35530019	136,93555	-0,44368938	-846,16272
45370	0,35530248	137,13574	-0,44486648	-848,62585
45370	0,35530481	137,33594	-0,44590634	-850,64496
45370	0,35530713	137,53613	-0,44634348	-852,84558
45370	0,35530946	137,73633	-0,44789356	-854,98834
45370	0,35531175	137,93652	-0,44783241	-857,32397
45370	0,35531408	138,13672	-0,44939891	-859,13562
45370	0,3553164	138,33691	-0,45090124	-861,80951
45370	0,35531873	138,53711	-0,45164272	-863,4704
45370	0,35532102	138,7373	-0,45163974	-865,61884
45370	0,35532334	138,9375	-0,453803	-867,98364
45370	0,35532567	139,1377	-0,45455939	-869,93066
45370	0,35532799	139,33789	-0,455553	-872,13721
45370	0,35533029	139,53809	-0,45589167	-874,31995
45370	0,35533261	139,73828	-0,4580206	-876,88654
45370	0,35533494	139,93848	-0,45776102	-878,69281
45370	0,35533726	140,13867	-0,45885906	-881,23645
45370	0,35533956	140,33887	-0,46023461	-883,63702
45370	0,35534188	140,53906	-0,46136099	-886,06531
45370	0,35534421	140,73926	-0,46136248	-888,16339
45370	0,35534653	140,93945	-0,46313635	-890,62238
45370	0,35534883	141,13965	-0,4651579	-892,89752
45370	0,35535115	141,33984	-0,46523097	-895,18573
45370	0,35535347	141,54004	-0,46680644	-897,25043
45370	0,3553558	141,74023	-0,46754792	-899,56042
45370	0,35535809	141,94043	-0,46859971	-901,63495
45370	0,35536042	142,14063	-0,47017515	-903,95032
45370	0,35536274	142,34082	-0,4709062	-906,25012
45370	0,35536507	142,54102	-0,47140598	-907,84546
45370	0,35536736	142,74121	-0,47286806	-910,38702
45370	0,35536969	142,94141	-0,4732649	-912,62842
45370	0,35537201	143,1416	-0,47409886	-914,96014
45370	0,35537434	143,3418	-0,47562358	-917,39441
45370	0,35537663	143,54199	-0,47768092	-919,50952
45370	0,35537896	143,74219	-0,47756007	-921,8266
45370	0,35538128	143,94238	-0,4793638	-924,25671
45370	0,3553836	144,14258	-0,48011124	-926,58936
45370	0,3553859	144,34277	-0,48101681	-929,12701
45370	0,35538822	144,54297	-0,48139876	-931,30615
45370	0,35539055	144,74316	-0,4824371	-933,935
45370	0,35539287	144,94336	-0,4836202	-936,09119
45370	0,35539517	145,14355	-0,48555818	-938,53259
45370	0,35539749	145,34375	-0,48639515	-940,9472
45370	0,35539982	145,54395	-0,48771846	-943,08435
45370	0,35540214	145,74414	-0,48767817	-945,46942
45370	0,35540444	145,94434	-0,48987874	-947,84973
45370	0,35540676	146,14453	-0,49072614	-950,12451
45370	0,35540909	146,34473	-0,49138856	-952,46283
45370	0,35541141	146,54492	-0,49306694	-954,93878
45370	0,35541371	146,74512	-0,49314153	-957,13013
45370	0,35541603	146,94531	-0,4950079	-959,60376
45370	0,35541835	147,14551	-0,49593735	-961,86841
45370	0,35542068	147,3457	-0,49696529	-963,98468
45370	0,35542297	147,5459	-0,49865711	-966,27795
45370	0,3554253	147,74609	-0,49868992	-968,42523
45370	0,35542762	147,94629	-0,49903455	-970,703
45370	0,35542995	148,14648	-0,50076514	-972,85504
45370	0,35543224	148,34668	-0,50126493	-975,18323
45370	0,35543457	148,54688	-0,50327903	-977,63507
45370	0,35543689	148,74707	-0,50474703	-979,82104
45370	0,35543922	148,94727	-0,50570786	-982,28363
45370	0,35544151	149,14746	-0,50671041	-984,13287
45370	0,35544384	149,34766	-0,5063926	-986,5683
45370	0,35544616	149,54785	-0,50866479	-988,73938
45370	0,35544848	149,74805	-0,50862598	-990,8634
45370	0,35545078	149,94824	-0,51114434	-993,51727
45370	0,3554531	150,14844	-0,51237667	-995,51703
45370	0,35545543	150,34863	-0,51295251	-997,86487
45370	0,35545775	150,54883	-0,51334339	-999,84998
45370	0,35546005	150,74902	-0,51489949	-1002,5608
45370	0,35546237	150,94922	-0,51655549	-1004,3081
45370	0,3554647	151,14941	-0,51735216	-1006,6443
45370	0,35546702	151,34961	-0,51689267	-1008,8246
45370	0,35546932	151,5498	-0,51900816	-1011,05
45370	0,35547164	151,75	-0,52088648	-1013,3832
45370	0,35547397	151,9502	-0,52185619	-1015,5654
45370	0,35547629	152,15039	-0,52256638	-1017,8279
45370	0,35547858	152,35059	-0,52375543	-1020,1415
45370	0,35548091	152,55078	-0,52421343	-1022,4404
45370	0,35548323	152,75098	-0,52713013	-1024,8783
45370	0,35548556	152,95117	-0,52744639	-1026,9465
45370	0,35548785	153,15137	-0,52874285	-1029,2449
45370	0,35549018	153,35156	-0,52848625	-1031,6964
45370	0,3554925	153,55176	-0,53019297	-1033,74
45370	0,35549483	153,75195	-0,53164905	-1036,0371
45370	0,35549712	153,95215	-0,53217721	-1038,1191
45370	0,35549945	154,15234	-0,53434944	-1040,7957
45370	0,35550177	154,35254	-0,53498495	-1042,9349
45370	0,3555041	154,55273	-0,53728551	-1045,2571
45370	0,35550639	154,75293	-0,53702289	-1047,8008
45370	0,35550871	154,95313	-0,5378778	-1049,9873
45370	0,35551104	155,15332	-0,53894597	-1051,8663
45370	0,35551336	155,35352	-0,54047817	-1054,0046
45370	0,35551566	155,55371	-0,54248923	-1056,6228
45370	0,35551798	155,75391	-0,54187757	-1058,4733
45370	0,35552031	155,9541	-0,54325759	-1060,8107
45370	0,35552263	156,1543	-0,5443989	-1063,0602
45370	0,35552493	156,35449	-0,54677099	-1065,298
45370	0,35552725	156,55469	-0,54628915	-1067,3478
45370	0,35552958	156,75488	-0,54843748	-1069,6277
45370	0,3555319	156,95508	-0,55030239	-1071,6169
45370	0,3555342	157,15527	-0,55177486	-1073,755
45370	0,35553652	157,35547	-0,55197626	-1076,2131
45370	0,35553885	157,55566	-0,5526312	-1078,6172
45370	0,35554117	157,75586	-0,55415297	-1080,4141
45370	0,35554346	157,95605	-0,55567473	-1082,9738
45370	0,35554579	158,15625	-0,5561133	-1085,141
45370	0,35554811	158,35645	-0,55802149	-1087,4644
45370	0,35555044	158,55664	-0,5591374	-1089,6506
45370	0,35555273	158,75684	-0,56010419	-1092,0348
45370	0,35555506	158,95703	-0,56137973	-1094,22
45370	0,35555738	159,15723	-0,5615707	-1096,3649
45370	0,35555971	159,35742	-0,5633834	-1098,5869
45370	0,355562	159,55762	-0,5646351	-1101,1981
45370	0,35556433	159,75781	-0,56525868	-1103,3412
45370	0,35556665	159,95801	-0,56784564	-1105,5117
45370	0,35556898	160,1582	-0,56842899	-1107,7428
45370	0,35557127	160,3584	-0,56980604	-1109,9469
45370	0,35557359	160,55859	-0,57035506	-1111,972
45370	0,35557592	160,75879	-0,57173657	-1114,3401
45370	0,35557824	160,95898	-0,57254815	-1116,0254
45370	0,35558054	161,15918	-0,57395649	-1118,4465
45370	0,35558286	161,35938	-0,57538426	-1120,6051
45370	0,35558519	161,55957	-0,57664788	-1122,7742
45370	0,35558748	161,75977	-0,57848442	-1124,7706
45370	0,35558981	161,95996	-0,57886338	-1127,2623
45370	0,35559213	162,16016	-0,58104604	-1128,9733
45370	0,35559446	162,36035	-0,58074766	-1131,4171
45370	0,35559675	162,56055	-0,58280498	-1133,1909
45370	0,35559908	162,76074	-0,58374041	-1135,5143
45370	0,3556014	162,96094	-0,58565301	-1137,5308
45370	0,35560372	163,16113	-0,58634526	-1139,8541
45370	0,35560602	163,36133	-0,58922166	-1141,9248
45370	0,35560834	163,56152	-0,58948874	-1144,2881
45370	0,35561067	163,76172	-0,59052855	-1146,183
45370	0,35561299	163,96191	-0,59104031	-1148,6086
45370	0,35561529	164,16211	-0,59272319	-1150,7937
45370	0,35561761	164,3623	-0,59370929	-1152,9132
45370	0,35561994	164,5625	-0,5958308	-1155,1133
45370	0,35562226	164,7627	-0,59617096	-1157,5067
45370	0,35562456	164,96289	-0,59750324	-1159,2369
45370	0,35562688	165,16309	-0,59984553	-1162,0027
45370	0,35562921	165,36328	-0,60071975	-1163,8766
45370	0,35563153	165,56348	-0,60216993	-1166,3242
45370	0,35563383	165,76367	-0,60424215	-1168,5276
45370	0,35563615	165,96387	-0,60433614	-1170,4885
45370	0,35563847	166,16406	-0,60524917	-1172,8278
45370	0,3556408	166,36426	-0,60667098	-1174,9071
45370	0,35564309	166,56445	-0,60856569	-1177,2075
45370	0,35564542	166,76465	-0,60967118	-1179,4707
45370	0,35564774	166,96484	-0,61058724	-1181,828
45370	0,35565007	167,16504	-0,61239839	-1183,9034
45370	0,35565236	167,36523	-0,61385304	-1186,1104
45370	0,35565469	167,56543	-0,61578798	-1188,5247
45370	0,35565701	167,76563	-0,6168353	-1190,6886
45370	0,35565934	167,96582	-0,61709046	-1193,0907
45370	0,35566163	168,16602	-0,62005931	-1195,3202
45370	0,35566396	168,36621	-0,62059343	-1197,774
45370	0,35566628	168,56641	-0,6221987	-1199,7354
45370	0,3556686	168,7666	-0,62321919	-1202,3616
45370	0,3556709	168,9668	-0,62469471	-1204,0397
45370	0,35567322	169,16699	-0,62591803	-1206,6251
45370	0,35567555	169,36719	-0,62786198	-1209,042
45370	0,35567787	169,56738	-0,62847966	-1210,913
45370	0,35568017	169,76758	-0,62918383	-1213,125
45370	0,35568249	169,96777	-0,63028336	-1215,4395
45370	0,35568482	170,16797	-0,6328882	-1217,6001
45370	0,35568714	170,36816	-0,63425183	-1219,761
45370	0,35568944	170,56836	-0,63587946	-1221,9456
45370	0,35569176	170,76855	-0,63769513	-1224,1312
45370	0,35569409	170,96875	-0,63801289	-1226,2821
45370	0,35569641	171,16895	-0,64042532	-1228,7306
45370	0,3556987	171,36914	-0,64130259	-1230,9325
45370	0,35570103	171,56934	-0,6432122	-1233,0654
45370	0,35570335	171,76953	-0,64463848	-1235,3429
45370	0,35570568	171,96973	-0,64571261	-1237,8624
45370	0,35570797	172,16992	-0,64731193	-1240,235
45370	0,3557103	172,37012	-0,64851141	-1242,5085
45370	0,35571262	172,57031	-0,65090299	-1244,7518
45370	0,35571495	172,77051	-0,65252018	-1247,1732
45370	0,35571724	172,9707	-0,6528275	-1249,2087
45370	0,35571957	173,1709	-0,65474015	-1251,59
45370	0,35572189	173,37109	-0,65613508	-1253,6597
45370	0,35572422	173,57129	-0,65771204	-1255,8656
45370	0,35572651	173,77148	-0,65891302	-1258,0942
45370	0,35572883	173,97168	-0,66122395	-1260,3497
45370	0,35573116	174,17188	-0,6623981	-1262,3032
45370	0,35573348	174,37207	-0,66415554	-1264,632
45370	0,35573578	174,57227	-0,66583097	-1267,2307
45370	0,3557381	174,77246	-0,66714531	-1269,2332
45370	0,35574043	174,97266	-0,66879386	-1271,4818
45370	0,35574275	175,17285	-0,67035741	-1273,9164
45370	0,35574505	175,37305	-0,67176425	-1276,4486
45370	0,35574737	175,57324	-0,6733979	-1278,7426
45370	0,3557497	175,77344	-0,67488533	-1281,017
45370	0,35575202	175,97363	-0,6767472	-1283,3539
45370	0,35575432	176,17383	-0,67876279	-1285,9312
45370	0,35575664	176,37402	-0,68011296	-1288,3475
45370	0,35575897	176,57422	-0,68124533	-1290,5806
45370	0,35576129	176,77441	-0,68350852	-1292,985
45370	0,35576358	176,97461	-0,68473935	-1295,1379
45370	0,35576591	177,1748	-0,68611044	-1297,5457
45370	0,35576823	177,375	-0,68784851	-1299,9651
45370	0,35577056	177,5752	-0,6897999	-1302,1675
45370	0,35577285	177,77539	-0,69182593	-1304,6718
45370	0,35577518	177,97559	-0,69260913	-1307,1409
45370	0,3557775	178,17578	-0,69478881	-1309,0234
45370	0,35577983	178,37598	-0,69594353	-1311,5579
45370	0,35578212	178,57617	-0,69663876	-1313,7802
45370	0,35578445	178,77637	-0,69887662	-1316,2124
45370	0,35578677	178,97656	-0,70061469	-1318,2974
45370	0,3557891	179,17676	-0,70386857	-1320,6982
45370	0,35579139	179,37695	-0,70490992	-1322,8416
45370	0,35579371	179,57715	-0,70578712	-1325,134
45370	0,35579604	179,77734	-0,70881867	-1327,5188
45370	0,35579836	179,97754	-0,70984215	-1329,7003
45370	0,35580066	180,17773	-0,71242762	-1332,0094
45370	0,35580298	180,37793	-0,71332723	-1334,2854
45370	0,35580531	180,57813	-0,71619916	-1336,4795
45370	0,35580763	180,77832	-0,7173807	-1338,6979
45370	0,35580993	180,97852	-0,71915907	-1340,9575
45370	0,35581225	181,17871	-0,72042423	-1343,1093
45370	0,35581458	181,37891	-0,72312009	-1345,0581
45370	0,3558169	181,5791	-0,72495514	-1347,446
45370	0,3558192	181,7793	-0,72562051	-1349,338
45370	0,35582152	181,97949	-0,72802544	-1352,1326
45370	0,35582384	182,17969	-0,73042297	-1354,1218
45370	0,35582617	182,37988	-0,73313373	-1356,6991
45370	0,35582846	182,58008	-0,73451972	-1358,7898
45370	0,35583079	182,78027	-0,73629063	-1360,9438
45370	0,35583311	182,98047	-0,737508	-1363,2795
45370	0,35583544	183,18066	-0,73992938	-1365,6521
45370	0,35583773	183,38086	-0,74252826	-1368,0049
45370	0,35584006	183,58105	-0,74352634	-1370,0551
45370	0,35584238	183,78125	-0,74524206	-1373,0129
45370	0,35584471	183,98145	-0,74786782	-1374,8538
45370	0,355847	184,18164	-0,74976254	-1377,1655
45370	0,35584933	184,38184	-0,75147074	-1379,3146
45370	0,35585165	184,58203	-0,75391746	-1381,4476
45370	0,35585397	184,78223	-0,75592858	-1383,585
45370	0,35585627	184,98242	-0,75786209	-1385,968
45370	0,35585859	185,18262	-0,75960159	-1387,8458
45370	0,35586092	185,38281	-0,76297033	-1390,0997
45370	0,35586324	185,58301	-0,76482326	-1392,4243
45370	0,35586554	185,7832	-0,76674932	-1394,4402
45370	0,35586786	185,9834	-0,76910657	-1396,6864
45370	0,35587019	186,18359	-0,77136528	-1399,0137
45370	0,35587251	186,38379	-0,77328241	-1401,4855
45370	0,35587481	186,58398	-0,7763527	-1403,5905
45370	0,35587713	186,78418	-0,77861893	-1405,9296
45370	0,35587946	186,98438	-0,78105372	-1408,2881
45370	0,35588178	187,18457	-0,78303349	-1410,5907
45370	0,35588408	187,38477	-0,78527731	-1412,5746
45370	0,3558864	187,58496	-0,78808951	-1414,9323
45370	0,35588872	187,78516	-0,7898798	-1416,7526
45370	0,35589105	187,98535	-0,79312772	-1419,0128
45370	0,35589334	188,18555	-0,7960369	-1420,9735
45370	0,35589567	188,38574	-0,79760194	-1422,896
45370	0,35589799	188,58594	-0,80091095	-1425,2745
45370	0,35590029	188,78613	-0,80429906	-1427,2662
45370	0,35590261	188,98633	-0,80587453	-1429,3262
45370	0,35590494	189,18652	-0,80944318	-1431,3569
45370	0,35590726	189,38672	-0,81251502	-1433,7634
45370	0,35590956	189,58691	-0,81456339	-1435,4309
45370	0,35591188	189,78711	-0,81832594	-1437,7263
45370	0,35591421	189,9873	-0,82108897	-1439,9949
45370	0,35591653	190,1875	-0,82492018	-1442,1305
45370	0,35591882	190,3877	-0,82748628	-1444,563
45370	0,35592115	190,58789	-0,83127719	-1446,3887
45370	0,35592347	190,78809	-0,83489507	-1448,6932
45370	0,3559258	190,98828	-0,8390739	-1450,8274
45370	0,35592809	191,18848	-0,84188908	-1452,8212
45370	0,35593042	191,38867	-0,8466289	-1455,1627
45370	0,35593274	191,58887	-0,84987825	-1457,5132
45370	0,35593507	191,78906	-0,85542816	-1459,4712
45370	0,35593736	191,98926	-0,85933244	-1461,7267
45370	0,35593969	192,18945	-0,86381114	-1464,0378
45370	0,35594201	192,38965	-0,86948186	-1466,2006
45370	0,35594434	192,58984	-0,87549722	-1468,2531
45370	0,35594663	192,79004	-0,88163644	-1470,2472
45370	0,35594895	192,99023	-0,88879007	-1472,567
45370	0,35595128	193,19043	-0,89604819	-1474,7062
45370	0,3559536	193,39063	-0,90402395	-1476,5709
45370	0,3559559	193,59082	-0,91390783	-1478,8904
45370	0,35595822	193,79102	-0,92350525	-1480,3641
45370	0,35596055	193,99121	-0,93875992	-1482,0269
45370	0,35596287	194,19141	-0,95485163	-1483,1554
45370	0,35596517	194,3916	-0,98165518	-1481,2209
45370	0,35596749	194,5918	-0,93188077	-1214,6216
45370	0,35596982	194,79199	-0,34563842	-44,294853
45370	0,35597214	194,99219	0,25835159	2,4454682
45370	0,35597444	195,19238	0,85948908	2,4015098
45370	0,35597676	195,39258	1,4599239	2,4079173
45370	0,35597908	195,59277	2,0630784	2,2901981
45370	0,35598141	195,79297	2,6668611	2,3360937
45370	0,3559837	195,99316	3,2696531	1,9322722
45370	0,35598603	196,19336	3,8719499	1,7384081
45370	0,35598835	196,39355	4,4757714	1,8030791
