MTS793|MPT|DEU|1|2|,|.|:|49|1|1|A

Bediener Information						Zeit:	22,665039	s	18.07.2023 10:37:18
Datum	18.7.2023
Prüfer	Mac, Sc
Probe 	Pittrich _TP2_CEMIII_A_420_oF_20.6.23 E-Modul Probe 4
Masse	5394
Länge	300,1
Durchmesser	99,0
Bediener Information Ende

Datenerfassung						Zeit:	344,40625	s	18.07.2023 10:42:40
Datum	Laufzeit	Ch 1 Kraft Sollwert	Ch 1 Kraft	Ch 1 Weg	1470533	1470534	1281068
d	s	kN	kN	mm	mm	mm	mm
45125	23,173828	-0,3024089	0,082617626	0,99379718	-0,011086371	-0,027445406	-0,018553462
45125	23,673828	-0,70093048	0,088363886	0,9585008	-0,011035244	-0,027489567	-0,018430553
45125	24,173828	-1,099452	0,10039657	0,89466721	-0,011041205	-0,027420118	-0,018534292
45125	24,673828	-1,4979736	0,063691288	0,8021906	-0,01107784	-0,027488219	-0,018458232
45125	25,173828	-1,8964952	0,044187531	0,67210943	-0,011112383	-0,027481308	-0,018464493
45125	25,673828	-2,2950168	0,092010945	0,5012393	-0,01103865	-0,027497185	-0,018457161
45125	26,173828	-2,6935384	0,080253929	0,29148757	-0,011076809	-0,027452035	-0,018419987
45125	26,673828	-3,0920599	0,028571114	0,045540929	-0,011001552	-0,027486917	-0,018423511
45125	27,173828	-3,4905815	-3,7888904	-0,056369603	-0,01173227	-0,029324606	-0,020001328
45125	27,673828	-3,8891029	-4,3476782	-0,060288608	-0,012019056	-0,0295336	-0,020298285
45125	28,173828	-3,9000001	-4,3530278	-0,061304867	-0,011994374	-0,029549818	-0,020145258
45125	28,673828	-3,9000001	-4,3528862	-0,061437488	-0,012030889	-0,029608306	-0,020272883
45125	29,173828	-3,9000001	-4,3267703	-0,060869753	-0,011951928	-0,029640464	-0,020222003
45125	29,673828	-3,9000001	-4,351368	-0,062172115	-0,012003085	-0,029635688	-0,020216001
45125	30,173828	-3,9000001	-4,3400712	-0,06172359	-0,011936329	-0,029743273	-0,020254143
45125	30,673828	-3,9000001	-4,3287668	-0,061175227	-0,011975773	-0,029700113	-0,020175362
45125	31,173828	-3,9000001	-4,3197351	-0,061655045	-0,011949104	-0,029641367	-0,020201575
45125	31,673828	-3,9000001	-4,2842107	-0,061042607	-0,012029903	-0,029632013	-0,02020565
45125	32,173828	-3,9000001	-4,2550321	-0,060713291	-0,011935807	-0,029598819	-0,02021081
45125	32,673828	-3,9000001	-4,275527	-0,061319768	-0,011917116	-0,029609926	-0,020154122
45125	33,173828	-3,9000001	-4,2583251	-0,061130524	-0,011976879	-0,029614575	-0,020181013
45125	33,673828	-3,9000001	-4,2616763	-0,061656535	-0,012038569	-0,029625343	-0,020094045
45125	34,173828	-3,9000001	-4,2273345	-0,061318278	-0,011984199	-0,029584778	-0,020057986
45125	34,673828	-3,9000001	-4,2072439	-0,060921907	-0,011925797	-0,029565198	-0,020075163
45125	35,173828	-3,9000001	-4,1771736	-0,060592592	-0,011946086	-0,029549727	-0,020123871
45125	35,673828	-3,9000001	-4,1921177	-0,060819089	-0,011950553	-0,029563842	-0,020122355
45125	36,173828	-4,1323242	-4,2618494	0,00014454126	-6,0001676e-05	-5,8494632e-05	8,3696956e-05
45125	36,673828	-6,0823245	-5,9908161	-0,0076413155	-0,00052069681	-0,00092395942	-0,00047364074
45125	37,173828	-8,0323248	-7,8681803	-0,015977025	-0,0012616488	-0,0018023846	-0,0011303365
45125	37,673828	-9,9823246	-10,01182	-0,025631487	-0,0020770801	-0,0028130887	-0,0019395906
45125	38,173828	-11,932324	-12,127666	-0,033922493	-0,0029409786	-0,0037527485	-0,0026913385
45125	38,673828	-13,882324	-14,078318	-0,041902065	-0,0037387351	-0,0047796196	-0,0033952037
45125	39,173828	-15,832325	-16,025938	-0,049012899	-0,0045896056	-0,0056057032	-0,004161044
45125	39,673828	-17,782324	-17,890116	-0,056193769	-0,0053255972	-0,0065095359	-0,0047965827
45125	40,173828	-19,732325	-19,951122	-0,063440204	-0,0063128159	-0,0074303388	-0,0056347796
45125	40,673828	-21,682325	-21,8297	-0,069819391	-0,0070044338	-0,0082755042	-0,0063947672
45125	41,173828	-23,632324	-23,728662	-0,076048076	-0,0079578422	-0,0091346391	-0,0071930378
45125	41,673828	-25,582325	-25,774555	-0,083094835	-0,0087404931	-0,010043086	-0,0080254786
45125	42,173828	-27,532326	-27,618372	-0,088943541	-0,0095557002	-0,010944117	-0,0088705095
45125	42,673828	-29,482325	-29,664925	-0,095798075	-0,010465168	-0,011776389	-0,0098329978
45125	43,173828	-31,432325	-31,655407	-0,10118037	-0,011391967	-0,01271121	-0,010781558
45125	43,673828	-33,382324	-33,496212	-0,10781735	-0,012188961	-0,01346237	-0,011606518
45125	44,173828	-35,332325	-35,492996	-0,11320114	-0,013023293	-0,014402676	-0,012564947
45125	44,673828	-37,282326	-37,351852	-0,11945963	-0,01386094	-0,015209625	-0,013424248
45125	45,173828	-39,232327	-39,399605	-0,12540072	-0,014717264	-0,016155215	-0,014443031
45125	45,673828	-41,182323	-41,267742	-0,13062954	-0,015473037	-0,016961966	-0,015333811
45125	46,173828	-43,132324	-43,314411	-0,13670921	-0,016345019	-0,017842097	-0,01639533
45125	46,673828	-45,082325	-45,263943	-0,14223307	-0,017147645	-0,018711191	-0,017336082
45125	47,173828	-47,032326	-47,169792	-0,14715642	-0,017953768	-0,019594159	-0,018291403
45125	47,673828	-48,982327	-49,042385	-0,152722	-0,018803414	-0,020433187	-0,019170856
45125	48,173828	-50,932327	-50,962124	-0,1583308	-0,019593894	-0,021290399	-0,020132223
45125	48,673828	-52,882324	-52,925594	-0,16353428	-0,020357272	-0,022254996	-0,021129403
45125	49,173828	-54,832325	-54,937672	-0,16953498	-0,02122646	-0,023048004	-0,022049282
45125	49,673828	-56,782326	-56,926411	-0,17528087	-0,022087431	-0,023952466	-0,023003887
45125	50,173828	-58,732327	-58,881306	-0,18064827	-0,022861326	-0,024875157	-0,023976319
45125	50,673828	-60,682327	-60,828457	-0,18564314	-0,023757184	-0,025708722	-0,024913881
45125	51,173828	-62,632324	-62,751877	-0,19083917	-0,024533186	-0,02660333	-0,025819311
45125	51,673828	-64,582329	-64,601273	-0,19557327	-0,025356371	-0,027471043	-0,026798695
45125	52,173828	-66,532326	-66,659172	-0,20162165	-0,0261134	-0,028396547	-0,027715813
45125	52,673828	-68,482323	-68,61602	-0,20625442	-0,027002996	-0,029297434	-0,028767722
45125	53,173828	-70,432327	-70,530258	-0,21140277	-0,027722716	-0,030078914	-0,02967526
45125	53,673828	-72,382324	-72,412903	-0,21627098	-0,028464118	-0,030939281	-0,030528191
45125	54,173828	-74,332329	-74,395523	-0,22113323	-0,029389586	-0,03184979	-0,031534843
45125	54,673828	-76,282326	-76,407104	-0,22665113	-0,030149139	-0,032796439	-0,032314897
45125	55,173828	-78,232323	-78,401459	-0,23197532	-0,031135177	-0,033648834	-0,033360552
45125	55,673828	-80,182327	-80,235085	-0,23637712	-0,031810243	-0,034571014	-0,034261793
45125	56,173828	-82,132324	-82,249031	-0,24145991	-0,032632351	-0,035494559	-0,03509092
45125	56,673828	-84,082329	-84,065804	-0,24625659	-0,033368252	-0,036386557	-0,035975933
45125	57,173828	-86,032326	-86,016701	-0,25106519	-0,0341915	-0,037241116	-0,036894519
45125	57,673828	-87,982323	-88,088432	-0,25580525	-0,035004552	-0,038195297	-0,037836257
45125	58,173828	-89,932327	-89,905602	-0,26067793	-0,035869572	-0,039065864	-0,038742129
45125	58,673828	-91,882324	-91,869141	-0,2658695	-0,036642589	-0,040011954	-0,039634842
45125	59,173828	-93,832329	-93,900131	-0,27091056	-0,037378848	-0,040865332	-0,040521532
45125	59,673828	-95,782326	-95,870522	-0,2758652	-0,038245615	-0,041775435	-0,041319396
45125	60,173828	-97,73233	-97,825417	-0,28049797	-0,039035544	-0,042725146	-0,042255849
45125	60,673828	-99,682327	-99,726479	-0,2850458	-0,039804615	-0,043540671	-0,043134339
45125	61,173828	-101,63232	-101,64428	-0,28968155	-0,040639065	-0,044461563	-0,044047564
45125	61,673828	-103,58233	-103,54102	-0,29418916	-0,041406296	-0,045442	-0,0449223
45125	62,173828	-105,53233	-105,51516	-0,29932708	-0,042110987	-0,04632128	-0,045801446
45125	62,673828	-107,48233	-107,55044	-0,30419827	-0,043096729	-0,047251746	-0,046684936
45125	63,173828	-109,43233	-109,50478	-0,30904114	-0,043877855	-0,048139848	-0,047590479
45125	63,673828	-111,38232	-111,47803	-0,31382143	-0,04459402	-0,049018141	-0,048498593
45125	64,173828	-113,33233	-113,39073	-0,31818748	-0,045431849	-0,049979761	-0,049331531
45125	64,673828	-115,28233	-115,25814	-0,32270253	-0,04626219	-0,050793801	-0,050181221
45125	65,173828	-117,23233	-117,20898	-0,32762438	-0,047051355	-0,0517448	-0,051097333
45125	65,673828	-118,4	-118,46734	-0,33064336	-0,047564134	-0,052472878	-0,051680561
45125	66,173828	-118,4	-118,5218	-0,33151209	-0,047692787	-0,052585103	-0,051929656
45125	66,673828	-118,4	-118,55977	-0,33206344	-0,047796145	-0,052676681	-0,051951706
45125	67,173828	-118,4	-118,44039	-0,33194423	-0,0478228	-0,052735418	-0,051997446
45125	67,673828	-118,4	-118,48037	-0,3326416	-0,047866713	-0,052789573	-0,052087225
45125	68,173828	-118,4	-118,49902	-0,33280849	-0,047942102	-0,052896906	-0,0521916
45125	68,673828	-118,4	-118,44933	-0,33260584	-0,048003688	-0,052927651	-0,052210677
45125	69,173828	-118,4	-118,54677	-0,33302158	-0,047986865	-0,053058006	-0,052275617
45125	69,673828	-118,4	-118,45995	-0,33300072	-0,048121031	-0,053017363	-0,052375652
45125	70,173828	-118,4	-118,45898	-0,33341944	-0,048043191	-0,05309628	-0,052317217
45125	70,673828	-118,4	-118,52728	-0,33384562	-0,048103657	-0,053164635	-0,052496042
45125	71,173828	-118,4	-118,41848	-0,3338024	-0,04812257	-0,053179063	-0,052397512
45125	71,673828	-118,4	-118,44013	-0,33420473	-0,048148341	-0,053264815	-0,052465212
45125	72,173828	-118,4	-118,50191	-0,33444166	-0,048217323	-0,053197775	-0,052604515
45125	72,673828	-118,4	-118,49889	-0,33432245	-0,048248325	-0,053267132	-0,052567672
45125	73,173828	-118,4	-118,49204	-0,33459514	-0,048205148	-0,053265713	-0,052597031
45125	73,673828	-118,4	-118,47403	-0,33502132	-0,048297703	-0,053259239	-0,05257459
45125	74,173828	-118,4	-118,44277	-0,33456981	-0,048272993	-0,053303238	-0,052651379
45125	74,673828	-118,4	-118,41439	-0,33443421	-0,048317995	-0,053424239	-0,052728634
45125	75,173828	-118,4	-118,50809	-0,33525229	-0,048328992	-0,053429451	-0,052713547
45125	75,673828	-118,4	-118,51086	-0,33504665	-0,048389245	-0,053457212	-0,052820344
45125	76,173828	-118,4	-118,49603	-0,33507794	-0,048413914	-0,053389616	-0,052853666
45125	76,673828	-118,4	-118,44852	-0,33526123	-0,048330426	-0,053455833	-0,052876536
45125	77,173828	-118,4	-118,43304	-0,33479184	-0,048394684	-0,053529587	-0,052798785
45125	77,673828	-118,4	-118,43326	-0,335446	-0,048454419	-0,053452883	-0,052838501
45125	78,173828	-118,4	-118,46422	-0,3356114	-0,048491769	-0,053554963	-0,052885793
45125	78,673828	-118,4	-118,41124	-0,33542812	-0,048484404	-0,053485405	-0,052899584
45125	79,173828	-118,4	-118,41762	-0,33552796	-0,048487108	-0,053576525	-0,052946333
45125	79,673828	-118,4	-118,4162	-0,33545792	-0,048527431	-0,053517915	-0,052949358
45125	80,173828	-118,4	-118,4829	-0,33612847	-0,048599493	-0,053559706	-0,052953694
45125	80,673828	-118,4	-118,42911	-0,33615381	-0,048509128	-0,053624246	-0,05293306
45125	81,173828	-118,4	-118,46296	-0,33572316	-0,048506726	-0,053641915	-0,052909832
45125	81,673828	-118,4	-118,38745	-0,3355965	-0,048537351	-0,053576604	-0,052966073
45125	82,173828	-118,4	-118,47746	-0,33613443	-0,048627671	-0,053646766	-0,053111624
45125	82,673828	-118,4	-118,46079	-0,33641309	-0,048650619	-0,053661469	-0,053054191
45125	83,173828	-118,4	-118,46281	-0,33638626	-0,048619363	-0,053604081	-0,053054277
45125	83,673828	-118,4	-118,41409	-0,3362298	-0,048692271	-0,0537454	-0,053103268
45125	84,173828	-118,4	-118,40066	-0,33634901	-0,048609667	-0,053695869	-0,053026523
45125	84,673828	-117,64971	-117,77108	-0,33520907	-0,04855464	-0,053438	-0,05284873
45125	85,173828	-115,69971	-115,8559	-0,33198446	-0,04781197	-0,052859902	-0,052273426
45125	85,673828	-113,74971	-113,92924	-0,32849014	-0,047230568	-0,052150909	-0,051521432
45125	86,173828	-111,79971	-111,94657	-0,32492578	-0,046738975	-0,051513806	-0,050886948
45125	86,673828	-109,84971	-109,8621	-0,32087415	-0,046010558	-0,050798442	-0,050130982
45125	87,173828	-107,89971	-107,95383	-0,31762719	-0,04545496	-0,050047055	-0,049484693
45125	87,673828	-105,94971	-106,05605	-0,31349957	-0,04470101	-0,049405649	-0,048807062
45125	88,173828	-103,99971	-104,07672	-0,30988753	-0,044104058	-0,048673753	-0,048163287
45125	88,673828	-102,04971	-102,14388	-0,30597746	-0,043493971	-0,047864202	-0,047516946
45125	89,173828	-100,09971	-100,21894	-0,30240119	-0,042876232	-0,04721418	-0,046805725
45125	89,673828	-98,149712	-98,199455	-0,29795021	-0,042142827	-0,046466965	-0,046171706
45125	90,173828	-96,199707	-96,22065	-0,29431134	-0,041523132	-0,045745678	-0,045430016
45125	90,673828	-94,24971	-94,371567	-0,29070526	-0,040845111	-0,044968318	-0,044794943
45125	91,173828	-92,299706	-92,323326	-0,28607398	-0,040221307	-0,044311851	-0,044135854
45125	91,673828	-90,349709	-90,348228	-0,28214455	-0,039615646	-0,043515012	-0,043431092
45125	92,173828	-88,399712	-88,457642	-0,27838945	-0,038944032	-0,042775143	-0,042795237
45125	92,673828	-86,449707	-86,555862	-0,27497262	-0,038299568	-0,042089514	-0,042018708
45125	93,173828	-84,49971	-84,675797	-0,27033538	-0,03764113	-0,041283604	-0,041355435
45125	93,673828	-82,549706	-82,684982	-0,26629716	-0,036914777	-0,040561073	-0,040671907
45125	94,173828	-80,599709	-80,662331	-0,26133657	-0,036172211	-0,039705697	-0,039916579
45125	94,673828	-78,649704	-78,700409	-0,2574712	-0,035578635	-0,039003335	-0,039175387
45125	95,173828	-76,699707	-76,758278	-0,25334507	-0,034808114	-0,038206946	-0,038434818
45125	95,673828	-74,74971	-74,887451	-0,24877936	-0,034156971	-0,037349191	-0,037808828
45125	96,173828	-72,799706	-72,9505	-0,24499148	-0,033454582	-0,036603488	-0,036881693
45125	96,673828	-70,849709	-71,017426	-0,24010241	-0,032714419	-0,035820115	-0,036239531
45125	97,173828	-68,899704	-68,972946	-0,23539066	-0,032058809	-0,034971677	-0,035351723
45125	97,673828	-66,949707	-66,970871	-0,23064911	-0,031264685	-0,034071878	-0,034530647
45125	98,173828	-64,99971	-65,021233	-0,22599846	-0,030619128	-0,033357479	-0,033810634
45125	98,673828	-63,049706	-63,139996	-0,22161007	-0,029829156	-0,032566264	-0,033037715
45125	99,173828	-61,099709	-61,248959	-0,21711439	-0,029113498	-0,031690374	-0,032321356
45125	99,673828	-59,149708	-59,256039	-0,21220446	-0,028258877	-0,030874658	-0,031456545
45125	100,17383	-57,199707	-57,223473	-0,20672232	-0,027512606	-0,029928675	-0,030511888
45125	100,67383	-55,249706	-55,348385	-0,20217746	-0,026860014	-0,029074524	-0,029733893
45125	101,17383	-53,299706	-53,428501	-0,19759089	-0,026104031	-0,028277684	-0,029006172
45125	101,67383	-51,349709	-51,448471	-0,19198507	-0,025311146	-0,02735606	-0,028097704
45125	102,17383	-49,399708	-49,4231	-0,18648654	-0,024435101	-0,02642886	-0,027234752
45125	102,67383	-47,449707	-47,508938	-0,18112659	-0,023646936	-0,025669323	-0,026358778
45125	103,17383	-45,499706	-45,619141	-0,17603338	-0,022883439	-0,024765663	-0,025486568
45125	103,67383	-43,549706	-43,619244	-0,17081648	-0,021990346	-0,023893416	-0,024631208
45125	104,17383	-41,599709	-41,632324	-0,16466975	-0,021262541	-0,022909589	-0,023721056
45125	104,67383	-39,649708	-39,701588	-0,15922636	-0,020359559	-0,02201785	-0,022764077
45125	105,17383	-37,699707	-37,829674	-0,15393198	-0,019444667	-0,021064384	-0,0218674
45125	105,67383	-35,749706	-35,91	-0,14837086	-0,018636422	-0,020121073	-0,020994
45125	106,17383	-33,799706	-33,908566	-0,14231354	-0,017746288	-0,0190529	-0,02010824
45125	106,67383	-31,849707	-31,896395	-0,13636649	-0,016741917	-0,018056728	-0,019056633
45125	107,17383	-29,899706	-29,950481	-0,13035387	-0,015976671	-0,017104331	-0,018073352
45125	107,67383	-27,949707	-28,059013	-0,12491941	-0,014923519	-0,016166424	-0,017131781
45125	108,17383	-25,999706	-26,145138	-0,11808872	-0,014102874	-0,015156959	-0,016208736
45125	108,67383	-24,049706	-24,116211	-0,11074096	-0,012984446	-0,014038335	-0,015197329
45125	109,17383	-22,099707	-22,254923	-0,10505915	-0,011964613	-0,013079161	-0,014286152
45125	109,67383	-20,149706	-20,300798	-0,098192692	-0,010930853	-0,012099971	-0,013407078
45125	110,17383	-18,199707	-18,294456	-0,090508163	-0,0098706791	-0,011012953	-0,012277901
45125	110,67383	-16,249706	-16,313032	-0,083360076	-0,0088163018	-0,010074731	-0,011341663
45125	111,17383	-14,299706	-14,428097	-0,076006353	-0,0078378534	-0,009011534	-0,010298504
45125	111,67383	-12,349706	-12,521213	-0,068357587	-0,0067611551	-0,0079806671	-0,009324302
45125	112,17383	-10,399706	-10,52138	-0,059239566	-0,0057707839	-0,0068383436	-0,0084060598
45125	112,67383	-8,4497061	-8,5421305	-0,050352514	-0,0047363676	-0,005617403	-0,0074969791
45125	113,17383	-6,4997058	-6,6514707	-0,040666759	-0,0038794014	-0,0043217954	-0,0065619382
45125	113,67383	-4,549706	-5,0052905	-0,031982362	-0,0032168131	-0,0030820502	-0,0056908801
45125	114,17383	-5,183496	-4,8724561	-0,029622018	-0,0030835872	-0,0029417798	-0,0054711783
45125	114,67383	-7,1334963	-6,4985976	-0,036753714	-0,0035508713	-0,003617618	-0,00602279
45125	115,17383	-9,0834961	-8,9334984	-0,046868622	-0,0044600102	-0,0047661518	-0,0070172702
45125	115,67383	-11,033496	-10,846379	-0,05479902	-0,0051736357	-0,0057235495	-0,0077381572
45125	116,17383	-12,983497	-12,782059	-0,061537325	-0,0060368469	-0,0065909531	-0,0085517094
45125	116,67383	-14,933496	-14,807734	-0,069877505	-0,0068505751	-0,0075245416	-0,0093976995
45125	117,17383	-16,883497	-16,773609	-0,076784194	-0,0078111845	-0,0084070209	-0,010263418
45125	117,67383	-18,833496	-18,642118	-0,08315146	-0,0085851848	-0,0091529517	-0,011078778
45125	118,17383	-20,783497	-20,574146	-0,089816749	-0,0094808331	-0,0099890018	-0,011985255
45125	118,67383	-22,733496	-22,592278	-0,096437335	-0,010323904	-0,010926731	-0,01296661
45125	119,17383	-24,683496	-24,587255	-0,1028493	-0,011278821	-0,011759243	-0,013894632
45125	119,67383	-26,633497	-26,527403	-0,10905266	-0,012113078	-0,012620213	-0,014811595
45125	120,17383	-28,583496	-28,451527	-0,11520833	-0,013033676	-0,013438648	-0,015818441
45125	120,67383	-30,533497	-30,339706	-0,12063831	-0,013939708	-0,014335911	-0,016749356
45125	121,17383	-32,483498	-32,298786	-0,1264587	-0,0147285	-0,015114494	-0,017663494
45125	121,67383	-34,433498	-34,378025	-0,13288558	-0,015671734	-0,016030537	-0,018700935
45125	122,17383	-36,383495	-36,335278	-0,13832301	-0,016414208	-0,016876711	-0,019685755
45125	122,67383	-38,333496	-38,244411	-0,14341176	-0,01727757	-0,017773863	-0,02055314
45125	123,17383	-40,283497	-40,105747	-0,14893264	-0,018017296	-0,018665278	-0,021437954
45125	123,67383	-42,233498	-42,153469	-0,15471429	-0,018774938	-0,019575693	-0,022472003
45125	124,17383	-44,183498	-44,152298	-0,16046613	-0,019653806	-0,020424936	-0,023257997
45125	124,67383	-46,133495	-46,070908	-0,16568601	-0,020490574	-0,021240024	-0,02431301
45125	125,17383	-48,083496	-47,954353	-0,17063022	-0,021226998	-0,02207979	-0,025269773
45125	125,67383	-50,033497	-49,878025	-0,17608702	-0,021953322	-0,022941792	-0,026138267
45125	126,17383	-51,983498	-51,871689	-0,18129796	-0,022737572	-0,023792747	-0,026986977
45125	126,67383	-53,933498	-53,905819	-0,18619746	-0,023542635	-0,024567492	-0,027999254
45125	127,17383	-55,883499	-55,864281	-0,1916185	-0,0243282	-0,025447654	-0,028955745
45125	127,67383	-57,833496	-57,755577	-0,19630492	-0,02502575	-0,026327556	-0,029758038
45125	128,17383	-59,783497	-59,630657	-0,20083934	-0,025858795	-0,027088851	-0,030588593
45125	128,67383	-61,733498	-61,616467	-0,20648837	-0,026573841	-0,02792659	-0,03148929
45125	129,17383	-63,683498	-63,641499	-0,21145493	-0,027344391	-0,0288049	-0,032362502
45125	129,67383	-65,633499	-65,612465	-0,21640211	-0,028113132	-0,029659078	-0,033216681
45125	130,17383	-67,583496	-67,424461	-0,22066683	-0,028848108	-0,030465912	-0,034031194
45125	130,67383	-69,533501	-69,497017	-0,22611469	-0,029564362	-0,031377543	-0,034941453
45125	131,17383	-71,483498	-71,422478	-0,23063272	-0,030312022	-0,032191712	-0,035746936
45125	131,67383	-73,433495	-73,315674	-0,23455024	-0,0310692	-0,032896738	-0,036550712
45125	132,17383	-75,383499	-75,267609	-0,23947805	-0,031767707	-0,033795509	-0,037329219
45125	132,67383	-77,333496	-77,290184	-0,24474114	-0,032511599	-0,034632403	-0,03829851
45125	133,17383	-79,283501	-79,267883	-0,24906546	-0,033286229	-0,035427872	-0,03907524
45125	133,67383	-81,233498	-81,235626	-0,25375932	-0,034012645	-0,036253713	-0,039855856
45125	134,17383	-83,183495	-83,076012	-0,25778711	-0,0346976	-0,036972128	-0,040610448
45125	134,67383	-85,133499	-85,155762	-0,2628848	-0,035436712	-0,037905943	-0,041521277
45125	135,17383	-87,083496	-87,066002	-0,26722848	-0,036118336	-0,038740024	-0,042302251
45125	135,67383	-89,033501	-88,944107	-0,27181208	-0,036831886	-0,039443698	-0,043019507
45125	136,17383	-90,983498	-90,995125	-0,27576387	-0,037641656	-0,0403396	-0,04390147
45125	136,67383	-92,933495	-92,82045	-0,28014779	-0,038276482	-0,041084912	-0,044621386
45125	137,17383	-94,883499	-94,756493	-0,28479844	-0,038903244	-0,041890468	-0,045384172
45125	137,67383	-96,833496	-96,790054	-0,28912723	-0,039625552	-0,042710733	-0,046248771
45125	138,17383	-98,783501	-98,785118	-0,29314905	-0,040360376	-0,043522649	-0,047024064
45125	138,67383	-100,7335	-100,68687	-0,2974987	-0,041113805	-0,044271186	-0,047741387
45125	139,17383	-102,6835	-102,62697	-0,30121654	-0,041745197	-0,045107331	-0,04865079
45125	139,67383	-104,6335	-104,52682	-0,30575693	-0,042366937	-0,045852564	-0,049379136
45125	140,17383	-106,5835	-106,46518	-0,31000227	-0,043132152	-0,046612978	-0,050156012
45125	140,67383	-108,5335	-108,52267	-0,31482726	-0,04381793	-0,047464058	-0,05096839
45125	141,17383	-110,4835	-110,47453	-0,31839311	-0,044545569	-0,048284266	-0,051817603
45125	141,67383	-112,4335	-112,33334	-0,32293946	-0,045163006	-0,04898956	-0,052485913
45125	142,17383	-114,3835	-114,34326	-0,32698363	-0,045917075	-0,049834616	-0,053363234
45125	142,67383	-116,3335	-116,37715	-0,33178031	-0,046595652	-0,050595567	-0,054177541
45125	143,17383	-118,2835	-118,29038	-0,33534169	-0,047269698	-0,051410198	-0,054902922
45125	143,67383	-118,4	-118,41158	-0,33661276	-0,047390867	-0,051601503	-0,055004228
45125	144,17383	-118,4	-118,46414	-0,33648908	-0,047393244	-0,051589321	-0,055073734
45125	144,67383	-118,4	-118,45073	-0,33739209	-0,047499098	-0,051646668	-0,05515115
45125	145,17383	-118,4	-118,5046	-0,33718199	-0,047550298	-0,051729236	-0,055145659
45125	145,67383	-118,4	-118,43887	-0,33704937	-0,047522567	-0,051761996	-0,055192009
45125	146,17383	-118,4	-118,3916	-0,33702403	-0,047515426	-0,051696386	-0,055179726
45125	146,67383	-118,4	-118,48453	-0,33734441	-0,04751223	-0,05179121	-0,055271536
45125	147,17383	-118,4	-118,47288	-0,33784807	-0,047661532	-0,051783022	-0,055420164
45125	147,67383	-118,4	-118,40712	-0,33777505	-0,047643527	-0,051774018	-0,05528025
45125	148,17383	-118,4	-118,40593	-0,33803582	-0,047727	-0,051893216	-0,055302527
45125	148,67383	-118,4	-118,46613	-0,33771545	-0,047678191	-0,051866934	-0,055417214
45125	149,17383	-118,4	-118,40806	-0,33804476	-0,047701828	-0,05184136	-0,055327423
45125	149,67383	-118,4	-118,47658	-0,33842623	-0,047733545	-0,051977322	-0,055523288
45125	150,17383	-118,4	-118,41608	-0,33754557	-0,04771027	-0,052017555	-0,055322789
45125	150,67383	-118,4	-118,39985	-0,33834428	-0,047696255	-0,051932421	-0,055443492
45125	151,17383	-118,4	-118,45737	-0,33840239	-0,047691621	-0,051946737	-0,05545916
45125	151,67383	-118,4	-118,37093	-0,33823997	-0,047649983	-0,051917322	-0,055496346
45125	152,17383	-118,4	-118,37035	-0,33825636	-0,047808144	-0,051980942	-0,05551118
45125	152,67383	-118,4	-118,44185	-0,33878684	-0,047793608	-0,051971804	-0,055491481
45125	153,17383	-118,4	-118,4462	-0,33851564	-0,047833081	-0,052015889	-0,055608708
45125	153,67383	-118,4	-118,3878	-0,33816397	-0,047852337	-0,052047499	-0,055539586
45125	154,17383	-118,4	-118,45611	-0,33894479	-0,047761798	-0,052054796	-0,05552794
45125	154,67383	-118,4	-118,38622	-0,33896714	-0,047848441	-0,052064344	-0,055536356
45125	155,17383	-118,4	-118,48212	-0,33978969	-0,047870118	-0,052029613	-0,055644087
45125	155,67383	-118,4	-118,44144	-0,33882707	-0,047781654	-0,052124381	-0,055610683
45125	156,17383	-118,4	-118,36716	-0,3387168	-0,047743555	-0,05207793	-0,055655181
45125	156,67383	-118,4	-118,37043	-0,33906698	-0,047812819	-0,052037653	-0,055561423
45125	157,17383	-118,4	-118,45269	-0,33899546	-0,047797326	-0,052114513	-0,055608556
45125	157,67383	-118,4	-118,40326	-0,33904761	-0,047854014	-0,05212165	-0,055625174
45125	158,17383	-118,4	-118,37115	-0,33881068	-0,047856238	-0,05213204	-0,055628143
45125	158,67383	-118,4	-118,40469	-0,33923984	-0,047870044	-0,052151725	-0,055629183
45125	159,17383	-118,4	-118,4768	-0,33920407	-0,04792041	-0,052118678	-0,05570839
45125	159,67383	-118,4	-118,45046	-0,33940375	-0,047954161	-0,052166235	-0,055687886
45125	160,17383	-118,4	-118,39286	-0,33908635	-0,047882609	-0,052111745	-0,055671085
45125	160,67383	-118,4	-118,43874	-0,33976138	-0,047882162	-0,052187357	-0,055665504
45125	161,17383	-118,4	-118,3547	-0,33934265	-0,047801703	-0,052182235	-0,055739604
45125	161,67383	-118,4	-118,47376	-0,33965856	-0,047866218	-0,052147768	-0,055734709
45125	162,17383	-118,4	-118,40163	-0,33962876	-0,047964022	-0,052191395	-0,055651523
45125	162,67383	-118,4	-118,35093	-0,33964813	-0,048000101	-0,052137304	-0,055701487
45125	163,17383	-118,4	-118,38969	-0,33954382	-0,047905706	-0,052220445	-0,055786837
45125	163,67383	-116,59092	-116,72435	-0,33704042	-0,047403343	-0,051550135	-0,055195015
45125	164,17383	-114,64092	-114,77036	-0,33326894	-0,046856064	-0,050879914	-0,054558627
45125	164,67383	-112,69092	-112,74438	-0,32945573	-0,046247639	-0,050237168	-0,053877026
45125	165,17383	-110,74092	-110,73638	-0,32580942	-0,045508284	-0,049509767	-0,053216886
45125	165,67383	-108,79092	-108,93243	-0,32214671	-0,045063756	-0,048924983	-0,052580345
45125	166,17383	-106,84092	-106,8457	-0,31817406	-0,044332918	-0,048161067	-0,051867958
45125	166,67383	-104,89092	-105,00762	-0,31514019	-0,043707665	-0,04748974	-0,051193699
45125	167,17383	-102,94092	-102,9453	-0,31106472	-0,043034904	-0,04681934	-0,050517611
45125	167,67383	-100,99092	-101,03287	-0,30718148	-0,042455222	-0,045980569	-0,049796645
45125	168,17383	-99,040916	-99,168526	-0,3035143	-0,041824754	-0,045282856	-0,049207162
45125	168,67383	-97,090919	-97,201607	-0,30007064	-0,041111786	-0,044661023	-0,048432864
45125	169,17383	-95,140923	-95,158195	-0,29508621	-0,040494617	-0,043845307	-0,047730934
45125	169,67383	-93,190918	-93,177391	-0,29108673	-0,03978328	-0,043147352	-0,046985947
45125	170,17383	-91,240921	-91,38105	-0,28804392	-0,039203074	-0,04243245	-0,04641008
45125	170,67383	-89,290916	-89,406296	-0,28386265	-0,03854201	-0,041682944	-0,045651179
45125	171,17383	-87,340919	-87,357559	-0,27950108	-0,037870783	-0,040857993	-0,044882432
45125	171,67383	-85,390915	-85,393639	-0,27547032	-0,037165526	-0,040138256	-0,044154715
45125	172,17383	-83,440918	-83,511528	-0,27158707	-0,036491912	-0,039365217	-0,043442454
45125	172,67383	-81,490921	-81,66172	-0,26769936	-0,035872336	-0,038662061	-0,042761013
45125	173,17383	-79,540916	-79,540749	-0,26241392	-0,035052482	-0,037779778	-0,041959763
45125	173,67383	-77,590919	-77,714615	-0,25883317	-0,034409691	-0,037108276	-0,041255061
45125	174,17383	-75,640915	-75,786949	-0,25447458	-0,033688281	-0,036285475	-0,040498894
45125	174,67383	-73,690918	-73,76223	-0,24995655	-0,033044431	-0,035454631	-0,039812461
45125	175,17383	-71,740921	-71,852806	-0,24592876	-0,03232656	-0,034684595	-0,038980525
45125	175,67383	-69,790916	-69,796211	-0,24070889	-0,031540591	-0,033803433	-0,038237799
45125	176,17383	-67,840919	-67,97776	-0,23639202	-0,030883279	-0,033017419	-0,037452802
45125	176,67383	-65,890915	-65,918159	-0,23183525	-0,030153085	-0,032194268	-0,036648203
45125	177,17383	-63,940918	-63,984188	-0,22699833	-0,029457999	-0,031374279	-0,035788946
45125	177,67383	-61,990917	-62,070801	-0,22238493	-0,028607817	-0,030576631	-0,03494443
45125	178,17383	-60,040916	-60,176331	-0,21752119	-0,027971912	-0,029765686	-0,034124378
45125	178,67383	-58,090919	-58,114639	-0,21212846	-0,027155779	-0,028865313	-0,033251908
45125	179,17383	-56,140919	-56,288937	-0,20789355	-0,026504396	-0,027961267	-0,032507103
45125	179,67383	-54,190918	-54,21439	-0,20245761	-0,025759844	-0,027060475	-0,031554721
45125	180,17383	-52,240917	-52,256367	-0,19741803	-0,024964821	-0,026225906	-0,030691801
45125	180,67383	-50,290916	-50,366734	-0,19184351	-0,024234775	-0,025310647	-0,029923968
45125	181,17383	-48,340919	-48,484798	-0,18758327	-0,023365036	-0,0244365	-0,029067967
45125	181,67383	-46,390919	-46,528332	-0,18195659	-0,022547796	-0,023583548	-0,028160743
45125	182,17383	-44,440918	-44,453251	-0,17634332	-0,021727121	-0,02265339	-0,02712833
45125	182,67383	-42,490917	-42,527023	-0,17076582	-0,020857425	-0,021748114	-0,02628254
45125	183,17383	-40,540916	-40,651531	-0,16540885	-0,020047568	-0,020921085	-0,025363926
45125	183,67383	-38,590916	-38,667118	-0,15967041	-0,019233331	-0,019973576	-0,024438722
45125	184,17383	-36,640919	-36,693966	-0,15423745	-0,018318769	-0,019028459	-0,023368116
45125	184,67383	-34,690918	-34,836449	-0,14813691	-0,017460803	-0,018082594	-0,022534909
45125	185,17383	-32,740917	-32,817295	-0,14235675	-0,016566902	-0,017075879	-0,021554707
45125	185,67383	-30,790916	-30,88905	-0,13632774	-0,015702959	-0,0160341	-0,020593936
45125	186,17383	-28,840918	-28,858675	-0,13048202	-0,014735775	-0,0150919	-0,0195559
45125	186,67383	-26,890917	-26,948393	-0,1236558	-0,01383971	-0,014041312	-0,018589595
45125	187,17383	-24,940918	-25,107056	-0,11734515	-0,012944316	-0,013124496	-0,017623382
45125	187,67383	-22,990917	-23,076744	-0,11104941	-0,011913694	-0,012092069	-0,016469011
45125	188,17383	-21,040916	-21,078531	-0,10376424	-0,010894876	-0,011080232	-0,015446078
45125	188,67383	-19,090918	-19,183855	-0,097309053	-0,0098306239	-0,010133279	-0,014452237
45125	189,17383	-17,140917	-17,279402	-0,090269744	-0,0088653229	-0,0091643417	-0,013388494
45125	189,67383	-15,190917	-15,290037	-0,082038343	-0,0078856042	-0,0081341369	-0,012403495
45125	190,17383	-13,240917	-13,296123	-0,074487925	-0,0068680556	-0,0070910417	-0,011331541
45125	190,67383	-11,290916	-11,401065	-0,066581368	-0,005827439	-0,0059218998	-0,010361527
45125	191,17383	-9,3409166	-9,4768076	-0,057728589	-0,0049667973	-0,0048279497	-0,0093199965
45125	191,67383	-7,3909168	-7,561707	-0,048466027	-0,0040547894	-0,0035828506	-0,0083498629
45125	192,17383	-5,4409165	-5,6651516	-0,037993491	-0,0033251029	-0,0024494801	-0,0072339233
45125	192,67383	-3,9000001	-4,5126567	-0,031110644	-0,0028383213	-0,0015365274	-0,0065906872
45125	193,17383	-3,9000001	-3,8959403	-0,027139485	-0,0025854956	-0,0010740635	-0,00617366
45125	193,67383	-3,9000001	-3,8329215	-0,02617687	-0,002655149	-0,00094393909	-0,0060217637
45125	194,17383	-3,9000001	-3,7882476	-0,025452673	-0,0024790433	-0,00086794083	-0,006007642
45125	194,67383	-3,9000001	-3,8044658	-0,025497377	-0,0025518641	-0,00084671384	-0,0059312028
45125	195,17383	-3,9000001	-3,8041658	-0,025016069	-0,0024758312	-0,00078003813	-0,0058604972
45125	195,67383	-3,9000001	-3,7979093	-0,025308132	-0,0025098959	-0,00071701145	-0,0058557456
45125	196,17383	-3,9000001	-3,8146768	-0,025303662	-0,0024399287	-0,00075294805	-0,0057778489
45125	196,67383	-3,9000001	-3,8057547	-0,025166571	-0,0024219253	-0,00072288373	-0,005826409
45125	197,17383	-3,9000001	-3,7980657	-0,024725497	-0,002415949	-0,00075542601	-0,0057824445
45125	197,67383	-3,9000001	-3,8162787	-0,025141239	-0,0024152617	-0,00071807101	-0,0058000986
45125	198,17383	-3,9000001	-3,8489494	-0,02463907	-0,0024168007	-0,00065754645	-0,0058486662
45125	198,67383	-3,9000001	-3,833374	-0,024414063	-0,0023666299	-0,00071225816	-0,0057472107
45125	199,17383	-3,9000001	-3,8209109	-0,024397671	-0,002268634	-0,00058071356	-0,0057325908
45125	199,67383	-3,9000001	-3,8136673	-0,024440885	-0,0022774192	-0,00057679869	-0,0057435371
45125	200,17383	-3,9000001	-3,8383193	-0,024475157	-0,0023932541	-0,00057926174	-0,0057912045
45125	200,67383	-3,9000001	-3,8000326	-0,024409592	-0,0022742667	-0,00051440217	-0,0057808533
45125	201,17383	-3,9000001	-3,8438997	-0,024178624	-0,0022845012	-0,0005281489	-0,0057602692
45125	201,67383	-3,9000001	-3,8670805	-0,024618208	-0,0023004578	-0,00055189471	-0,0057394919
45125	202,17383	-3,9000001	-3,8398635	-0,024318695	-0,002270651	-0,00053201918	-0,0057339813
45125	202,67383	-3,9000001	-3,8012619	-0,024050474	-0,002251273	-0,00057617965	-0,0056253723
45125	203,17383	-3,9000001	-3,8603618	-0,023937225	-0,0022433246	-0,00052884041	-0,0056777322
45125	203,67383	-3,9000001	-3,8443246	-0,024564564	-0,0023223457	-0,00054139743	-0,0057122521
45125	204,17383	-3,9000001	-3,8487482	-0,024041533	-0,0023165639	-0,00057914463	-0,0057013133
45125	204,67383	-3,9000001	-3,870368	-0,024500489	-0,0022922852	-0,00047338696	-0,0056557502
45125	205,17383	-3,9000001	-3,8488209	-0,023642182	-0,0022425477	-0,00049387972	-0,0056192004
45125	205,67383	-3,9000001	-3,8287621	-0,024287403	-0,0022630314	-0,00046296587	-0,0056879129
45125	206,17383	-3,9000001	-3,8607848	-0,024232268	-0,0022385884	-0,00045139037	-0,0056573269
45125	206,67383	-3,9000001	-3,8760657	-0,024133921	-0,002319253	-0,00047912358	-0,0055580949
45125	207,17383	-3,9000001	-3,8536563	-0,024086237	-0,0022237822	-0,00044807405	-0,005689437
45125	207,67383	-3,9000001	-3,825223	-0,02399683	-0,0021993094	-0,00047467335	-0,0055714436
45125	208,17383	-3,9000001	-3,8927402	-0,024117529	-0,0021802601	-0,00045775902	-0,0056359693
45125	208,67383	-3,9000001	-3,8389378	-0,023074448	-0,0022580114	-0,00042442302	-0,005605428
45125	209,17383	-3,9000001	-3,8952549	-0,023674965	-0,0022211678	-0,0005060017	-0,0056887977
45125	209,67383	-3,9000001	-3,8720946	-0,024098158	-0,0021724761	-0,00044320369	-0,0056129908
45125	210,17383	-3,9000001	-3,8381629	-0,024150312	-0,0022130848	-0,00037769534	-0,0055811852
45125	210,67383	-3,9000001	-3,8544872	-0,023812056	-0,0022286528	-0,00041166524	-0,0056478526
45125	211,17383	-3,9000001	-3,868468	-0,024180114	-0,0022276668	-0,0004771736	-0,0056559956
45125	211,67383	-3,9000001	-3,8759074	9,983778e-05	-1,3446591e-05	-6,6361579e-05	-5,7342269e-05
45125	212,17383	-3,9000001	-3,8637314	0,00012665987	8,7701656e-06	-7,3005358e-05	-6,9887516e-05
45125	212,67383	-4,2123046	-3,9356053	-0,00046789646	5,163491e-05	-4,2671505e-05	-9,7744363e-05
45125	213,17383	-6,1623049	-5,136663	-0,0062197447	-0,00025948932	-0,00065589946	-0,00062454812
45125	213,67383	-8,1123047	-7,8659821	-0,018262863	-0,0012118068	-0,0020285649	-0,0017644552
45125	214,17383	-10,062304	-9,9111176	-0,026915967	-0,0020322131	-0,003040269	-0,0026309623
45125	214,67383	-12,012305	-11,834273	-0,034885108	-0,002757119	-0,0039466969	-0,0034633882
45125	215,17383	-13,962305	-13,92103	-0,043258071	-0,0036892963	-0,0049685026	-0,0044078808
45125	215,67383	-15,912305	-15,763199	-0,050020218	-0,004555421	-0,0057604434	-0,0053033233
45125	216,17383	-17,862305	-17,85425	-0,057175756	-0,0054086074	-0,0066495128	-0,0062971939
45125	216,67383	-19,812305	-19,715292	-0,063806772	-0,0062911818	-0,0075204596	-0,0072318185
45125	217,17383	-21,762304	-21,640928	-0,069777668	-0,0071354038	-0,0082702069	-0,00813701
45125	217,67383	-23,712305	-23,583117	-0,0764817	-0,0080090435	-0,0092288004	-0,0091592576
45125	218,17383	-25,662306	-25,624521	-0,083374977	-0,0089858789	-0,010097392	-0,010264035
45125	218,67383	-27,612305	-27,590612	-0,089555979	-0,0099851843	-0,011024901	-0,011159321
45125	219,17383	-29,562305	-29,477991	-0,09509176	-0,01086988	-0,011775848	-0,012212036
45125	219,67383	-31,512306	-31,502329	-0,10125935	-0,011692991	-0,012743357	-0,013198538
45125	220,17383	-33,462307	-33,45306	-0,10737032	-0,012587742	-0,013631452	-0,014140175
45125	220,67383	-35,412304	-35,360401	-0,11286288	-0,013342933	-0,014481669	-0,015070754
45125	221,17383	-37,362305	-37,369053	-0,11898875	-0,014232559	-0,015306551	-0,016171256
45125	221,67383	-39,312305	-39,254593	-0,12389272	-0,015042806	-0,016265294	-0,017053796
45125	222,17383	-41,262306	-41,115616	-0,12888163	-0,015850095	-0,017145934	-0,017916502
45125	222,67383	-43,212307	-43,218269	-0,13540238	-0,016719969	-0,018055769	-0,019034473
45125	223,17383	-45,162304	-45,027763	-0,14010221	-0,017368259	-0,018882742	-0,019872803
45125	223,67383	-47,112305	-47,0714	-0,14608353	-0,018275186	-0,019781169	-0,020891318
45125	224,17383	-49,062305	-49,087353	-0,15104264	-0,019009551	-0,020722317	-0,021846006
45125	224,67383	-51,012306	-50,914574	-0,15621781	-0,019739207	-0,021502359	-0,022713866
45125	225,17383	-52,962307	-52,892811	-0,16122013	-0,02060711	-0,022383548	-0,023604341
45125	225,67383	-54,912308	-54,960106	-0,16656816	-0,021454604	-0,023310332	-0,024582747
45125	226,17383	-56,862305	-56,879333	-0,17165542	-0,022224825	-0,024140386	-0,025413508
45125	226,67383	-58,812305	-58,736256	-0,17680824	-0,022963222	-0,025073122	-0,02629941
45125	227,17383	-60,762306	-60,634781	-0,18119663	-0,023681449	-0,025832552	-0,027071785
45125	227,67383	-62,712307	-62,730106	-0,18695295	-0,024476172	-0,026704626	-0,028019737
45125	228,17383	-64,662308	-64,692238	-0,1917094	-0,02529374	-0,027559368	-0,028900834
45125	228,67383	-66,612305	-66,540054	-0,19623488	-0,026019856	-0,028392924	-0,029641718
45125	229,17383	-68,562309	-68,494301	-0,20080358	-0,026800789	-0,029162055	-0,030581722
45125	229,67383	-70,512306	-70,532692	-0,20599216	-0,027513877	-0,030097658	-0,031409752
45125	230,17383	-72,462303	-72,395317	-0,21041781	-0,028252708	-0,03081247	-0,032186944
45125	230,67383	-74,412308	-74,349205	-0,21538138	-0,028969724	-0,031670306	-0,033052992
45125	231,17383	-76,362305	-76,407799	-0,22063702	-0,029745847	-0,03256185	-0,033892237
45125	231,67383	-78,312309	-78,343697	-0,22508651	-0,030478835	-0,033414789	-0,034614075
45125	232,17383	-80,262306	-80,160477	-0,22917092	-0,031196211	-0,034193322	-0,035390705
45125	232,67383	-82,212303	-82,21936	-0,23459047	-0,031917024	-0,035142243	-0,036204387
45125	233,17383	-84,162308	-84,081543	-0,2385661	-0,032615185	-0,035735752	-0,03709989
45125	233,67383	-86,112305	-86,091942	-0,24283528	-0,033348743	-0,036552209	-0,037831713
45125	234,17383	-88,062309	-88,085701	-0,24833381	-0,034057871	-0,037485708	-0,038717061
45125	234,67383	-90,012306	-89,948265	-0,25177151	-0,034768015	-0,038108457	-0,039513305
45125	235,17383	-91,962303	-91,99115	-0,25691241	-0,03549803	-0,039036378	-0,040399157
45125	235,67383	-93,912308	-93,980026	-0,26088357	-0,036228091	-0,039873485	-0,041127503
45125	236,17383	-95,862305	-95,819145	-0,26493669	-0,03678545	-0,040559985	-0,041853182
45125	236,67383	-97,812309	-97,76828	-0,26990622	-0,037550725	-0,041327361	-0,042678326
45125	237,17383	-99,762306	-99,644371	-0,27386099	-0,038213689	-0,04211333	-0,043401551
45125	237,67383	-101,71231	-101,73834	-0,27844906	-0,038953055	-0,042909943	-0,044252932
45125	238,17383	-103,66231	-103,69943	-0,28309226	-0,039630346	-0,043716963	-0,04503772
45125	238,67383	-105,6123	-105,53957	-0,28635412	-0,040365979	-0,044527121	-0,045833483
45125	239,17383	-107,56231	-107,47428	-0,29062778	-0,040971674	-0,045306183	-0,046595924
45125	239,67383	-109,51231	-109,5555	-0,29535294	-0,041743193	-0,046076134	-0,047426801
45125	240,17383	-111,46231	-111,52296	-0,29968172	-0,042317916	-0,046805065	-0,048309915
45125	240,67383	-113,41231	-113,39595	-0,30392557	-0,042993952	-0,047658656	-0,04903188
45125	241,17383	-115,3623	-115,26151	-0,30712336	-0,043623745	-0,048313249	-0,049705274
45125	241,67383	-117,31231	-117,23626	-0,31161755	-0,044348396	-0,049104724	-0,050451864
45125	242,17383	-118,4	-118,49024	-0,31455308	-0,044887964	-0,049625497	-0,051032957
45125	242,67383	-118,4	-118,42411	-0,31416267	-0,044924147	-0,049726021	-0,051102184
45125	243,17383	-118,4	-118,50481	-0,31462014	-0,044992071	-0,049699932	-0,051137097
45125	243,67383	-118,4	-118,48584	-0,31554103	-0,044967987	-0,049796294	-0,051183213
45125	244,17383	-118,4	-118,42825	-0,31519085	-0,044918831	-0,049777459	-0,051215656
45125	244,67383	-118,4	-118,39581	-0,31539202	-0,044975679	-0,04974262	-0,05121984
45125	245,17383	-118,4	-118,49407	-0,31543374	-0,045042913	-0,04996568	-0,051343575
45125	245,67383	-118,4	-118,41037	-0,31557381	-0,045034204	-0,049882658	-0,051301215
45125	246,17383	-118,4	-118,46202	-0,31601936	-0,045071524	-0,049869798	-0,051419359
45125	246,67383	-118,4	-118,40675	-0,31551421	-0,045088213	-0,049941462	-0,051333182
45125	247,17383	-118,4	-118,46899	-0,31620413	-0,045078188	-0,049953021	-0,051421318
45125	247,67383	-118,4	-118,39561	-0,31618327	-0,045037653	-0,049927313	-0,051399391
45125	248,17383	-118,4	-118,49086	-0,31661987	-0,045110144	-0,049894698	-0,051397707
45125	248,67383	-118,4	-118,44119	-0,31647235	-0,045136038	-0,050005227	-0,051476251
45125	249,17383	-118,4	-118,49438	-0,31668991	-0,045093786	-0,049986824	-0,051510222
45125	249,67383	-118,4	-118,39806	-0,31646639	-0,045158822	-0,049957924	-0,051452346
45125	250,17383	-118,4	-118,40746	-0,3163442	-0,04510266	-0,049953848	-0,05157391
45125	250,67383	-118,4	-118,46476	-0,31689405	-0,045147095	-0,049955614	-0,051666263
45125	251,17383	-118,4	-118,46596	-0,3168419	-0,045120917	-0,050007872	-0,051501729
45125	251,67383	-118,4	-118,42704	-0,31713098	-0,045185179	-0,050040383	-0,051655047
45125	252,17383	-118,4	-118,38161	-0,3167823	-0,045214385	-0,049962256	-0,051644843
45125	252,67383	-118,4	-118,4278	-0,31739473	-0,045104496	-0,050010122	-0,051617086
45125	253,17383	-118,4	-118,4902	-0,31708032	-0,045232899	-0,050092645	-0,051710416
45125	253,67383	-118,4	-118,40368	-0,31662136	-0,045162182	-0,050049603	-0,05171372
45125	254,17383	-118,4	-118,43317	-0,31746924	-0,045247465	-0,050080527	-0,051666643
45125	254,67383	-118,4	-118,46973	-0,31742603	-0,04521095	-0,050160412	-0,051745918
45125	255,17383	-118,4	-118,46642	-0,3167212	-0,045183625	-0,050073087	-0,051692773
45125	255,67383	-118,4	-118,39137	-0,31683743	-0,045221575	-0,050082598	-0,051675353
45125	256,17383	-118,4	-118,41784	-0,3173992	-0,045135051	-0,050093267	-0,051681627
45125	256,67383	-118,4	-118,46317	-0,3174901	-0,045186762	-0,050212346	-0,051742334
45125	257,17383	-118,4	-118,45947	-0,31777769	-0,045254041	-0,0501961	-0,051761843
45125	257,67383	-118,4	-118,41043	-0,31773448	-0,045246989	-0,050128389	-0,051706117
45125	258,17383	-118,4	-118,45184	-0,3177464	-0,045222722	-0,050255403	-0,051778864
45125	258,67383	-118,4	-118,40928	-0,31771362	-0,045194156	-0,050181974	-0,051714011
45125	259,17383	-118,4	-118,35836	-0,31754673	-0,045237605	-0,050141945	-0,051752493
45125	259,67383	-118,4	-118,44178	-0,31760782	-0,045304809	-0,050189923	-0,051854279
45125	260,17383	-118,4	-118,46509	-0,3180474	-0,045272462	-0,050231669	-0,051846445
45125	260,67383	-118,4	-118,44986	-0,31795949	-0,045312338	-0,050211959	-0,051844589
45125	261,17383	-118,4	-118,37085	-0,31755716	-0,045234468	-0,050149124	-0,051848695
45125	261,67383	-118,4	-118,36826	-0,31778216	-0,04527013	-0,050191857	-0,051803365
45125	262,17383	-117,57735	-117,7541	-0,31650811	-0,045077935	-0,050043907	-0,05155962
45125	262,67383	-115,62734	-115,75161	-0,31332225	-0,044499237	-0,04931552	-0,050980631
45125	263,17383	-113,67735	-113,67277	-0,3087759	-0,043843221	-0,048636764	-0,05030261
45125	263,67383	-111,72735	-111,81612	-0,30611604	-0,043206692	-0,047897998	-0,049622934
45125	264,17383	-109,77734	-109,91042	-0,30255318	-0,042588789	-0,047204942	-0,04891764
45125	264,67383	-107,82735	-107,91927	-0,29862821	-0,041979451	-0,046570476	-0,048193604
45125	265,17383	-105,87734	-106,02171	-0,29508621	-0,041379403	-0,045865644	-0,047577672
45125	265,67383	-103,92735	-103,95303	-0,2910316	-0,040712573	-0,045095291	-0,046798095
45125	266,17383	-101,97735	-102,01925	-0,28728992	-0,039995361	-0,044461541	-0,04607958
45125	266,67383	-100,02734	-100,19854	-0,28355569	-0,039559364	-0,043760393	-0,045510046
45125	267,17383	-98,077347	-98,169075	-0,27937889	-0,038804755	-0,042987235	-0,044746727
45125	267,67383	-96,127342	-96,112747	-0,2755478	-0,038138416	-0,042183019	-0,044023417
45125	268,17383	-94,177345	-94,278793	-0,27201921	-0,037457928	-0,041530136	-0,043278351
45125	268,67383	-92,227348	-92,232483	-0,26754588	-0,03680934	-0,040755838	-0,042643458
45125	269,17383	-90,277344	-90,397316	-0,26406795	-0,036187079	-0,040182713	-0,04196354
45125	269,67383	-88,327347	-88,430573	-0,26043355	-0,035444871	-0,03939325	-0,041131012
45125	270,17383	-86,377342	-86,369499	-0,25558621	-0,034729332	-0,03855427	-0,040509503
45125	270,67383	-84,427345	-84,477425	-0,25165081	-0,034191154	-0,037789352	-0,039763942
45125	271,17383	-82,477341	-82,616226	-0,24784356	-0,033481564	-0,037063256	-0,039109338
45125	271,67383	-80,527344	-80,672935	-0,24369061	-0,032698046	-0,036261294	-0,038261157
45125	272,17383	-78,577347	-78,592857	-0,23893416	-0,032084838	-0,035425588	-0,037422612
45125	272,67383	-76,627342	-76,726959	-0,23487806	-0,031363159	-0,0346536	-0,036786325
45125	273,17383	-74,677345	-74,743729	-0,23045093	-0,030589486	-0,033852708	-0,035900667
45125	273,67383	-72,727341	-72,868195	-0,22582263	-0,029974498	-0,033089388	-0,035208993
45125	274,17383	-70,777344	-70,778885	-0,221093	-0,029232202	-0,032248486	-0,034423143
45125	274,67383	-68,827347	-68,921394	-0,21720678	-0,028560948	-0,031403441	-0,033561692
45125	275,17383	-66,877342	-66,884132	-0,21197051	-0,02781928	-0,030532029	-0,032802518
45125	275,67383	-64,927345	-65,04525	-0,20790994	-0,027153388	-0,02981557	-0,032027561
45125	276,17383	-62,977345	-63,161068	-0,20305067	-0,026410226	-0,028949173	-0,031328946
45125	276,67383	-61,027344	-61,042427	-0,19775778	-0,025569828	-0,028091786	-0,030474646
45125	277,17383	-59,077343	-59,231167	-0,19361079	-0,024851168	-0,02725525	-0,02964036
45125	277,67383	-57,127342	-57,270573	-0,18862635	-0,024148777	-0,026356492	-0,028739978
45125	278,17383	-55,177345	-55,201252	-0,1829803	-0,023350051	-0,025499625	-0,027847959
45125	278,67383	-53,227345	-53,369602	-0,179331	-0,022718329	-0,024700325	-0,027022144
45125	279,17383	-51,277344	-51,387379	-0,17337799	-0,021882504	-0,023785526	-0,02616651
45125	279,67383	-49,327343	-49,329475	-0,16811192	-0,021017993	-0,022807064	-0,025148891
45125	280,17383	-47,377342	-47,45612	-0,16253889	-0,020235641	-0,022015492	-0,024269883
45125	280,67383	-45,427345	-45,594128	-0,15708804	-0,019463239	-0,021142198	-0,02342676
45125	281,17383	-43,477345	-43,589802	-0,1522705	-0,018514328	-0,020184368	-0,022441804
45125	281,67383	-41,527344	-41,535591	-0,14599115	-0,01782359	-0,019280771	-0,021447726
45125	282,17383	-39,577343	-39,664234	-0,14044791	-0,016844351	-0,018376416	-0,020575976
45125	282,67383	-37,627342	-37,776024	-0,13521314	-0,016084693	-0,017436951	-0,019603597
45125	283,17383	-35,677341	-35,758499	-0,12916774	-0,015219599	-0,016532825	-0,018688917
45125	283,67383	-33,727345	-33,79464	-0,12302846	-0,01431808	-0,015524872	-0,017675793
45125	284,17383	-31,777344	-31,909981	-0,1177147	-0,013414185	-0,014567771	-0,016705809
45125	284,67383	-29,827343	-29,947783	-0,11152029	-0,012552079	-0,013688402	-0,015642155
45125	285,17383	-27,877342	-27,926899	-0,10550767	-0,011614298	-0,012673247	-0,014684224
45125	285,67383	-25,927343	-26,047762	-0,098882616	-0,010732815	-0,011630226	-0,013549284
45125	286,17383	-23,977343	-24,118406	-0,092342496	-0,0097623449	-0,010728232	-0,012445079
45125	286,67383	-22,027344	-22,074305	-0,084863603	-0,008738013	-0,0096643567	-0,011448338
45125	287,17383	-20,077343	-20,125307	-0,078326464	-0,0077013108	-0,0087194666	-0,010300958
45125	287,67383	-18,127342	-18,257936	-0,071799755	-0,0067251781	-0,0077349897	-0,0093760891
45125	288,17383	-16,177343	-16,263304	-0,064453483	-0,0057675117	-0,0067373356	-0,0082500586
45125	288,67383	-14,227343	-14,305067	-0,056569278	-0,0047125672	-0,0057462729	-0,0072581288
45125	289,17383	-12,277343	-12,347391	-0,049088895	-0,0037444273	-0,0046508037	-0,0061137076
45125	289,67383	-10,327343	-10,487775	-0,040511787	-0,0028406968	-0,0035590359	-0,0050692544
45125	290,17383	-8,3773422	-8,5208235	-0,031468272	-0,0019161542	-0,0024610539	-0,0040112743
45125	290,67383	-6,4273424	-6,5448785	-0,020551682	-0,0010796417	-0,0012245951	-0,0028879577
45125	291,17383	-4,4773426	-4,9148164	-0,011570752	-0,00053780386	-0,0001127342	-0,0018576559
45125	291,67383	-2,5273426	-3,0657854	0,00033229589	-1,2251338e-06	0,0011199267	-0,00063389569
45125	292,17383	-1	-1,1972785	0,01758188	0,00022793465	0,0024860154	0,00093133037
45125	292,67383	-1	-1,0395348	0,019805133	0,00037146953	0,0026983263	0,0011812983
45125	293,17383	-1	-1,0216888	0,020809472	0,00038357149	0,0028781267	0,0012069094
45125	293,67383	-1	-0,99302828	0,020904839	0,00038015007	0,0030117477	0,0013825131
45125	294,17383	-1	-0,89667922	0,022335351	0,00046927109	0,0030780535	0,0015085754
45125	294,67383	-1	-0,92249548	0,022368133	0,00044700952	0,003080881	0,0015388044
45125	295,17383	-1	-0,91523862	0,022920966	0,00037006513	0,0030692795	0,0014666413
45125	295,67383	-1	-0,86742824	0,023165345	0,00045799089	0,0032423914	0,0016455469
45125	296,17383	-1	-0,88924354	0,023408234	0,00051050732	0,0031869248	0,0016053828
45125	296,67383	-1	-0,88883376	0,023420155	0,00050875923	0,0032321895	0,0015809615
45125	297,17383	-1	-0,89735723	0,023339689	0,00049374386	0,0032594413	0,0017174199
45125	297,67383	-1	-0,886742	0,023782253	0,00052280346	0,0032671411	0,0016381402
45125	298,17383	-1	-0,89805758	0,023390353	0,00047747351	0,0032440941	0,0016647923
45125	298,67383	-1	-0,9303298	0,023706257	0,00047254309	0,0032559577	0,001581958
45125	299,17383	-1	-0,90459359	0,023645163	0,00058834814	0,0033256635	0,0016426169
45125	299,67383	-1	-0,89027172	0,023840368	0,00050418742	0,0032872509	0,0017880957
45125	300,17383	-1	-0,93670005	0,02348125	0,0004935945	0,0033481992	0,0017136943
45125	300,67383	-1	-0,92447734	0,023978949	0,00057895045	0,0033924545	0,0017286415
45125	301,17383	-1	-0,91006231	0,02361089	0,00064640754	0,0033417172	0,0017974582
45125	301,67383	-1	-0,91658163	0,023989379	0,00056215713	0,0034154158	0,0017437894
45125	302,17383	-1	-0,93363041	0,023861229	0,00059088803	0,0034648092	0,0017857606
45125	302,67383	-1	-0,91356224	0,024135411	0,00064108864	0,0034011542	0,0017661731
45125	303,17383	-1	-0,91904402	0,024105608	0,00065456511	0,0034076939	0,0017479985
45125	303,67383	-1	-0,93545204	0,024132431	0,00058912503	0,0034471161	0,0016740432
45125	304,17383	-1	-0,92884338	0,024138391	0,00064213446	0,0033796094	0,001747344
45125	304,67383	-1	-0,94155407	0,023892522	0,00072702731	0,0033962969	0,0017448231
45125	305,17383	-1	-0,93609464	0,024065375	0,00067146297	0,0034739049	0,0017014614
45125	305,67383	-1	-0,90754592	0,024013221	0,00073927862	0,0035056516	0,0018234187
45125	306,17383	-1	-0,95507318	0,023531914	0,00065644761	0,0034803776	0,0017132035
45125	306,67383	-1	-0,94566679	0,024305284	0,00057009066	0,0034528081	0,001763139
45125	307,17383	-1	-0,93856269	0,023885071	0,00069910323	0,0034502465	0,0017638678
45125	307,67383	-1	-0,9547472	0,023952127	0,00065129308	0,003423437	0,0017648643
45125	308,17383	-1	-0,93151069	0,02400279	0,00067817135	0,0035736973	0,0018275608
45125	308,67383	-1	-0,96275657	0,024026632	0,00074249087	0,0034936895	0,0017352153
45125	309,17383	-1	-0,98740125	0,023728609	0,00065752334	0,0035150503	0,0017159921
45125	309,67383	-1	-0,9476468	0,023894012	0,00071872032	0,0035865423	0,0018183843
45125	310,17383	-1	-0,97677857	0,024171174	0,00066828064	0,0034686218	0,0017164383
45125	310,67383	-1	-0,95137954	0,024071336	0,00066675671	0,0036051243	0,0017822953
45125	311,17383	-1	-0,95775163	0,024437904	0,00073638017	0,0035527919	0,001775082
45125	311,67383	-1	-0,96166503	0,024342537	0,00068071124	0,0035455364	0,0017645817
45125	312,17383	-1	-0,97384679	0,024060905	0,00067649799	0,0035407369	0,0017759594
45125	312,67383	-1	-0,94729662	0,024621189	0,00072151417	0,0035843081	0,0017990792
45125	313,17383	-1	-0,94854271	0,02450943	0,00075690862	0,0035003442	0,0017986703
45125	313,67383	-1	-0,97901934	0,024205446	0,000789285	0,0035254844	0,0018461816
45125	314,17383	-1	-0,94652736	0,024464726	0,00079721853	0,0036017373	0,0019004749
45125	314,67383	-1	-1,0033474	0,02425611	0,00075152999	0,0034713154	0,0018300669
45125	315,17383	-1	-0,94749779	0,024214387	0,00077084824	0,003494682	0,0019528719
45125	315,67383	-1	-0,9418987	0,024092197	0,00071262452	0,0035062649	0,00190806
45125	316,17383	-1	-0,9508245	0,024519861	0,00080465892	0,0034840286	0,0019731065
45125	316,67383	-1	-0,96984768	0,024402142	0,00074855681	0,0034939998	0,0019594904
45125	317,17383	-1	-0,95906484	0,024436414	0,00076814397	0,0035416551	0,0019154965
45125	317,67383	-1	-0,97037107	0,0242576	0,00075731199	0,0035986106	0,0018498403
45125	318,17383	-1	-0,98006797	0,024089217	0,00075495138	0,0035718645	0,0019039626
45125	318,67383	-1	-0,96911937	0,024473667	0,00075430895	0,0035508771	0,001878649
45125	319,17383	-1	-0,97154826	0,024874508	0,00079367758	0,0035999843	0,0019350692
45125	319,67383	-1	-0,97742307	0,024108589	0,00086613977	0,0036066987	0,0019239964
45125	320,17383	-1	-0,97432733	0,02464205	0,00075677416	0,0035950525	0,0019446473
45125	320,67383	-1	-0,9751581	0,024595857	0,00080946984	0,0035753779	0,0018807683
45125	321,17383	-1	-0,96474028	0,024604797	0,00084732944	0,0035816499	0,0019417768
45125	321,67383	-1	-0,96404737	0,024531782	0,00080289593	0,0036725323	0,0018566446
45125	322,17383	-1	-0,98217463	0,024339557	0,0007892701	0,0036383839	0,00190223
45125	322,67383	-1	-1,0004025	0,024469197	0,00077225268	0,0036568209	0,001882226
45125	323,17383	-1	-0,97624588	0,024595857	0,00081248785	0,0036931273	0,0019043493
45125	323,67383	-1	-0,97532201	0,024355948	0,00083282206	0,0035781383	0,001826304
45125	324,17383	-1	-0,99625814	0,024472177	0,00082476909	0,003606786	0,0019383932
45125	324,67383	-1	-0,96880084	0,024835765	0,00086769357	0,0036562667	0,0019694553
45125	325,17383	-1	-0,98166054	0,024598837	0,00082654704	0,0036628065	0,0019468336
45125	325,67383	-1	-0,99368954	0,024849176	0,00077810942	0,0035866057	0,0018630177
45125	326,17383	-1	-0,95569527	0,024448335	0,00091598177	0,0036070519	0,001989712
45125	326,67383	-1	-1,0041296	0,024843216	0,00080297067	0,0036401537	0,0020182084
45125	327,17383	-1	-0,96331906	0,025264919	0,00086739479	0,0036797989	0,0020347915
45125	327,67383	-1	-0,9584837	0,02489388	0,0008924054	0,0037104972	0,0020528845
45125	328,17383	-1	-0,98003262	0,024934113	0,00089757488	0,003732689	0,0019947984
45125	328,67383	-1	-0,97054803	0,024844706	0,00081274187	0,0036986577	0,0019545599
45125	329,17383	-1	-0,97848105	0,024858117	0,00087568682	0,0036708927	0,0020468759
45125	329,67383	-1	-0,98139608	0,025358796	0,00086389866	0,0037139379	0,0019931402
45125	330,17383	-1	-0,99036282	0,025057793	0,00079745753	0,0036635797	0,0019981822
45125	330,67383	-1	-0,95720029	0,025159121	0,00084216002	0,0036938877	0,0019716639
45125	331,17383	-1	-1,0025557	0,025141239	0,00086491462	0,0037293651	0,0019279971
45125	331,67383	-1	-0,9875316	0,024971366	0,00086322631	0,0037334007	0,0019287111
45125	332,17383	-1	-0,97082925	0,024573505	0,00093730207	0,0037457813	0,0020159699
45125	332,67383	-1	-0,96943605	0,02514869	0,00087396865	0,003680574	0,0019755531
45125	333,17383	-1	-1,0033734	0,02489835	0,00091593695	0,0037421936	0,0019377685
45125	333,67383	-1	-0,97807312	0,024853647	0,00085638353	0,0037151573	0,0019749952
45125	334,17383	-1	-1,0087639	0,025044382	0,0008273538	0,0036824851	0,0019830193
45125	334,67383	-1	-0,97066534	0,024998188	0,0009089298	0,0037996881	0,0019762297
45125	335,17383	-1	-0,96398032	0,02541244	0,00095542509	0,0037548807	0,0019795538
45125	335,67383	-1	-1,0154228	0,025071204	0,00088935753	0,0037095491	0,0019280566
45125	336,17383	-1	-0,98063052	0,024656951	0,00089496025	0,003727233	0,0019484473
45125	336,67383	-1	-0,97314644	0,025177002	0,00085157261	0,0037616582	0,0019780071
45125	337,17383	-1	-0,97600931	0,024873018	0,00096374704	0,0037250896	0,0019878603
45125	337,67383	-1	-1,0011196	0,025337934	0,00086918764	0,0037864768	0,0019849229
45125	338,17383	-1	-0,97825754	0,025242567	0,00091424864	0,0037559941	0,0018825755
45125	338,67383	-1	-0,98437256	0,024817884	0,00088136428	0,0037691591	0,0019238996
45125	339,17383	-1	-0,97900259	0,024969876	0,00086358492	0,0038546564	0,0019353889
45125	339,67383	-1	-1,0122787	0,02489686	0,00086658797	0,0037359234	0,0019311279
45125	340,17383	-1	-0,96232069	0,02540648	0,00091435324	0,0037888971	0,001938542
45125	340,67383	-1	-0,97416157	0,025576353	0,00098544091	0,0037504472	0,0020106083
45125	341,17383	-1	-0,97111237	0,024700165	0,0009625518	0,0037693914	0,0019664064
45125	341,67383	-1	-1,0074153	0,025576353	0,00093770551	0,0038013777	0,0020012755
45125	342,17383	-1	-0,97517669	0,025206804	0,00094096258	0,0037670902	0,0019961891
45125	342,67383	-1	-0,96743739	0,025099516	0,00094637106	0,0038202105	0,0020404062
45125	343,17383	-1	-1,0052062	0,025296211	0,0009738768	0,0038177271	0,0019467518
45125	343,67383	-1	-0,99250114	0,025005639	0,00088970119	0,0038115312	0,0019078519
45125	344,17383	0	0,12441352	2,1569223	0,0007617643	0,0044141375	0,0028002227

Datenerfassung						Zeit:	344,41602	s	18.07.2023 10:42:40
Datum	Laufzeit	Ch 1 Weg	Ch 1 Kraft	Ch 1 Kraft Sollwert
d	s	mm	kN	kN
45125	344,40332	4,5052066	0,13371743	0,085215583
45125	22,685547	-0,34055114	-118,58144	-118,4
