MTS793|MPT|DEU|1|2|,|.|:|49|1|1|A

Bediener Information			Würfeldruckfestigkeit (150mm)			Zeit:	14,09375	s	19.03.2024 08:59:58
Datum	19.03.2024
Prüfer: 	Azubi
Probe	20240220_7188_M02_W05
Protokoll Seite	-
Breite [mm]:	150
Höhe [mm]:	150
Länge Einfüllseite [mm]:	149,3
Masse [g]:	7919
Bediener Information Ende

Datenerfassung						Zeit:	170,44922	s	19.03.2024 09:02:34
Ch 1 Weg	Ch 1 Prüfkraft
mm	kN
4,8960066	4,5316305
-1,2842387	-1480,6121

Datenerfassung						Zeit:	170,45508	s	19.03.2024 09:02:34
Datum	Tageszeit	Laufzeit	Ch 1 Weg	Ch 1 Prüfkraft
d	d	s	mm	kN
45370	0,35691091	37,103516	-0,00196633	-17,475447
45370	0,35691324	37,303711	-0,0044085775	-19,280575
45370	0,35691556	37,503906	-0,0085053472	-21,301916
45370	0,35691786	37,704102	-0,012784129	-23,833475
45370	0,35692018	37,904297	-0,015803743	-25,81056
45370	0,35692251	38,104492	-0,019432055	-28,096548
45370	0,35692483	38,304688	-0,021082101	-30,543766
45370	0,35692713	38,504883	-0,023933129	-32,875797
45370	0,35692945	38,705078	-0,027424186	-35,259537
45370	0,35693178	38,905273	-0,030775003	-37,845184
45370	0,3569341	39,105469	-0,034218319	-40,254257
45370	0,3569364	39,305664	-0,036347266	-42,586586
45370	0,35693872	39,505859	-0,039165474	-45,169853
45370	0,35694104	39,706055	-0,040606655	-47,437511
45370	0,35694337	39,90625	-0,043993276	-49,621723
45370	0,35694566	40,106445	-0,047178492	-52,041969
45370	0,35694799	40,306641	-0,048992649	-54,231396
45370	0,35695031	40,506836	-0,052127138	-56,795441
45370	0,35695264	40,707031	-0,055263121	-59,028824
45370	0,35695493	40,907227	-0,058970504	-60,94154
45370	0,35695726	41,107422	-0,062512286	-63,074936
45370	0,35695958	41,307617	-0,066122696	-65,469704
45370	0,35696191	41,507813	-0,06878873	-67,329964
45370	0,3569642	41,708008	-0,071208596	-69,666016
45370	0,35696653	41,908203	-0,0744147	-71,9459
45370	0,35696885	42,108398	-0,079082869	-74,087936
45370	0,35697117	42,308594	-0,081001453	-76,093781
45370	0,35697347	42,508789	-0,084725253	-78,332687
45370	0,35697579	42,708984	-0,087316684	-80,659653
45370	0,35697812	42,90918	-0,089955866	-82,715858
45370	0,35698044	43,109375	-0,093582682	-85,018387
45370	0,35698274	43,30957	-0,096733585	-87,380516
45370	0,35698506	43,509766	-0,099578649	-89,243019
45370	0,35698739	43,709961	-0,10228646	-91,746414
45370	0,35698971	43,910156	-0,10543437	-94,056389
45370	0,35699201	44,110352	-0,10862108	-96,397362
45370	0,35699433	44,310547	-0,111678	-98,673958
45370	0,35699666	44,510742	-0,11304159	-100,4691
45370	0,35699898	44,710938	-0,11649386	-102,76389
45370	0,35700127	44,911133	-0,12039668	-105,23196
45370	0,3570036	45,111328	-0,12166779	-107,34301
45370	0,35700592	45,311523	-0,12464115	-109,48907
45370	0,35700825	45,511719	-0,12741758	-111,63603
45370	0,35701054	45,711914	-0,1295898	-113,68986
45370	0,35701287	45,912109	-0,13336283	-116,0809
45370	0,35701519	46,112305	-0,13457425	-118,335
45370	0,35701752	46,3125	-0,13783705	-120,58806
45370	0,35701981	46,512695	-0,14011817	-122,73576
45370	0,35702214	46,712891	-0,14293936	-124,98956
45370	0,35702446	46,913086	-0,14468339	-127,12683
45370	0,35702679	47,113281	-0,14713161	-129,49612
45370	0,35702908	47,313477	-0,14926355	-131,76854
45370	0,3570314	47,513672	-0,15173712	-133,97868
45370	0,35703373	47,713867	-0,15419877	-136,40207
45370	0,35703605	47,914063	-0,15705875	-138,29614
45370	0,35703835	48,114258	-0,15924737	-140,68182
45370	0,35704067	48,314453	-0,16212077	-143,0605
45370	0,357043	48,514648	-0,16384093	-145,25484
45370	0,35704532	48,714844	-0,16609968	-147,48749
45370	0,35704762	48,915039	-0,16820028	-149,77898
45370	0,35704994	49,115234	-0,17103043	-152,12904
45370	0,35705227	49,31543	-0,17239253	-154,5107
45370	0,35705459	49,515625	-0,17542259	-156,68285
45370	0,35705689	49,71582	-0,17745009	-158,85916
45370	0,35705921	49,916016	-0,17846608	-161,1906
45370	0,35706154	50,116211	-0,18080837	-163,2906
45370	0,35706386	50,316406	-0,18407415	-165,49181
45370	0,35706615	50,516602	-0,18421438	-167,88747
45370	0,35706848	50,716797	-0,18638362	-170,29431
45370	0,3570708	50,916992	-0,18950468	-172,35335
45370	0,35707313	51,117188	-0,1908817	-174,40569
45370	0,35707542	51,317383	-0,19252728	-176,79359
45370	0,35707775	51,517578	-0,19476216	-179,04636
45370	0,35708007	51,717773	-0,19750427	-181,50803
45370	0,3570824	51,917969	-0,19945866	-183,67197
45370	0,35708469	52,118164	-0,20034486	-185,49185
45370	0,35708702	52,318359	-0,20259315	-188,1526
45370	0,35708934	52,518555	-0,20499811	-190,41132
45370	0,35709167	52,71875	-0,20623191	-192,15953
45370	0,35709396	52,918945	-0,20834891	-194,34344
45370	0,35709628	53,119141	-0,21019888	-196,58531
45370	0,35709861	53,319336	-0,21153115	-198,3286
45370	0,35710093	53,519531	-0,21339902	-200,75555
45370	0,35710323	53,719727	-0,21684234	-202,90773
45370	0,35710555	53,919922	-0,21755099	-204,86411
45370	0,35710788	54,120117	-0,21856996	-207,08766
45370	0,3571102	54,320313	-0,22101668	-209,57079
45370	0,3571125	54,520508	-0,22267866	-211,87332
45370	0,35711482	54,720703	-0,22332317	-213,7829
45370	0,35711715	54,920898	-0,2268351	-216,38106
45370	0,35711947	55,121094	-0,22784364	-218,7265
45370	0,35712177	55,321289	-0,22907595	-220,27698
45370	0,35712409	55,521484	-0,23126309	-223,05484
45370	0,35712641	55,72168	-0,23219851	-225,13713
45370	0,35712874	55,921875	-0,2330295	-226,79504
45370	0,35713103	56,12207	-0,23546727	-229,41064
45370	0,35713336	56,322266	-0,23652056	-231,61795
45370	0,35713568	56,522461	-0,2382631	-233,76581
45370	0,35713801	56,722656	-0,24138863	-236,18127
45370	0,3571403	56,922852	-0,24269703	-238,16985
45370	0,35714263	57,123047	-0,24343255	-240,28938
45370	0,35714495	57,323242	-0,24575843	-242,63855
45370	0,35714728	57,523438	-0,2475144	-244,79892
45370	0,35714957	57,723633	-0,24851845	-246,57976
45370	0,3571519	57,923828	-0,25190508	-249,40427
45370	0,35715422	58,124023	-0,25169918	-251,41161
45370	0,35715654	58,324219	-0,25318363	-253,60252
45370	0,35715884	58,524414	-0,2551589	-256,26627
45370	0,35716116	58,724609	-0,25605553	-258,11087
45370	0,35716349	58,924805	-0,25873202	-260,40134
45370	0,35716581	59,125	-0,26019707	-263,1254
45370	0,35716811	59,325195	-0,26170838	-265,48709
45370	0,35717043	59,525391	-0,26369709	-267,46002
45370	0,35717276	59,725586	-0,26534265	-270,27142
45370	0,35717505	59,925781	-0,26583946	-272,27637
45370	0,35717738	60,125977	-0,26642579	-274,83371
45370	0,3571797	60,326172	-0,26909927	-277,61783
45370	0,35718203	60,526367	-0,27043006	-279,42056
45370	0,35718432	60,726563	-0,27197418	-281,87106
45370	0,35718665	60,926758	-0,27440447	-284,3855
45370	0,35718897	61,126953	-0,27490279	-286,68207
45370	0,35719129	61,327148	-0,27641258	-289,03613
45370	0,35719359	61,527344	-0,27855945	-291,25031
45370	0,35719591	61,727539	-0,27953067	-292,94397
45370	0,35719824	61,927734	-0,28229964	-295,746
45370	0,35720056	62,12793	-0,28203258	-297,97357
45370	0,35720286	62,328125	-0,28384674	-300,13379
45370	0,35720518	62,52832	-0,28587872	-302,94177
45370	0,35720751	62,728516	-0,28660676	-304,87326
45370	0,35720983	62,928711	-0,28899828	-306,98056
45370	0,35721213	63,128906	-0,28985167	-309,44864
45370	0,35721445	63,329102	-0,29069459	-311,4682
45370	0,35721678	63,529297	-0,29230434	-313,79501
45370	0,3572191	63,729492	-0,29392007	-316,233
45370	0,35722139	63,929688	-0,29577154	-317,98074
45370	0,35722372	64,129883	-0,29787812	-320,80231
45370	0,35722604	64,330078	-0,29780948	-322,96387
45370	0,35722837	64,530273	-0,29993245	-325,06418
45370	0,35723066	64,730469	-0,30166307	-327,62897
45370	0,35723299	64,930664	-0,30255672	-329,38818
45370	0,35723531	65,130859	-0,3039979	-331,48224
45370	0,35723764	65,331055	-0,30581951	-334,31497
45370	0,35723993	65,53125	-0,30649683	-335,92249
45370	0,35724226	65,731445	-0,30777839	-338,40115
45370	0,35724458	65,931641	-0,30934787	-340,59998
45370	0,35724691	66,131836	-0,31036386	-342,69196
45370	0,3572492	66,332031	-0,31257933	-345,41946
45370	0,35725152	66,532227	-0,31266585	-347,44095
45370	0,35725385	66,732422	-0,31494996	-349,46274
45370	0,35725617	66,932617	-0,31594208	-352,15912
45370	0,35725847	67,132813	-0,31672683	-354,4223
45370	0,35726079	67,333008	-0,31866181	-356,49832
45370	0,35726312	67,533203	-0,31980014	-359,38065
45370	0,35726544	67,733398	-0,32100859	-361,26907
45370	0,35726774	67,933594	-0,32231399	-363,26627
45370	0,35727006	68,133789	-0,3241953	-365,53513
45370	0,35727239	68,333984	-0,32580507	-367,62143
45370	0,35727471	68,53418	-0,32644808	-370,24509
45370	0,35727701	68,734375	-0,32757148	-371,9313
45370	0,35727933	68,93457	-0,32980487	-374,00436
45370	0,35728166	69,134766	-0,3306627	-376,45932
45370	0,35728398	69,334961	-0,3317503	-378,58945
45370	0,35728627	69,535156	-0,33437905	-381,05545
45370	0,3572886	69,735352	-0,33397174	-383,34039
45370	0,35729092	69,935547	-0,33480573	-385,06906
45370	0,35729325	70,135742	-0,33805659	-387,46307
45370	0,35729554	70,335938	-0,33836094	-390,05008
45370	0,35729787	70,536133	-0,33993787	-392,29254
45370	0,35730019	70,736328	-0,34229806	-394,85971
45370	0,35730252	70,936523	-0,34242934	-396,83636
45370	0,35730481	71,136719	-0,343878	-398,80719
45370	0,35730714	71,336914	-0,34533706	-401,02597
45370	0,35730946	71,537109	-0,34585625	-403,17368
45370	0,35731179	71,737305	-0,34795088	-405,27414
45370	0,35731408	71,9375	-0,34904894	-407,52945
45370	0,3573164	72,137695	-0,35019323	-409,28928
45370	0,35731873	72,337891	-0,35146284	-411,58746
45370	0,35732105	72,538086	-0,35326803	-413,58868
45370	0,35732335	72,738281	-0,3550598	-415,62299
45370	0,35732567	72,938477	-0,35626826	-417,69873
45370	0,357328	73,138672	-0,35641298	-419,62396
45370	0,35733032	73,338867	-0,35852253	-422,07788
45370	0,35733262	73,539063	-0,35944602	-423,82846
45370	0,35733494	73,739258	-0,36135566	-426,06247
45370	0,35733727	73,939453	-0,36233583	-428,73975
45370	0,35733959	74,139648	-0,36336824	-430,00455
45370	0,35734189	74,339844	-0,3640202	-432,67441
45370	0,35734421	74,540039	-0,36599845	-434,93671
45370	0,35734653	74,740234	-0,36626551	-436,73303
45370	0,35734886	74,94043	-0,36827362	-439,17325
45370	0,35735115	75,140625	-0,36920157	-441,20233
45370	0,35735348	75,34082	-0,37034139	-443,07898
45370	0,3573558	75,541016	-0,37155282	-445,96802
45370	0,35735813	75,741211	-0,3731029	-447,96628
45370	0,35736042	75,941406	-0,37460676	-450,13513
45370	0,35736275	76,141602	-0,3763493	-452,64688
45370	0,35736507	76,341797	-0,37732947	-454,40656
45370	0,3573674	76,541992	-0,37718624	-456,8125
45370	0,35736969	76,742188	-0,37844542	-459,31128
45370	0,35737202	76,942383	-0,37980157	-461,2648
45370	0,35737434	77,142578	-0,38171867	-463,76404
45370	0,35737666	77,342773	-0,38311508	-465,96567
45370	0,35737896	77,542969	-0,38464725	-467,86453
45370	0,35738128	77,743164	-0,38628536	-470,76132
45370	0,35738361	77,943359	-0,38712233	-472,57657
45370	0,35738593	78,143555	-0,38622421	-474,53384
45370	0,35738823	78,34375	-0,38891113	-477,2934
45370	0,35739055	78,543945	-0,39011061	-479,24695
45370	0,35739288	78,744141	-0,39128324	-482,01273
45370	0,3573952	78,944336	-0,39203966	-483,63666
45370	0,3573975	79,144531	-0,39431778	-485,59946
45370	0,35739982	79,344727	-0,39514282	-488,58682
45370	0,35740215	79,544922	-0,39587682	-490,3775
45370	0,35740447	79,745117	-0,39678392	-492,48825
45370	0,35740677	79,945313	-0,39840263	-494,86441
45370	0,35740909	80,145508	-0,39961702	-496,92059
45370	0,35741141	80,345703	-0,40122381	-499,20407
45370	0,35741374	80,545898	-0,40290669	-501,41122
45370	0,35741603	80,746094	-0,40300366	-503,40826
45370	0,35741836	80,946289	-0,40430757	-506,14084
45370	0,35742068	81,146484	-0,40534744	-507,97964
45370	0,35742301	81,34668	-0,40714368	-510,52774
45370	0,3574253	81,546875	-0,40810299	-513,22723
45370	0,35742763	81,74707	-0,40887281	-514,70575
45370	0,35742995	81,947266	-0,41093463	-517,33044
45370	0,35743228	82,147461	-0,41134787	-519,57904
45370	0,35743457	82,347656	-0,41265926	-521,54596
45370	0,3574369	82,547852	-0,41433316	-524,54944
45370	0,35743922	82,748047	-0,41516566	-526,69733
45370	0,35744154	82,948242	-0,41632935	-528,42285
45370	0,35744384	83,148438	-0,41697684	-531,00702
45370	0,35744616	83,348633	-0,41907594	-532,72333
45370	0,35744849	83,548828	-0,41979206	-535,32776
45370	0,35745081	83,749023	-0,42098111	-537,48364
45370	0,35745311	83,949219	-0,42150477	-539,27087
45370	0,35745543	84,149414	-0,42305633	-542,08069
45370	0,35745776	84,349609	-0,42354867	-544,19275
45370	0,35746008	84,549805	-0,42602074	-546,51288
45370	0,35746238	84,75	-0,42836604	-549,59381
45370	0,3574647	84,950195	-0,42885837	-551,29883
45370	0,35746703	85,150391	-0,42884195	-554,22302
45370	0,35746935	85,350586	-0,43102461	-556,72192
45370	0,35747164	85,550781	-0,43166763	-558,54407
45370	0,35747397	85,750977	-0,43334451	-561,28766
45370	0,35747629	85,951172	-0,43442616	-563,36133
45370	0,35747862	86,151367	-0,43539739	-566,15942
45370	0,35748091	86,351563	-0,4353959	-568,3952
45370	0,35748324	86,551758	-0,43799925	-570,3407
45370	0,35748556	86,751953	-0,4383961	-573,19427
45370	0,35748786	86,952148	-0,43899882	-575,25183
45370	0,35749018	87,152344	-0,4411591	-578,07648
45370	0,35749251	87,352539	-0,44229743	-579,87927
45370	0,35749483	87,552734	-0,44241828	-582,27087
45370	0,35749713	87,75293	-0,44376397	-584,74536
45370	0,35749945	87,953125	-0,44541702	-586,86908
45370	0,35750178	88,15332	-0,44652995	-589,23059
45370	0,3575041	88,353516	-0,44855151	-591,39008
45370	0,35750639	88,553711	-0,44825163	-593,68097
45370	0,35750872	88,753906	-0,45010009	-595,74182
45370	0,35751104	88,954102	-0,45146668	-598,14124
45370	0,35751337	89,154297	-0,45281982	-600,71942
45370	0,35751566	89,354492	-0,45338675	-602,96564
45370	0,35751799	89,554688	-0,4544833	-604,95728
45370	0,35752031	89,754883	-0,45664507	-607,13617
45370	0,35752264	89,955078	-0,4561826	-609,37073
45370	0,35752493	90,155273	-0,45811459	-611,76746
45370	0,35752726	90,355469	-0,45892173	-614,24432
45370	0,35752958	90,555664	-0,46020922	-616,36237
45370	0,35753191	90,755859	-0,46085224	-618,71313
45370	0,3575342	90,956055	-0,46226358	-620,99243
45370	0,35753652	91,15625	-0,46375847	-623,34534
45370	0,35753885	91,356445	-0,46410161	-625,5993
45370	0,35754117	91,556641	-0,46589041	-627,82788
45370	0,35754347	91,756836	-0,46771201	-630,05383
45370	0,35754579	91,957031	-0,46823418	-632,22437
45370	0,35754812	92,157227	-0,46794626	-633,99164
45370	0,35755044	92,357422	-0,47046161	-636,00568
45370	0,35755274	92,557617	-0,47073463	-638,79071
45370	0,35755506	92,757813	-0,4726353	-640,76093
45370	0,35755739	92,958008	-0,47258756	-643,02795
45370	0,35755971	93,158203	-0,47431818	-645,33527
45370	0,35756201	93,358398	-0,47596672	-647,84076
45370	0,35756433	93,558594	-0,47647101	-649,9931
45370	0,35756665	93,758789	-0,47784802	-652,1615
45370	0,35756898	93,958984	-0,47822249	-654,44019
45370	0,35757127	94,15918	-0,47971439	-656,28705
45370	0,3575736	94,359375	-0,48111528	-658,36871
45370	0,35757592	94,55957	-0,48241025	-660,21558
45370	0,35757825	94,759766	-0,48270416	-662,35626
45370	0,35758054	94,959961	-0,4852598	-664,35394
45370	0,35758287	95,160156	-0,48608333	-666,38403
45370	0,35758519	95,360352	-0,48689494	-668,55963
45370	0,35758752	95,560547	-0,48791987	-670,85352
45370	0,35758981	95,760742	-0,48902985	-672,67383
45370	0,35759214	95,960938	-0,49049938	-674,94269
45370	0,35759446	96,161133	-0,49107674	-677,04254
45370	0,35759678	96,361328	-0,49251643	-679,15314
45370	0,35759908	96,561523	-0,49385765	-681,44318
45370	0,3576014	96,761719	-0,49394417	-683,44263
45370	0,35760373	96,961914	-0,49598211	-685,7204
45370	0,35760605	97,162109	-0,49732482	-687,98627
45370	0,35760835	97,362305	-0,49847808	-690,25366
45370	0,35761067	97,5625	-0,49917331	-692,62946
45370	0,357613	97,762695	-0,50047725	-694,68378
45370	0,35761532	97,962891	-0,5017364	-696,77496
45370	0,35761762	98,163086	-0,50264496	-699,34515
45370	0,35761994	98,363281	-0,50430846	-701,57556
45370	0,35762227	98,563477	-0,5036878	-703,74457
45370	0,35762459	98,763672	-0,50594205	-705,70435
45370	0,35762689	98,963867	-0,50727433	-708,04266
45370	0,35762921	99,164063	-0,50839478	-710,37854
45370	0,35763153	99,364258	-0,50940478	-712,31036
45370	0,35763386	99,564453	-0,50998515	-714,36072
45370	0,35763615	99,764648	-0,51161128	-716,64899
45370	0,35763848	99,964844	-0,51314199	-718,77209
45370	0,3576408	100,16504	-0,51386112	-720,98462
45370	0,35764313	100,36523	-0,5144161	-723,50946
45370	0,35764542	100,56543	-0,51591396	-725,73749
45370	0,35764775	100,76563	-0,51598406	-728,30139
45370	0,35765007	100,96582	-0,51726264	-730,48376
45370	0,3576524	101,16602	-0,51861578	-732,69183
45370	0,35765469	101,36621	-0,51984662	-734,99823
45370	0,35765702	101,56641	-0,52070445	-737,1181
45370	0,35765934	101,7666	-0,52203971	-739,40393
45370	0,35766166	101,9668	-0,52397323	-741,54108
45370	0,35766396	102,16699	-0,52471173	-743,89661
45370	0,35766628	102,36719	-0,52659154	-746,16516
45370	0,35766861	102,56738	-0,52706146	-748,73114
45370	0,35767093	102,76758	-0,52770299	-751,04681
45370	0,35767323	102,96777	-0,52844745	-753,71887
45370	0,35767555	103,16797	-0,53038394	-756,13672
45370	0,35767788	103,36816	-0,53182662	-758,58441
45370	0,3576802	103,56836	-0,53288287	-760,76831
45370	0,3576825	103,76855	-0,5338347	-763,51697
45370	0,35768482	103,96875	-0,53456724	-765,86688
45370	0,35768715	104,16895	-0,53567421	-768,20636
45370	0,35768947	104,36914	-0,53713483	-770,34888
45370	0,35769176	104,56934	-0,53907877	-772,89996
45370	0,35769409	104,76953	-0,53849095	-775,09308
45370	0,35769641	104,96973	-0,53984261	-777,46777
45370	0,35769874	105,16992	-0,54125398	-779,78967
45370	0,35770103	105,37012	-0,54212672	-782,07727
45370	0,35770336	105,57031	-0,5436753	-784,31812
45370	0,35770568	105,77051	-0,54455256	-786,68085
45370	0,35770801	105,9707	-0,54627573	-788,67609
45370	0,3577103	106,1709	-0,54685605	-791,05341
45370	0,35771263	106,37109	-0,54785413	-793,40546
45370	0,35771495	106,57129	-0,54840314	-795,65137
45370	0,35771728	106,77148	-0,55057836	-797,73633
45370	0,35771957	106,97168	-0,55133474	-800,10199
45370	0,35772189	107,17188	-0,55300122	-802,26538
45370	0,35772422	107,37207	-0,55376506	-804,87811
45370	0,35772654	107,57227	-0,5545274	-807,30884
45370	0,35772884	107,77246	-0,55584329	-809,60596
45370	0,35773116	107,97266	-0,55619836	-811,78033
45370	0,35773349	108,17285	-0,55860031	-813,78339
45370	0,35773581	108,37305	-0,55778575	-815,78192
45370	0,35773811	108,57324	-0,55989981	-818,01111
45370	0,35774043	108,77344	-0,55974162	-819,99927
45370	0,35774276	108,97363	-0,5626449	-822,24933
45370	0,35774508	109,17383	-0,56351167	-825,20691
45370	0,35774738	109,37402	-0,5641681	-827,4057
45370	0,3577497	109,57422	-0,56488872	-829,29456
45370	0,35775203	109,77441	-0,56644624	-831,55835
45370	0,35775435	109,97461	-0,56851256	-833,73749
45370	0,35775664	110,1748	-0,56945992	-835,96375
45370	0,35775897	110,375	-0,56927043	-837,71283
45370	0,35776129	110,5752	-0,57041472	-839,61572
45370	0,35776362	110,77539	-0,57204092	-841,53052
45370	0,35776591	110,97559	-0,57300317	-843,26355
45370	0,35776824	111,17578	-0,57459205	-845,76691
45370	0,35777056	111,37598	-0,57457715	-847,53387
45370	0,35777289	111,57617	-0,57651216	-849,56732
45370	0,35777518	111,77637	-0,57822186	-851,31702
45370	0,35777751	111,97656	-0,57810402	-853,72595
45370	0,35777983	112,17676	-0,58030754	-855,83295
45370	0,35778216	112,37695	-0,5814712	-858,39624
45370	0,35778445	112,57715	-0,58319587	-860,57062
45370	0,35778677	112,77734	-0,58289003	-862,58435
45370	0,3577891	112,97754	-0,58472359	-865,04517
45370	0,35779142	113,17773	-0,5858649	-867,19
45370	0,35779372	113,37793	-0,5871166	-869,35516
45370	0,35779604	113,57813	-0,5881117	-871,64276
45370	0,35779837	113,77832	-0,58908588	-874,04871
45370	0,35780066	113,97852	-0,59041518	-876,08215
45370	0,35780299	114,17871	-0,59113133	-878,32355
45370	0,35780531	114,37891	-0,59259933	-880,54059
45370	0,35780764	114,5791	-0,59362727	-882,7674
45370	0,35780993	114,7793	-0,59433293	-884,7561
45370	0,35781226	114,97949	-0,59661108	-886,98859
45370	0,35781458	115,17969	-0,5966931	-889,0116
45370	0,3578169	115,37988	-0,59847891	-891,5686
45370	0,3578192	115,58008	-0,59876984	-893,8443
45370	0,35782152	115,78027	-0,60018718	-896,58136
45370	0,35782385	115,98047	-0,6019088	-898,56201
45370	0,35782617	116,18066	-0,60239667	-900,65179
45370	0,35782847	116,38086	-0,60378116	-903,5766
45370	0,35783079	116,58105	-0,60556698	-905,32446
45370	0,35783312	116,78125	-0,60616523	-907,46429
45370	0,35783544	116,98145	-0,60826284	-909,77606
45370	0,35783774	117,18164	-0,60751987	-912,00348
45370	0,35784006	117,38184	-0,60977411	-914,60376
45370	0,35784239	117,58203	-0,61183149	-916,59271
45370	0,35784471	117,78223	-0,61245209	-919,15784
45370	0,35784701	117,98242	-0,61280566	-921,75061
45370	0,35784933	118,18262	-0,61610729	-924,36694
45370	0,35785165	118,38281	-0,61492717	-926,44836
45370	0,35785398	118,58301	-0,61683685	-929,17883
45370	0,35785627	118,7832	-0,61797959	-931,62354
45370	0,3578586	118,9834	-0,61918509	-934,13739
45370	0,35786092	119,18359	-0,62135577	-936,52991
45370	0,35786325	119,38379	-0,62235534	-938,78864
45370	0,35786554	119,58398	-0,62313116	-941,25116
45370	0,35786787	119,78418	-0,62382936	-943,51288
45370	0,35787019	119,98438	-0,62529743	-945,69861
45370	0,35787252	120,18457	-0,62597769	-947,81781
45370	0,35787481	120,38477	-0,62751883	-950,3725
45370	0,35787714	120,58496	-0,62840056	-952,54865
45370	0,35787946	120,78516	-0,62976718	-955,02612
45370	0,35788178	120,98535	-0,63096368	-956,97369
45370	0,35788408	121,18555	-0,63298517	-959,47321
45370	0,3578864	121,38574	-0,63355213	-961,43304
45370	0,35788873	121,58594	-0,63456661	-963,80646
45370	0,35789105	121,78613	-0,63662845	-966,27411
45370	0,35789335	121,98633	-0,63737589	-968,61182
45370	0,35789567	122,18652	-0,63832772	-970,54657
45370	0,357898	122,38672	-0,63937056	-972,79156
45370	0,35790032	122,58691	-0,6411429	-975,13165
45370	0,35790262	122,78711	-0,64226037	-977,4613
45370	0,35790494	122,9873	-0,6427303	-980,06781
45370	0,35790727	123,1875	-0,64354491	-982,18677
45370	0,35790959	123,3877	-0,64512181	-984,62103
45370	0,35791188	123,58789	-0,64620644	-986,66095
45370	0,35791421	123,78809	-0,64801615	-988,9361
45370	0,35791653	123,98828	-0,64961547	-991,13281
45370	0,35791886	124,18848	-0,64991534	-993,23267
45370	0,35792115	124,38867	-0,65228891	-995,9295
45370	0,35792348	124,58887	-0,65273798	-997,40802
45370	0,3579258	124,78906	-0,65310353	-999,56451
45370	0,35792813	124,98926	-0,65438956	-1002,0432
45370	0,35793042	125,18945	-0,65627831	-1004,3436
45370	0,35793275	125,38965	-0,6575166	-1006,6047
45370	0,35793507	125,58984	-0,65812826	-1008,9612
45370	0,3579374	125,79004	-0,65953213	-1011,0831
45370	0,35793969	125,99023	-0,66100913	-1013,262
45370	0,35794201	126,19043	-0,66276658	-1015,8008
45370	0,35794434	126,39063	-0,66345286	-1017,7943
45370	0,35794666	126,59082	-0,66450018	-1019,5803
45370	0,35794896	126,79102	-0,66516852	-1022,0834
45370	0,35795128	126,99121	-0,667117	-1023,606
45370	0,35795361	127,19141	-0,66947269	-1025,4004
45370	0,35795593	127,3916	-0,66997844	-1027,6362
45370	0,35795823	127,5918	-0,6715852	-1029,9011
45370	0,35796055	127,79199	-0,67244905	-1031,9755
45370	0,35796288	127,99219	-0,673289	-1033,985
45370	0,3579652	128,19238	-0,67494649	-1036,2297
45370	0,3579675	128,39258	-0,67580879	-1038,2142
45370	0,35796982	128,59277	-0,67654133	-1040,6014
45370	0,35797215	128,79297	-0,67914474	-1042,7094
45370	0,35797447	128,99316	-0,67994738	-1044,6938
45370	0,35797676	129,19336	-0,6815989	-1047,1115
45370	0,35797909	129,39355	-0,6823687	-1049,1931
45370	0,35798141	129,59375	-0,68372935	-1051,4083
45370	0,35798374	129,79395	-0,68508101	-1053,5135
45370	0,35798603	129,99414	-0,68651474	-1056,0065
45370	0,35798836	130,19434	-0,68764859	-1058,0215
45370	0,35799068	130,39453	-0,68862277	-1060,2452
45370	0,35799301	130,59473	-0,68867052	-1062,6281
45370	0,3579953	130,79492	-0,69088602	-1064,8801
45370	0,35799763	130,99512	-0,69147229	-1066,9661
45370	0,35799995	131,19531	-0,69418311	-1069,2456
45370	0,35800228	131,39551	-0,6954065	-1071,3213
45370	0,35800457	131,5957	-0,69532442	-1073,5458
45370	0,35800689	131,7959	-0,6979636	-1075,8956
45370	0,35800922	131,99609	-0,69870508	-1077,7813
45370	0,35801154	132,19629	-0,7002238	-1079,9644
45370	0,35801384	132,39648	-0,70165902	-1082,1926
45370	0,35801616	132,59668	-0,702308	-1084,6075
45370	0,35801849	132,79688	-0,70402372	-1086,7705
45370	0,35802081	132,99707	-0,70446384	-1089,2096
45370	0,35802311	133,19727	-0,70537239	-1091,707
45370	0,35802543	133,39746	-0,70759684	-1093,9175
45370	0,35802776	133,59766	-0,70888287	-1095,8501
45370	0,35803008	133,79785	-0,71083575	-1098,4412
45370	0,35803238	133,99805	-0,7122426	-1100,1199
45370	0,3580347	134,19824	-0,71375692	-1102,5917
45370	0,35803702	134,39844	-0,7160216	-1104,744
45370	0,35803935	134,59863	-0,71591866	-1107,1565
45370	0,35804164	134,79883	-0,7184937	-1109,681
45370	0,35804397	134,99902	-0,71853995	-1112,0951
45370	0,35804629	135,19922	-0,72024071	-1115,0002
45370	0,35804862	135,39941	-0,72032875	-1117,1638
45370	0,35805091	135,59961	-0,72320664	-1119,8105
45370	0,35805324	135,7998	-0,72438073	-1121,9453
45370	0,35805556	136	-0,72562051	-1124,531
45370	0,35805789	136,2002	-0,72627842	-1126,7524
45370	0,35806018	136,40039	-0,72854465	-1128,8726
45370	0,35806251	136,60059	-0,7292906	-1131,6121
45370	0,35806483	136,80078	-0,73086309	-1133,9042
45370	0,35806715	137,00098	-0,73173136	-1135,8279
45370	0,35806945	137,20117	-0,73427504	-1138,3706
45370	0,35807177	137,40137	-0,73603255	-1140,8314
45370	0,3580741	137,60156	-0,73764378	-1143,6772
45370	0,35807642	137,80176	-0,73827338	-1145,823
45370	0,35807872	138,00195	-0,74046052	-1147,8114
45370	0,35808104	138,20215	-0,74279082	-1149,241
45370	0,35808337	138,40234	-0,74566424	-1160,6079
45370	0,35808569	138,60254	-0,74503469	-1154,088
45370	0,35808799	138,80273	-0,74550015	-1153,5391
45370	0,35809031	139,00293	-0,74792898	-1157,8402
45370	0,35809264	139,20313	-0,75091577	-1168,9895
45370	0,35809496	139,40332	-0,75336546	-1165,8143
45370	0,35809726	139,60352	-0,75213164	-1163,7351
45370	0,35809958	139,80371	-0,75521988	-1176,0363
45370	0,3581019	140,00391	-0,75778896	-1176,0422
45370	0,35810423	140,2041	-0,75529301	-1170,6105
45370	0,35810652	140,4043	-0,75948375	-1182,6771
45370	0,35810885	140,60449	-0,76063102	-1175,7863
45370	0,35811117	140,80469	-0,76196331	-1185,2723
45370	0,35811347	141,00488	-0,76427728	-1184,5762
45370	0,35811579	141,20508	-0,7643832	-1181,9934
45370	0,35811812	141,40527	-0,76438469	-1183,0723
45370	0,35812044	141,60547	-0,76685077	-1186,2456
45370	0,35812274	141,80566	-0,77088487	-1192,3623
45370	0,35812506	142,00586	-0,76929301	-1187,7146
45370	0,35812739	142,20605	-0,77249318	-1203,0422
45370	0,35812971	142,40625	-0,77527708	-1197,7222
45370	0,358132	142,60645	-0,77487874	-1204,0779
45370	0,35813433	142,80664	-0,77738661	-1208,3807
45370	0,35813665	143,00684	-0,78026003	-1206,676
45370	0,35813898	143,20703	-0,78142816	-1209,3531
45370	0,35814127	143,40723	-0,78147739	-1212,2738
45370	0,3581436	143,60742	-0,78400916	-1208,6194
45370	0,35814592	143,80762	-0,78423297	-1217,2908
45370	0,35814825	144,00781	-0,78533697	-1209,7516
45370	0,35815054	144,20801	-0,78795826	-1215,0457
45370	0,35815287	144,4082	-0,78982162	-1223,8618
45370	0,35815519	144,6084	-0,79032141	-1215,3461
45370	0,35815752	144,80859	-0,79339176	-1222,316
45370	0,35815981	145,00879	-0,7952835	-1229,8223
45370	0,35816213	145,20898	-0,79534316	-1221,7262
45370	0,35816446	145,40918	-0,79714692	-1230,641
45370	0,35816678	145,60938	-0,79855525	-1235,2302
45370	0,35816908	145,80957	-0,79989499	-1227,1431
45370	0,3581714	146,00977	-0,80102885	-1237,1934
45370	0,35817373	146,20996	-0,80342185	-1241,3069
45370	0,35817605	146,41016	-0,80351138	-1232,762
45370	0,35817835	146,61035	-0,80632359	-1244,6781
45370	0,35818067	146,81055	-0,80909258	-1247,5499
45370	0,358183	147,01074	-0,81028163	-1249,9314
45370	0,35818532	147,21094	-0,81107682	-1251,4749
45370	0,35818762	147,41113	-0,81315649	-1253,1984
45370	0,35818994	147,61133	-0,81434852	-1254,5636
45370	0,35819227	147,81152	-0,81601053	-1257,63
45370	0,35819459	148,01172	-0,81854677	-1258,8241
45370	0,35819688	148,21191	-0,81976414	-1260,2528
45370	0,35819921	148,41211	-0,82239437	-1263,4044
45370	0,35820153	148,6123	-0,82326269	-1264,7258
45370	0,35820386	148,8125	-0,8261137	-1267,2439
45370	0,35820615	149,0127	-0,828547	-1270,0656
45370	0,35820848	149,21289	-0,8292079	-1271,4144
45370	0,3582108	149,41309	-0,83190376	-1274,0717
45370	0,35821313	149,61328	-0,83427739	-1276,6161
45370	0,35821542	149,81348	-0,83603638	-1278,1157
45370	0,35821775	150,01367	-0,83696133	-1280,627
45370	0,35822007	150,21387	-0,83852488	-1282,6886
45370	0,3582224	150,41406	-0,84122223	-1284,1656
45370	0,35822469	150,61426	-0,8439002	-1287,6444
45370	0,35822701	150,81445	-0,84564275	-1289,6162
45370	0,35822934	151,01465	-0,84854001	-1291,9146
45370	0,35823166	151,21484	-0,84989464	-1295,0679
45370	0,35823396	151,41504	-0,85202509	-1296,7515
45370	0,35823628	151,61523	-0,85504919	-1298,9655
45370	0,35823861	151,81543	-0,85596967	-1302,072
45370	0,35824093	152,01563	-0,85894006	-1304,1484
45370	0,35824323	152,21582	-0,86090642	-1306,5248
45370	0,35824555	152,41602	-0,86506879	-1308,9227
45370	0,35824788	152,61621	-0,86598039	-1310,6331
45370	0,3582502	152,81641	-0,86877322	-1313,5638
45370	0,3582525	153,0166	-0,87118411	-1315,7239
45370	0,35825482	153,2168	-0,87315494	-1317,8774
45370	0,35825714	153,41699	-0,87526	-1320,4189
45370	0,35825947	153,61719	-0,87772614	-1322,6005
45370	0,35826176	153,81738	-0,88042349	-1324,9885
45370	0,35826409	154,01758	-0,88291794	-1326,9666
45370	0,35826641	154,21777	-0,88501412	-1329,7966
45370	0,35826874	154,41797	-0,8872788	-1331,3759
45370	0,35827103	154,61816	-0,89007312	-1333,6833
45370	0,35827336	154,81836	-0,89233786	-1335,8723
45370	0,35827568	155,01855	-0,8952769	-1338,3201
45370	0,35827801	155,21875	-0,89778477	-1340,9745
45370	0,3582803	155,41895	-0,89988244	-1343,1161
45370	0,35828263	155,61914	-0,90167868	-1345,5009
45370	0,35828495	155,81934	-0,90490115	-1347,8682
45370	0,35828727	156,01953	-0,9067601	-1349,8124
45370	0,35828957	156,21973	-0,91039735	-1351,7788
45370	0,35829189	156,41992	-0,91191912	-1354,2885
45370	0,35829422	156,62012	-0,91471046	-1356,2103
45370	0,35829654	156,82031	-0,91781658	-1358,6774
45370	0,35829884	157,02051	-0,92015737	-1360,5779
45370	0,35830116	157,2207	-0,92298901	-1363,3286
45370	0,35830349	157,4209	-0,92532384	-1365,2909
45370	0,35830581	157,62109	-0,92790931	-1367,6246
45370	0,35830811	157,82129	-0,9297772	-1369,7927
45370	0,35831043	158,02148	-0,93340105	-1371,802
45370	0,35831276	158,22168	-0,93615657	-1374,0852
45370	0,35831508	158,42188	-0,93828553	-1375,8024
45370	0,35831738	158,62207	-0,94218683	-1377,671
45370	0,3583197	158,82227	-0,94394583	-1379,8558
45370	0,35832202	159,02246	-0,94785458	-1381,897
45370	0,35832435	159,22266	-0,94956434	-1383,7805
45370	0,35832664	159,42285	-0,95357603	-1385,7996
45370	0,35832897	159,62305	-0,95648527	-1387,7999
45370	0,35833129	159,82324	-0,95925874	-1390,0515
45370	0,35833362	160,02344	-0,96152937	-1392,4911
45370	0,35833591	160,22363	-0,96485484	-1394,6548
45370	0,35833824	160,42383	-0,96755069	-1396,5973
45370	0,35834056	160,62402	-0,97126704	-1398,9078
45370	0,35834289	160,82422	-0,97461486	-1401,0306
45370	0,35834518	161,02441	-0,97718692	-1403,158
45370	0,35834751	161,22461	-0,98058099	-1405,4092
45370	0,35834983	161,4248	-0,9831844	-1407,7043
45370	0,35835215	161,625	-0,98705739	-1409,9789
45370	0,35835445	161,8252	-0,9906618	-1412,0015
45370	0,35835677	162,02539	-0,99279076	-1414,1906
45370	0,3583591	162,22559	-0,99696809	-1416,6954
45370	0,35836142	162,42578	-1,0016109	-1418,3444
45370	0,35836372	162,62598	-1,0043694	-1420,6669
45370	0,35836604	162,82617	-1,0087258	-1422,9205
45370	0,35836837	163,02637	-1,0131657	-1425,4567
45370	0,35837069	163,22656	-1,0172789	-1427,6301
45370	0,35837299	163,42676	-1,0205163	-1430,0266
45370	0,35837531	163,62695	-1,0248861	-1432,2739
45370	0,35837764	163,82715	-1,0298675	-1434,7211
45370	0,35837996	164,02734	-1,0335988	-1436,725
45370	0,35838225	164,22754	-1,0387967	-1438,8538
45370	0,35838458	164,42773	-1,0427144	-1440,9291
45370	0,3583869	164,62793	-1,047305	-1443,0317
45370	0,35838923	164,82813	-1,0534725	-1445,4775
45370	0,35839152	165,02832	-1,0587389	-1448,0328
45370	0,35839385	165,22852	-1,0637501	-1450,4209
45370	0,35839617	165,42871	-1,0697178	-1453,1311
45370	0,3583985	165,62891	-1,0763673	-1455,5723
45370	0,35840079	165,8291	-1,0831375	-1458,1617
45370	0,35840312	166,0293	-1,0893215	-1460,2327
45370	0,35840544	166,22949	-1,0985713	-1462,5504
45370	0,35840777	166,42969	-1,105073	-1464,6002
45370	0,35841006	166,62988	-1,1147943	-1466,9591
45370	0,35841238	166,83008	-1,1246303	-1469,168
45370	0,35841471	167,03027	-1,134735	-1471,515
45370	0,35841703	167,23047	-1,1463987	-1473,5135
45370	0,35841933	167,43066	-1,1589471	-1475,5704
45370	0,35842165	167,63086	-1,1727189	-1477,057
45370	0,35842398	167,83105	-1,1890343	-1479,069
45370	0,35842627	168,03125	-1,208629	-1479,9583
45370	0,3584286	168,23145	-1,235094	-1479,4858
45370	0,35843092	168,43164	-1,2784352	-1474,9476
45370	0,35843325	168,63184	-0,8129223	-334,09219
45370	0,35843554	168,83203	-0,19440261	2,2964566
45370	0,35843787	169,03223	0,43701461	1,031795
45370	0,35844019	169,23242	1,0698835	0,7632761
45370	0,35844252	169,43262	1,6998609	0,22400308
45370	0,35844481	169,63281	2,3325179	-0,04839015
45370	0,35844713	169,83301	2,9627192	-0,044217825
45370	0,35844946	170,0332	3,5946958	0,021645308
45370	0,35845178	170,2334	4,2257414	0,46778607
45370	0,35845408	170,43359	4,8561788	-0,069996834
