MTS793|MPT|DEU|1|2|,|.|:|49|1|1|A

Bediener Information						Zeit:	16,369141	s	18.07.2014 10:38:54
Datum : 	18.7.2014
Prüfer : 	Kh
Probenbezeichnung :  	Maack 8.2 Drucklversuch Probe BK 06 B
Bemerkungen	Kraftgeregelt 3,9 kN/s
Masse :	3785,7
Durchmesser :	100,2
Länge :	200,6
Bediener Information Ende

Datenerfassung						Zeit:	528,38574	s	18.07.2014 10:47:26
Datum	Laufzeit	Ch 1 Kraft Sollwert	Ch 1 Kraft	Ch 1 Weg	1944 B	1281068	2157
d	s	kN	kN	mm	mm	mm	mm
41838	16,879883	-1,2784081	-1,093639	-0,21412075	0,13552143	0,058951389	-0,0099158566
41838	17,379883	-1,571108	-1,3689082	-0,21829009	0,13549609	0,058784351	-0,0099312291
41838	17,879883	-1,863808	-1,37119	-0,21813959	0,13543083	0,058788076	-0,009912936
41838	18,379883	-2,156508	-2,3551397	-0,22926629	0,13515453	0,05805007	-0,0099051334
41838	18,879883	-2,449208	-2,5966709	-0,23218095	0,13513222	0,05783385	-0,0098983869
41838	19,379883	-2,7419081	-2,8141141	-0,23528934	0,1350653	0,057692729	-0,0098520201
41838	19,879883	-3,0346081	-3,0763893	-0,23756325	0,13501194	0,057489686	-0,0098388884
41838	20,379883	-3,3273079	-3,3775215	-0,24098605	0,13496673	0,057162579	-0,0098445248
41838	20,879883	-3,620008	-3,6872904	-0,24338961	0,134903	0,05698977	-0,0098265503
41838	21,379883	-3,912708	-4,0176139	-0,24583489	0,13486288	0,056774285	-0,0098650157
41838	21,879883	-3,927	-4,0310192	-0,2467528	0,13480717	0,056691978	-0,0097719133
41838	22,379883	-3,927	-4,0106049	-0,24630129	0,13478717	0,056764826	-0,0097397193
41838	22,879883	-3,927	-4,0117393	-0,24700463	0,13487829	0,056662805	-0,0098058805
41838	23,379883	-3,927	-3,9845128	-0,24670064	0,13483691	0,056849148	-0,0098015256
41838	23,879883	-3,927	-3,9919763	-0,24707019	0,13482459	0,056713447	-0,0098345615
41838	24,379883	-3,927	-3,955653	-0,24702847	0,13489094	0,056819901	-0,009756051
41838	24,879883	-3,927	-3,9382019	-0,24654269	0,13489267	0,056731064	-0,0097145792
41838	25,379883	-3,927	-3,9465876	-0,24639964	0,13487785	0,056736197	-0,0097947381
41838	25,879883	-3,927	-3,9350893	-0,24670959	0,13484533	0,056847982	-0,0098338984
41838	26,379883	-3,927	-3,9164722	-0,2464965	0,13482523	0,056783114	-0,0097756721
41838	26,879883	-5,7018046	-5,5015554	-0,0098615885	-0,00028966367	-0,0010751211	7,3604286e-05
41838	27,379883	-7,6518049	-7,6156092	-0,023640692	-0,00068739802	-0,0028156086	-6,6651031e-05
41838	27,879883	-9,6018047	-9,6061869	-0,033912063	-0,00097433478	-0,0042682621	-0,00023099408
41838	28,379883	-11,551805	-11,564582	-0,043229759	-0,0012276173	-0,0056613572	-0,00055954605
41838	28,879883	-13,501805	-13,547298	-0,050635636	-0,0015894845	-0,0070074466	-0,0010023396
41838	29,379883	-15,451805	-15,458982	-0,058287382	-0,0018489063	-0,0083322609	-0,0013266429
41838	29,879883	-17,401806	-17,429705	-0,064831972	-0,0022261068	-0,0095018018	-0,0018358231
41838	30,379883	-19,351805	-19,411411	-0,071068108	-0,0025663674	-0,010572216	-0,0023926198
41838	30,879883	-21,301805	-21,410925	-0,077565014	-0,0029418617	-0,011747914	-0,0029409025
41838	31,379883	-23,251804	-23,360001	-0,083167851	-0,0034118071	-0,012814172	-0,0034831949
41838	31,879883	-25,201805	-25,296839	-0,089038908	-0,0038554221	-0,013902299	-0,0040239766
41838	32,379883	-27,151806	-27,232677	-0,09419471	-0,0042496994	-0,01494667	-0,0046276916
41838	32,879883	-29,101805	-29,146364	-0,099103153	-0,004712224	-0,015898399	-0,0052710827
41838	33,379883	-31,051805	-31,057348	-0,10351837	-0,0051794574	-0,016924068	-0,0058941748
41838	33,879883	-33,001804	-33,015831	-0,10996312	-0,0056316033	-0,017880846	-0,0063994713
41838	34,379883	-34,951805	-34,981213	-0,11481643	-0,0062169582	-0,018811164	-0,0071036741
41838	34,879883	-36,901806	-36,996632	-0,11912882	-0,006720081	-0,019799056	-0,007789474
41838	35,379883	-38,851807	-38,933102	-0,12419075	-0,0072485805	-0,020695092	-0,0083089871
41838	35,879883	-40,801807	-40,879353	-0,12875944	-0,0077245533	-0,021615515	-0,0090403492
41838	36,379883	-42,751804	-42,851326	-0,13402998	-0,0082038343	-0,022576479	-0,009712277
41838	36,879883	-44,701805	-44,788509	-0,1382485	-0,0086979866	-0,023468984	-0,010362357
41838	37,379883	-46,651806	-46,709534	-0,14316142	-0,0092198104	-0,024424385	-0,01095958
41838	37,879883	-48,601807	-48,617924	-0,14749914	-0,0097360685	-0,025214175	-0,011590728
41838	38,379883	-50,551807	-50,579132	-0,15239269	-0,01026158	-0,026212325	-0,012280321
41838	38,879883	-52,501804	-52,585163	-0,15636832	-0,010792479	-0,027124695	-0,013049218
41838	39,379883	-54,451805	-54,580433	-0,16067922	-0,011286199	-0,028024964	-0,013708399
41838	39,879883	-56,401806	-56,496346	-0,16541183	-0,011850871	-0,028920976	-0,014360714
41838	40,379883	-58,351807	-58,460884	-0,16996264	-0,01236847	-0,029779239	-0,01499286
41838	40,879883	-60,301807	-60,401585	-0,17352998	-0,012902796	-0,030656016	-0,015723547
41838	41,379883	-62,251804	-62,335674	-0,17683953	-0,013459496	-0,031502463	-0,016462265
41838	41,879883	-64,201805	-64,246307	-0,18198192	-0,013976343	-0,032428637	-0,017089773
41838	42,379883	-66,15181	-66,173073	-0,18576086	-0,014495075	-0,033265937	-0,017803025
41838	42,879883	-68,101807	-68,180649	-0,18981248	-0,015158705	-0,034202352	-0,018566327
41838	43,379883	-70,051804	-70,150192	-0,19374043	-0,015697517	-0,034939189	-0,019164741
41838	43,879883	-72,001808	-72,119637	-0,1987502	-0,01621858	-0,035850268	-0,019906886
41838	44,379883	-73,951805	-74,109299	-0,20238161	-0,016837426	-0,036766067	-0,020657308
41838	44,879883	-75,90181	-76,00293	-0,206092	-0,017312147	-0,037540101	-0,021232799
41838	45,379883	-77,851807	-77,954872	-0,21058321	-0,017866984	-0,038454652	-0,022005286
41838	45,879883	-79,801804	-79,926376	-0,21393746	-0,0184021	-0,039192516	-0,022764379
41838	46,379883	-81,751808	-81,787888	-0,21803677	-0,018986896	-0,040084373	-0,02338478
41838	46,879883	-83,701805	-83,715813	-0,22166073	-0,019492596	-0,040820703	-0,024113489
41838	47,379883	-85,65181	-85,670029	-0,22562444	-0,020078897	-0,041701332	-0,02486052
41838	47,879883	-87,601807	-87,679817	-0,2303794	-0,020623155	-0,042564984	-0,025604501
41838	48,379883	-89,551804	-89,613121	-0,23377687	-0,021198273	-0,043353353	-0,026284993
41838	48,879883	-91,501808	-91,638245	-0,23752749	-0,021790318	-0,044217292	-0,027004922
41838	49,379883	-93,451805	-93,600845	-0,24113655	-0,02229692	-0,04508001	-0,027779307
41838	49,879883	-95,40181	-95,509918	-0,24485141	-0,022825889	-0,045889772	-0,028437803
41838	50,379883	-97,351807	-97,407639	-0,24894476	-0,023479022	-0,046683356	-0,029160447
41838	50,879883	-99,301804	-99,328865	-0,25197715	-0,02397389	-0,047412891	-0,029894095
41838	51,379883	-101,25181	-101,23264	-0,25609732	-0,024632603	-0,048340995	-0,030523524
41838	51,879883	-103,20181	-103,22974	-0,25995672	-0,025258429	-0,049198873	-0,031289071
41838	52,379883	-105,15181	-105,25127	-0,26333332	-0,025797896	-0,049879488	-0,032088388
41838	52,879883	-107,10181	-107,16927	-0,26661009	-0,026406199	-0,050799116	-0,032686979
41838	53,379883	-109,0518	-109,16121	-0,27039796	-0,026968062	-0,051505748	-0,033510644
41838	53,879883	-111,00181	-111,13798	-0,27461648	-0,027526326	-0,052422948	-0,034224231
41838	54,379883	-112,95181	-113,04086	-0,27802438	-0,028109953	-0,053194575	-0,034877621
41838	54,879883	-114,90181	-114,9577	-0,28117448	-0,028707795	-0,05391537	-0,035593174
41838	55,379883	-116,85181	-116,8953	-0,28457493	-0,029277436	-0,054726686	-0,036313362
41838	55,879883	-118,80181	-118,80143	-0,28812438	-0,029845953	-0,055538818	-0,036891431
41838	56,379883	-120,75181	-120,8186	-0,29182732	-0,030486435	-0,056421913	-0,03767556
41838	56,879883	-122,70181	-122,81816	-0,2958253	-0,031118073	-0,057154898	-0,038434118
41838	57,379883	-124,65181	-124,71567	-0,29961169	-0,031720899	-0,057937093	-0,039088305
41838	57,879883	-126,60181	-126,73687	-0,30220896	-0,032349639	-0,058708277	-0,039888062
41838	58,379883	-128,5518	-128,70615	-0,30577928	-0,032877013	-0,059592612	-0,040563695
41838	58,879883	-130,5018	-130,58832	-0,30924976	-0,033422969	-0,060367197	-0,041137107
41838	59,379883	-132,45181	-132,52663	-0,31328201	-0,034083389	-0,061178528	-0,041936301
41838	59,879883	-134,40181	-134,4241	-0,31560957	-0,034699991	-0,061958361	-0,042608455
41838	60,379883	-136,35181	-136,33755	-0,31869709	-0,035270564	-0,062653087	-0,043291427
41838	60,879883	-138,3018	-138,33221	-0,32256693	-0,035929129	-0,06356173	-0,044041026
41838	61,379883	-140,2518	-140,35681	-0,32590628	-0,036579572	-0,064383678	-0,0447414
41838	61,879883	-142,20181	-142,3067	-0,32905936	-0,037127838	-0,065065444	-0,045465544
41838	62,379883	-144,15181	-144,25404	-0,33338368	-0,037759677	-0,065899976	-0,046190426
41838	62,879883	-146,10181	-146,17999	-0,33558309	-0,038374409	-0,066743843	-0,046879888
41838	63,379883	-148,0518	-148,05991	-0,33917725	-0,038970627	-0,067527875	-0,047531124
41838	63,879883	-150,00182	-150,01105	-0,34262389	-0,03965576	-0,068340637	-0,048252314
41838	64,379883	-151,95181	-151,91724	-0,34602582	-0,040224195	-0,069077037	-0,04900514
41838	64,879883	-153,90181	-153,9137	-0,34943223	-0,04090023	-0,069930099	-0,049659163
41838	65,379883	-155,85181	-155,90266	-0,35279691	-0,041468836	-0,070726536	-0,050430484
41838	65,879883	-157,8018	-157,89421	-0,35554618	-0,042142358	-0,071503632	-0,051129371
41838	66,379883	-159,75182	-159,83145	-0,35922527	-0,042797893	-0,072309911	-0,051835008
41838	66,879883	-161,70181	-161,80101	-0,3628999	-0,043480899	-0,073177911	-0,052587844
41838	67,379883	-163,65181	-163,72855	-0,36509484	-0,044008914	-0,073863715	-0,053200822
41838	67,879883	-165,60181	-165,70703	-0,3686741	-0,044676431	-0,074660227	-0,053949028
41838	68,379883	-167,5518	-167,55373	-0,37153363	-0,045296993	-0,075411119	-0,054604683
41838	68,879883	-169,50182	-169,52397	-0,37524402	-0,045881145	-0,076196708	-0,055306256
41838	69,379883	-171,45181	-171,48384	-0,37839711	-0,046627007	-0,077063419	-0,056050882
41838	69,879883	-173,40181	-173,45775	-0,38207024	-0,047246102	-0,077907555	-0,056695051
41838	70,379883	-175,35181	-175,43872	-0,38506985	-0,047823314	-0,078683786	-0,057493754
41838	70,879883	-177,3018	-177,43005	-0,38790107	-0,048516478	-0,079419851	-0,058204904
41838	71,379883	-179,25182	-179,31508	-0,39131939	-0,049069967	-0,0801512	-0,058811776
41838	71,879883	-181,20181	-181,29648	-0,39449483	-0,049773667	-0,081088968	-0,05961822
41838	72,379883	-183,15181	-183,24471	-0,39688647	-0,050432689	-0,081835583	-0,060367614
41838	72,879883	-185,10181	-185,14632	-0,40067732	-0,051023744	-0,082650408	-0,060976103
41838	73,379883	-187,0518	-187,12682	-0,40393621	-0,051707067	-0,083394058	-0,061695181
41838	73,879883	-188,86987	-189,07509	-0,40754378	-0,052363884	-0,084271625	-0,062462457
41838	74,379883	-186,91988	-186,95917	-0,40415376	-0,051947679	-0,08368551	-0,062015645
41838	74,879883	-184,96988	-185,0359	-0,40254146	-0,051567134	-0,083267123	-0,061611444
41838	75,379883	-183,01987	-183,14406	-0,39984584	-0,05114172	-0,082702905	-0,061151445
41838	75,879883	-181,06987	-181,1221	-0,39806813	-0,050660629	-0,082089491	-0,060575776
41838	76,379883	-179,11987	-179,09669	-0,39537251	-0,050256636	-0,081543989	-0,060116813
41838	76,879883	-177,16988	-177,14185	-0,3919512	-0,049750116	-0,080948412	-0,059607759
41838	77,379883	-175,21988	-175,1521	-0,39002895	-0,049257521	-0,080381796	-0,05904308
41838	77,879883	-173,26987	-173,17838	-0,38719773	-0,048727985	-0,079743512	-0,058518887
41838	78,379883	-171,31987	-171,27109	-0,38489401	-0,0482895	-0,079186887	-0,05806271
41838	78,879883	-169,36987	-169,314	-0,38222522	-0,047835372	-0,078570791	-0,057432994
41838	79,379883	-167,41988	-167,3932	-0,37933439	-0,047429442	-0,077989876	-0,056974016
41838	79,879883	-165,46988	-165,51604	-0,37700832	-0,04678962	-0,077340141	-0,056489058
41838	80,379883	-163,51987	-163,4847	-0,37440509	-0,046338011	-0,076698527	-0,055886216
41838	80,879883	-161,56987	-161,5334	-0,37132949	-0,045886621	-0,076137431	-0,055374153
41838	81,379883	-159,61987	-159,54105	-0,36870688	-0,045387384	-0,07552857	-0,054862879
41838	81,879883	-157,66988	-157,55841	-0,36668479	-0,044885136	-0,074825987	-0,05427216
41838	82,379883	-155,71988	-155,59016	-0,36364645	-0,044376999	-0,074337743	-0,053720582
41838	82,879883	-153,76987	-153,69128	-0,36090463	-0,044027772	-0,073604017	-0,053263284
41838	83,379883	-151,81987	-151,76328	-0,35833567	-0,043515772	-0,072940908	-0,052657984
41838	83,879883	-149,86987	-149,86722	-0,35494864	-0,043003559	-0,072435319	-0,052186958
41838	84,379883	-147,91988	-147,92931	-0,35311878	-0,042481404	-0,071734771	-0,051684447
41838	84,879883	-145,96988	-145,90279	-0,34983307	-0,041981086	-0,071251929	-0,051040445
41838	85,379883	-144,01987	-143,95311	-0,34678727	-0,041452035	-0,070448987	-0,05047749
41838	85,879883	-142,06987	-141,97197	-0,34357607	-0,040997796	-0,069964953	-0,049910013
41838	86,379883	-140,11987	-139,98566	-0,34102648	-0,040522754	-0,069241568	-0,049386524
41838	86,879883	-138,16988	-138,08493	-0,3387481	-0,040040866	-0,068568319	-0,048865993
41838	87,379883	-136,21988	-136,14273	-0,33554733	-0,039521165	-0,06795001	-0,048232935
41838	87,879883	-134,26987	-134,20667	-0,332883	-0,039058469	-0,067242473	-0,047662858
41838	88,379883	-132,31987	-132,33839	-0,32953769	-0,038577057	-0,066673592	-0,047147557
41838	88,879883	-130,36987	-130,34361	-0,32734573	-0,038015008	-0,06593962	-0,046532005
41838	89,379883	-128,41988	-128,39363	-0,32414198	-0,037607469	-0,065425627	-0,046024054
41838	89,879883	-126,46987	-126,41619	-0,32142997	-0,037011653	-0,064642519	-0,04549218
41838	90,379883	-124,51987	-124,3998	-0,31804591	-0,036473826	-0,063931949	-0,044807397
41838	90,879883	-122,56987	-122,436	-0,31505376	-0,035976395	-0,063340895	-0,044228055
41838	91,379883	-120,61987	-120,51692	-0,31248331	-0,03549125	-0,062625028	-0,0436932
41838	91,879883	-118,66987	-118,63847	-0,30994862	-0,034936398	-0,062156487	-0,043067958
41838	92,379883	-116,71987	-116,69754	-0,30656308	-0,034507766	-0,061314423	-0,042572521
41838	92,879883	-114,76987	-114,76009	-0,30361116	-0,034016974	-0,060601652	-0,041888379
41838	93,379883	-112,81987	-112,83597	-0,2997607	-0,033424065	-0,060047239	-0,041366495
41838	93,879883	-110,86987	-110,85872	-0,29687285	-0,03295593	-0,059383146	-0,040826283
41838	94,379883	-108,91987	-108,77426	-0,29357076	-0,032453328	-0,058641315	-0,040154539
41838	94,879883	-106,96987	-106,85721	-0,29051453	-0,031967446	-0,057995059	-0,039568529
41838	95,379883	-105,01987	-104,94851	-0,28759837	-0,031443693	-0,057287458	-0,039050885
41838	95,879883	-103,06987	-102,99181	-0,28462112	-0,030946955	-0,056612421	-0,03833165
41838	96,379883	-101,11987	-101,05848	-0,28051287	-0,030430362	-0,055854321	-0,037773646
41838	96,879883	-99,169868	-99,161209	-0,27792305	-0,029999062	-0,055258315	-0,037172772
41838	97,379883	-97,219872	-97,179237	-0,27443767	-0,029478729	-0,054526325	-0,03650628
41838	97,879883	-95,269867	-95,198502	-0,27140677	-0,028968193	-0,053716782	-0,035883337
41838	98,379883	-93,31987	-93,247726	-0,26827753	-0,028464891	-0,053082626	-0,035255607
41838	98,879883	-91,369873	-91,236763	-0,26479363	-0,027964994	-0,052219015	-0,034613091
41838	99,379883	-89,419868	-89,308014	-0,26105791	-0,027442142	-0,051603403	-0,034048155
41838	99,879883	-87,469872	-87,386864	-0,25797784	-0,02695097	-0,050701074	-0,033385571
41838	100,37988	-85,519867	-85,446564	-0,2542302	-0,026488625	-0,050144982	-0,032746553
41838	100,87988	-83,56987	-83,569466	-0,2507776	-0,025923289	-0,049326796	-0,032201931
41838	101,37988	-81,619873	-81,555473	-0,24696738	-0,025390938	-0,048584186	-0,031422202
41838	101,87988	-79,669868	-79,68483	-0,2436325	-0,024979159	-0,047830459	-0,030877683
41838	102,37988	-77,719872	-77,65184	-0,23967177	-0,024425797	-0,047011886	-0,030226694
41838	102,87988	-75,769867	-75,66436	-0,23563206	-0,023959763	-0,046334401	-0,029591391
41838	103,37988	-73,81987	-73,720673	-0,23200661	-0,02339004	-0,045498736	-0,028978106
41838	103,87988	-71,869873	-71,761566	-0,22831261	-0,022874996	-0,044662792	-0,028237313
41838	104,37988	-69,919868	-69,838943	-0,22486001	-0,022405498	-0,044053447	-0,027684351
41838	104,87988	-67,969872	-67,920357	-0,22079647	-0,021833703	-0,043045994	-0,027045181
41838	105,37988	-66,019867	-65,978333	-0,2167806	-0,021346197	-0,042426676	-0,02642674
41838	105,87988	-64,06987	-64,042099	-0,21242946	-0,020802081	-0,041443188	-0,025795972
41838	106,37988	-62,119869	-62,088017	-0,2090469	-0,02026844	-0,040610228	-0,025075085
41838	106,87988	-60,169868	-60,117813	-0,20462573	-0,019744977	-0,039846886	-0,024446718
41838	107,37988	-58,219872	-58,091946	-0,20058304	-0,019151606	-0,038936324	-0,02379952
41838	107,87988	-56,269871	-56,163063	-0,19629449	-0,018724851	-0,038117509	-0,023154924
41838	108,37988	-54,31987	-54,252361	-0,19259304	-0,018175676	-0,037317209	-0,022512378
41838	108,87988	-52,369869	-52,269218	-0,18752068	-0,017542109	-0,036385812	-0,021777559
41838	109,37988	-50,419868	-50,355709	-0,18373877	-0,017064482	-0,035467423	-0,021172762
41838	109,87988	-48,469868	-48,450195	-0,17896742	-0,016439915	-0,034578521	-0,02057324
41838	110,37988	-46,519871	-46,459003	-0,17442405	-0,015968204	-0,033763558	-0,019904751
41838	110,87988	-44,56987	-44,5158	-0,16992539	-0,015396208	-0,032791741	-0,019295717
41838	111,37988	-42,619869	-42,528175	-0,16524047	-0,014821596	-0,031861309	-0,018596593
41838	111,87988	-40,669868	-40,540829	-0,16055405	-0,01428207	-0,030908925	-0,017912284
41838	112,37988	-38,719868	-38,597504	-0,15615523	-0,013626687	-0,029739954	-0,017287644
41838	112,87988	-36,769871	-36,688446	-0,15090257	-0,013145782	-0,028849768	-0,016679177
41838	113,37988	-34,81987	-34,758854	-0,14646351	-0,012514628	-0,027831946	-0,016022401
41838	113,87988	-32,869869	-32,849339	-0,14115274	-0,011936106	-0,02690508	-0,015428691
41838	114,37988	-30,919868	-30,882401	-0,13577491	-0,011382438	-0,025732089	-0,014711804
41838	114,87988	-28,96987	-28,932625	-0,13138056	-0,010806501	-0,024686303	-0,01403935
41838	115,37988	-27,019869	-27,006044	-0,12527108	-0,010123029	-0,02364197	-0,01347278
41838	115,87988	-25,069868	-25,002098	-0,12028962	-0,0095381141	-0,022417562	-0,01270852
41838	116,37988	-23,119869	-23,037876	-0,11391938	-0,0089446232	-0,021359181	-0,01211162
41838	116,87988	-21,169868	-21,085308	-0,10848492	-0,0083486661	-0,020246044	-0,011404828
41838	117,37988	-19,21987	-19,128651	-0,10176748	-0,0077147111	-0,018992294	-0,010796663
41838	117,87988	-17,269869	-17,199247	-0,095629692	-0,0070429966	-0,017767075	-0,010196078
41838	118,37988	-15,319869	-15,269418	-0,089628994	-0,0063578263	-0,016535388	-0,0095855268
41838	118,87988	-13,369868	-13,344917	-0,082206726	-0,0057690889	-0,015197404	-0,0089517655
41838	119,37988	-11,419868	-11,408105	-0,074385107	-0,0052307621	-0,013772763	-0,0083480179
41838	119,87988	-9,4698687	-9,4903965	-0,066646934	-0,0046297312	-0,012437844	-0,0077891648
41838	120,37988	-7,5198684	-7,5925307	-0,057075918	-0,0041298121	-0,010855447	-0,0072021019
41838	120,87988	-5,5698686	-6,19385	-0,04992038	-0,0036618337	-0,009628444	-0,0068440046
41838	121,37988	-4,2164531	-3,9517748	-0,033783913	-0,0030616224	-0,0075900536	-0,006291002
41838	121,87988	-6,1664534	-4,8697701	-0,038613379	-0,0031662807	-0,0079853069	-0,0063931309
41838	122,37988	-8,1164532	-8,0283175	-0,0544101	-0,0038486943	-0,0098927869	-0,0069977641
41838	122,87988	-10,066453	-10,097653	-0,063055754	-0,0041820332	-0,011092289	-0,0074672531
41838	123,37988	-12,016454	-12,101585	-0,070171058	-0,0046380609	-0,012165573	-0,0080318209
41838	123,87988	-13,966454	-14,076303	-0,077313185	-0,0050643608	-0,013278903	-0,0086037628
41838	124,37988	-15,916453	-16,005875	-0,084041059	-0,0056066439	-0,014108221	-0,009251358
41838	124,87988	-17,866453	-17,926371	-0,089804828	-0,0061353371	-0,015245792	-0,009848075
41838	125,37988	-19,816454	-19,866184	-0,095264614	-0,0065622404	-0,016144961	-0,0105011
41838	125,87988	-21,766453	-21,869787	-0,10150969	-0,0070425719	-0,017061984	-0,01114125
41838	126,37988	-23,716454	-23,806416	-0,10670274	-0,0076708421	-0,018033233	-0,011788039
41838	126,87988	-25,666454	-25,797047	-0,11220425	-0,0082596466	-0,018944597	-0,012485191
41838	127,37988	-27,616453	-27,698914	-0,11755675	-0,0087565482	-0,019915525	-0,013031456
41838	127,87988	-29,566454	-29,697641	-0,12207925	-0,0093177706	-0,020873062	-0,013787013
41838	128,37988	-31,516455	-31,584623	-0,12711436	-0,0098689273	-0,021704951	-0,01442071
41838	128,87988	-33,466454	-33,538841	-0,13192892	-0,010287344	-0,022508577	-0,015163059
41838	129,37988	-35,416454	-35,444115	-0,13639629	-0,010882288	-0,023505324	-0,015750825
41838	129,87988	-37,366455	-37,451862	-0,1412645	-0,011444919	-0,024364166	-0,016489927
41838	130,37988	-39,316456	-39,375233	-0,14606118	-0,011990033	-0,025179276	-0,017083708
41838	130,87988	-41,266453	-41,343102	-0,15092492	-0,01259286	-0,02625636	-0,01778801
41838	131,37988	-43,216454	-43,32687	-0,15540123	-0,013014026	-0,026972536	-0,018509937
41838	131,87988	-45,166454	-45,279102	-0,15957654	-0,013588466	-0,027850555	-0,019189989
41838	132,37988	-47,116455	-47,259926	-0,16416013	-0,014057733	-0,028817235	-0,019926421
41838	132,87988	-49,066456	-49,090691	-0,16757548	-0,014631063	-0,029510008	-0,020494642
41838	133,37988	-51,016453	-51,04084	-0,17264634	-0,01517646	-0,030354692	-0,02126218
41838	133,87988	-52,966454	-52,987129	-0,17691851	-0,015785709	-0,031207632	-0,021831475
41838	134,37988	-54,916454	-54,976212	-0,18101782	-0,016282432	-0,032059416	-0,022625448
41838	134,87988	-56,866455	-56,949905	-0,18505752	-0,016874127	-0,03285018	-0,023382694
41838	135,37988	-58,816456	-58,922993	-0,18911958	-0,017384976	-0,033654075	-0,023996245
41838	135,87988	-60,766453	-60,90731	-0,19355565	-0,017972492	-0,034511574	-0,024775643
41838	136,37988	-62,716454	-62,819149	-0,19787997	-0,018462472	-0,035298157	-0,025359485
41838	136,87988	-64,666458	-64,741478	-0,20102262	-0,019013524	-0,03607982	-0,026071541
41838	137,37988	-66,616455	-66,646683	-0,20466745	-0,019573092	-0,03690267	-0,026758272
41838	137,87988	-68,566452	-68,569588	-0,20902306	-0,0200544	-0,037543204	-0,027438931
41838	138,37988	-70,516457	-70,550217	-0,21273196	-0,020617083	-0,038433194	-0,028133549
41838	138,87988	-72,466454	-72,556084	-0,21643192	-0,021132879	-0,039181996	-0,028810047
41838	139,37988	-74,416458	-74,53347	-0,22087693	-0,021769449	-0,039909098	-0,029564807
41838	139,87988	-76,366455	-76,452843	-0,22441	-0,022225954	-0,040715694	-0,030113179
41838	140,37988	-78,316452	-78,415268	-0,22847056	-0,022767313	-0,041403599	-0,030849949
41838	140,87988	-80,266457	-80,338257	-0,23158044	-0,023308419	-0,042210214	-0,03151568
41838	141,37988	-82,216454	-82,26506	-0,23535937	-0,023783825	-0,042873099	-0,032239065
41838	141,87988	-84,166458	-84,188881	-0,23858547	-0,024346046	-0,043647364	-0,032902643
41838	142,37988	-86,116455	-86,09977	-0,24278462	-0,024898	-0,044385303	-0,033474334
41838	142,87988	-88,066452	-88,118622	-0,24649352	-0,025509916	-0,045161486	-0,034251604
41838	143,37988	-90,016457	-90,080307	-0,24968237	-0,026060864	-0,045863543	-0,034908023
41838	143,87988	-91,966454	-92,07431	-0,25341362	-0,026560321	-0,046563618	-0,035580896
41838	144,37988	-93,916458	-94,037247	-0,25680661	-0,027100816	-0,04742761	-0,036256269
41838	144,87988	-95,866455	-95,950012	-0,26045293	-0,027584568	-0,048047137	-0,036840312
41838	145,37988	-97,816452	-97,861275	-0,26373118	-0,028206706	-0,048805475	-0,0375452
41838	145,87988	-99,766457	-99,732071	-0,26730597	-0,028620176	-0,049452152	-0,038195044
41838	146,37988	-101,71645	-101,69738	-0,27046204	-0,029205672	-0,050225172	-0,038779318
41838	146,87988	-103,66646	-103,6984	-0,27444661	-0,029738806	-0,050961908	-0,039521959
41838	147,37988	-105,61646	-105,67279	-0,27768612	-0,030268796	-0,051606823	-0,040125418
41838	147,87988	-107,56645	-107,71947	-0,28164685	-0,030861109	-0,052376531	-0,040904734
41838	148,37988	-109,51646	-109,58919	-0,28481185	-0,031351924	-0,052981574	-0,041489907
41838	148,87988	-111,46645	-111,57928	-0,28786063	-0,031917028	-0,053804718	-0,042197891
41838	149,37988	-113,41646	-113,48442	-0,29154718	-0,032433927	-0,054434445	-0,042751547
41838	149,87988	-115,36646	-115,40569	-0,29417425	-0,032952622	-0,055159651	-0,043404501
41838	150,37988	-117,31646	-117,33859	-0,29809326	-0,033543497	-0,055828143	-0,04406599
41838	150,87988	-119,26646	-119,29621	-0,30111969	-0,034077004	-0,056476958	-0,044671066
41838	151,37988	-121,21645	-121,29076	-0,30371696	-0,034522139	-0,057309568	-0,045379054
41838	151,87988	-123,16646	-123,26518	-0,30711591	-0,035142764	-0,057979353	-0,045974459
41838	152,37988	-125,11646	-125,18397	-0,31092912	-0,035687432	-0,058685303	-0,046609078
41838	152,87988	-127,06646	-127,13714	-0,31341314	-0,036167502	-0,059438944	-0,047280151
41838	153,37988	-129,01645	-129,11923	-0,31686276	-0,036717981	-0,06003515	-0,047848485
41838	153,87988	-130,96646	-131,09602	-0,31975061	-0,037289515	-0,060811047	-0,048585575
41838	154,37988	-132,91646	-132,92668	-0,32261908	-0,037782155	-0,06136452	-0,049079388
41838	154,87988	-134,86646	-134,83981	-0,3262341	-0,038283139	-0,062198173	-0,04978203
41838	155,37988	-136,81645	-136,84265	-0,32867491	-0,038855538	-0,062725946	-0,050364248
41838	155,87988	-138,76645	-138,77942	-0,33235252	-0,039406843	-0,063554406	-0,050994627
41838	156,37988	-140,71646	-140,77226	-0,33605695	-0,040019557	-0,064224511	-0,051698536
41838	156,87988	-142,66646	-142,76134	-0,33907592	-0,040470771	-0,064886048	-0,052291244
41838	157,37988	-144,61646	-144,72319	-0,3416732	-0,041039832	-0,065586381	-0,052947164
41838	157,87988	-146,56645	-146,65779	-0,3442198	-0,041572616	-0,066288427	-0,053509682
41838	158,37988	-148,51646	-148,58893	-0,34752786	-0,042157933	-0,067023143	-0,054081261
41838	158,87988	-150,46646	-150,46933	-0,35021752	-0,042625334	-0,067648649	-0,054734387
41838	159,37988	-152,41646	-152,38937	-0,35301149	-0,043129303	-0,068281926	-0,055292435
41838	159,87988	-154,36646	-154,35762	-0,3562659	-0,043736402	-0,069098435	-0,055836193
41838	160,37988	-156,31645	-156,37784	-0,35911053	-0,044208359	-0,06964206	-0,056532562
41838	160,87988	-158,26646	-158,36856	-0,36265999	-0,044773869	-0,070460111	-0,057114832
41838	161,37988	-160,21646	-160,32622	-0,36577433	-0,045347515	-0,071168721	-0,057771929
41838	161,87988	-162,16646	-162,22525	-0,36800653	-0,045852836	-0,071746998	-0,058371149
41838	162,37988	-164,11646	-164,22728	-0,37165731	-0,046449605	-0,072470196	-0,058997124
41838	162,87988	-166,06645	-166,08775	-0,37465543	-0,046925966	-0,073070899	-0,059525669
41838	163,37988	-168,01646	-168,01378	-0,376454	-0,04746028	-0,073817097	-0,060210913
41838	163,87988	-169,96646	-169,96013	-0,37957877	-0,047989897	-0,074455455	-0,060680479
41838	164,37988	-171,91646	-171,9427	-0,3832832	-0,04862779	-0,075210549	-0,061391525
41838	164,87988	-173,86646	-173,931	-0,38534999	-0,049182989	-0,075896122	-0,061966434
41838	165,37988	-175,81645	-175,92393	-0,38962364	-0,049748003	-0,076565929	-0,06264773
41838	165,87988	-177,76646	-177,87462	-0,39195865	-0,050311662	-0,077292763	-0,063254617
41838	166,37988	-179,71646	-179,79431	-0,39485693	-0,050864991	-0,077961236	-0,063820176
41838	166,87988	-181,66646	-181,69789	-0,39775968	-0,05133833	-0,07875786	-0,064440124
41838	167,37988	-183,61646	-183,64522	-0,40029138	-0,051960606	-0,079229109	-0,065077916
41838	167,87988	-184,45157	-184,55679	-0,40221363	-0,052220281	-0,079762533	-0,065378897
41838	168,37988	-182,50156	-182,49585	-0,39966255	-0,051779035	-0,079190165	-0,064985029
41838	168,87988	-180,55156	-180,49936	-0,39719641	-0,051309124	-0,078638233	-0,064370535
41838	169,37988	-178,60156	-178,62053	-0,39482862	-0,050861768	-0,078088529	-0,063996129
41838	169,87988	-176,65157	-176,6225	-0,39272457	-0,050354596	-0,077433407	-0,063393928
41838	170,37988	-174,70157	-174,73236	-0,38934797	-0,049920645	-0,076951623	-0,062987618
41838	170,87988	-172,75156	-172,76869	-0,38753301	-0,049459346	-0,076186292	-0,06237258
41838	171,37988	-170,80156	-170,72699	-0,38412213	-0,048911653	-0,075719468	-0,061821468
41838	171,87988	-168,85156	-168,73488	-0,38204044	-0,048491985	-0,075056568	-0,061296679
41838	172,37988	-166,90157	-166,80472	-0,37868023	-0,047977515	-0,074473657	-0,060850941
41838	172,87988	-164,95157	-164,8199	-0,37644207	-0,047460858	-0,07381352	-0,060253873
41838	173,37988	-163,00156	-162,93701	-0,37402809	-0,04695366	-0,073304191	-0,059796385
41838	173,87988	-161,05156	-161,02028	-0,3712818	-0,046566177	-0,072725497	-0,059199683
41838	174,37988	-159,10156	-159,12305	-0,36851615	-0,046088416	-0,072010621	-0,058705352
41838	174,87988	-157,15157	-157,09837	-0,36593527	-0,045545742	-0,071368858	-0,058123901
41838	175,37988	-155,20157	-155,20924	-0,36292672	-0,045038261	-0,070835218	-0,057657264
41838	175,87988	-153,25156	-153,19231	-0,36042333	-0,04458335	-0,070191272	-0,057031013
41838	176,37988	-151,30156	-151,18849	-0,35676062	-0,044160619	-0,069657795	-0,056523301
41838	176,87988	-149,35156	-149,2191	-0,35469532	-0,043546326	-0,068883441	-0,055859275
41838	177,37988	-147,40157	-147,31396	-0,3524974	-0,043097302	-0,068250515	-0,055370525
41838	177,87988	-145,45157	-145,38986	-0,34935027	-0,042675212	-0,067740038	-0,054776996
41838	178,37988	-143,50156	-143,45082	-0,34664273	-0,042178281	-0,067000717	-0,054305125
41838	178,87988	-141,55156	-141,51093	-0,34363121	-0,041645911	-0,066413872	-0,053746432
41838	179,37988	-139,60156	-139,56189	-0,34095049	-0,041182373	-0,065842062	-0,053175859
41838	179,87988	-137,65157	-137,63194	-0,3381148	-0,040676095	-0,065235615	-0,052680787
41838	180,37988	-135,70157	-135,61131	-0,33560693	-0,040179126	-0,064499028	-0,05205413
41838	180,87988	-133,75156	-133,66231	-0,33236593	-0,039656848	-0,063876644	-0,05148793
41838	181,37988	-131,80156	-131,65544	-0,32971501	-0,039169192	-0,063257843	-0,050873078
41838	181,87988	-129,85156	-129,76111	-0,32636821	-0,038643114	-0,062529229	-0,050360031
41838	182,37988	-127,90156	-127,81842	-0,32391548	-0,038073502	-0,061961655	-0,049687326
41838	182,87988	-125,95156	-125,90556	-0,32125562	-0,037658535	-0,061286252	-0,049210772
41838	183,37988	-124,00156	-123,96923	-0,31790882	-0,037159808	-0,06061415	-0,048580915
41838	183,87988	-122,05156	-122,05754	-0,3147468	-0,036544673	-0,060059745	-0,048021972
41838	184,37988	-120,10156	-120,06339	-0,31184405	-0,036165766	-0,059347138	-0,047385179
41838	184,87988	-118,15156	-118,12288	-0,30853599	-0,035546474	-0,05871835	-0,046837918
41838	185,37988	-116,20156	-116,07986	-0,30542016	-0,035071783	-0,057969082	-0,04614573
41838	185,87988	-114,25156	-114,12042	-0,30324161	-0,034602061	-0,057361361	-0,045575149
41838	186,37988	-112,30156	-112,21874	-0,29969215	-0,034104332	-0,056667067	-0,04496368
41838	186,87988	-110,35156	-110,261	-0,29759854	-0,03356912	-0,056036331	-0,044376977
41838	187,37988	-108,40156	-108,37309	-0,29371232	-0,033023641	-0,055387493	-0,043844968
41838	187,87988	-106,45156	-106,44285	-0,29046983	-0,032537214	-0,054681934	-0,043174624
41838	188,37988	-104,50156	-104,49945	-0,28758049	-0,032083862	-0,054072961	-0,042574711
41838	188,87988	-102,55156	-102,48189	-0,28387755	-0,031537116	-0,053269543	-0,041934215
41838	189,37988	-100,60156	-100,52146	-0,28077215	-0,031021118	-0,052532151	-0,041283961
41838	189,87988	-98,651558	-98,568329	-0,27803034	-0,030483991	-0,051863216	-0,040699601
41838	190,37988	-96,701561	-96,572395	-0,27413964	-0,030017346	-0,051190358	-0,040011205
41838	190,87988	-94,751564	-94,662552	-0,27108043	-0,029557332	-0,050574072	-0,039397046
41838	191,37988	-92,801559	-92,719345	-0,26695132	-0,02903714	-0,04985467	-0,038790062
41838	191,87988	-90,851563	-90,820236	-0,2646327	-0,02854231	-0,049092364	-0,038210467
41838	192,37988	-88,901558	-88,879509	-0,2611354	-0,028041154	-0,048407435	-0,0374614
41838	192,87988	-86,951561	-86,944977	-0,25722831	-0,027506001	-0,047713492	-0,036841128
41838	193,37988	-85,001556	-84,964249	-0,25413781	-0,026980102	-0,0470048	-0,036107477
41838	193,87988	-83,051559	-82,982704	-0,25019199	-0,026484571	-0,046240628	-0,035553902
41838	194,37988	-81,101563	-81,045425	-0,24648458	-0,025970995	-0,045538254	-0,034902148
41838	194,87988	-79,151558	-79,026779	-0,24331957	-0,025417902	-0,044855416	-0,034150109
41838	195,37988	-77,201561	-77,134232	-0,23926944	-0,024856403	-0,044015486	-0,033538848
41838	195,87988	-75,251556	-75,187477	-0,23602247	-0,024332955	-0,043283254	-0,032793902
41838	196,37988	-73,301559	-73,264656	-0,23209602	-0,023835823	-0,042516269	-0,032175411
41838	196,87988	-71,351563	-71,30732	-0,22794157	-0,023394302	-0,041820426	-0,031423058
41838	197,37988	-69,401558	-69,373573	-0,22396892	-0,022804447	-0,041008573	-0,030811492
41838	197,87988	-67,451561	-67,402725	-0,22073984	-0,022345394	-0,04012806	-0,030065725
41838	198,37988	-65,501556	-65,443138	-0,21653175	-0,021786705	-0,039572608	-0,029394597
41838	198,87988	-63,551559	-63,455879	-0,21235645	-0,021211967	-0,038686175	-0,028747365
41838	199,37988	-61,601559	-61,483749	-0,20896494	-0,020629317	-0,037909809	-0,028044254
41838	199,87988	-59,651558	-59,594509	-0,20495504	-0,020180151	-0,037206091	-0,02744142
41838	200,37988	-57,701561	-57,651489	-0,20052642	-0,019638784	-0,036181804	-0,026699966
41838	200,87988	-55,75156	-55,717106	-0,19574016	-0,01904501	-0,035506412	-0,02606128
41838	201,37988	-53,801559	-53,73724	-0,19267499	-0,018433176	-0,034561541	-0,025227906
41838	201,87988	-51,851559	-51,825859	-0,18796325	-0,017916605	-0,033772249	-0,02459738
41838	202,37988	-49,901558	-49,827473	-0,18348694	-0,017381117	-0,032926593	-0,023847621
41838	202,87988	-47,951561	-47,862289	-0,17845482	-0,016846411	-0,032198474	-0,023182651
41838	203,37988	-46,00156	-45,915867	-0,17389804	-0,016291171	-0,031157086	-0,022468382
41838	203,87988	-44,051559	-43,973103	-0,17010719	-0,015664078	-0,030267913	-0,021731915
41838	204,37988	-42,101559	-42,048481	-0,16555637	-0,015155725	-0,029433737	-0,02108096
41838	204,87988	-40,151558	-40,066761	-0,16191304	-0,014542975	-0,028440639	-0,020340852
41838	205,37988	-38,201557	-38,154774	-0,15614182	-0,014049195	-0,027537838	-0,019689996
41838	205,87988	-36,25156	-36,208202	-0,15169233	-0,013466515	-0,026559811	-0,018966613
41838	206,37988	-34,301559	-34,2607	-0,14622808	-0,012847863	-0,025653575	-0,01825862
41838	206,87988	-32,351559	-32,31543	-0,14174134	-0,012268752	-0,024631817	-0,01753263
41838	207,37988	-30,401558	-30,306513	-0,13608783	-0,01161129	-0,023640022	-0,016773447
41838	207,87988	-28,451559	-28,373348	-0,1306951	-0,011042461	-0,022619059	-0,016144566
41838	208,37988	-26,501558	-26,387844	-0,12615174	-0,010450691	-0,02159545	-0,015327604
41838	208,87988	-24,551559	-24,474648	-0,12084544	-0,0098735318	-0,020681165	-0,014715063
41838	209,37988	-22,601559	-22,537447	-0,11454076	-0,0091420263	-0,019533539	-0,01390594
41838	209,87988	-20,651558	-20,629396	-0,10894686	-0,0085628554	-0,018401328	-0,013253833
41838	210,37988	-18,701559	-18,66444	-0,10216832	-0,0078775808	-0,017228054	-0,012523941
41838	210,87988	-16,751558	-16,727287	-0,096423924	-0,0073457658	-0,016149973	-0,011827879
41838	211,37988	-14,801558	-14,748654	-0,088779628	-0,0066646114	-0,015057086	-0,011029825
41838	211,87988	-12,851559	-12,830155	-0,081935525	-0,0060134158	-0,013728904	-0,010348552
41838	212,37988	-10,901558	-10,838658	-0,074054301	-0,0053704306	-0,012568799	-0,0096058222
41838	212,87988	-8,9515581	-8,8859472	-0,065946579	-0,0046317801	-0,011203977	-0,0089916885
41838	213,37988	-7,0015583	-7,1862192	-0,05722791	-0,0042533651	-0,0099018449	-0,0084270649
41838	213,87988	-5,051558	-5,657371	-0,048935413	-0,0037808865	-0,0088065257	-0,0079393312
41838	214,37988	-3,927	-3,7901049	-0,034913421	-0,0031986907	-0,0072790473	-0,0073537864
41838	214,87988	-3,927	-3,732074	-0,033327937	-0,0031680092	-0,0070690722	-0,0073275119
41838	215,37988	-3,927	-3,6581066	-0,032912195	-0,003088586	-0,0068658348	-0,0071437117
41838	215,87988	-3,927	-3,6782939	-0,033040345	-0,0031393692	-0,0068396139	-0,0071854424
41838	216,37988	-3,927	-3,7083681	-0,032788515	-0,0030381158	-0,006845511	-0,0070441514
41838	216,87988	-3,927	-3,7452261	-0,032418966	-0,0030421317	-0,0068007661	-0,0070729405
41838	217,37988	-3,927	-3,80232	-0,033380091	-0,0030111596	-0,0068745133	-0,0071242582
41838	217,87988	-3,927	-3,8069134	-0,032582879	-0,0029962882	-0,0068356209	-0,0070664641
41838	218,37988	-3,927	-3,8677845	-0,03362596	-0,0029932261	-0,0068399934	-0,0070996508
41838	218,87988	-3,927	-3,8561542	-0,033764541	-0,0030322671	-0,0067903702	-0,0070011541
41838	219,37988	-3,927	-3,890898	-0,033475459	-0,002972506	-0,006906081	-0,0070749596
41838	219,87988	-3,927	-3,8984065	-0,033426285	-0,0029005259	-0,0067542293	-0,0069655031
41838	220,37988	-3,927	-3,9100573	-0,033733249	-0,0029823929	-0,0067614424	-0,0070279781
41838	220,87988	-3,927	-3,9479938	-0,033593178	-0,0029743686	-0,006764655	-0,0070772916
41838	221,37988	-3,927	-3,896728	-0,033129752	-0,0029634088	-0,0067300163	-0,0069426596
41838	221,87988	-3,927	-3,9150529	-0,033341348	-0,0029842108	-0,0067448742	-0,0070428904
41838	222,37988	-3,927	-3,8947723	-0,033433735	-0,0028538257	-0,0066464008	-0,0069280304
41838	222,87988	-3,927	-3,9058681	-0,033940375	-0,0029914826	-0,0067023528	-0,0069853347
41838	223,37988	-3,927	-3,9191618	-0,032880902	-0,0029355437	-0,0066819098	-0,0069829933
41838	223,87988	-3,927	-3,9119608	-0,033445656	-0,0029163212	-0,006721836	-0,0069202948
41838	224,37988	-3,927	-3,9383285	-0,033193827	-0,002850011	-0,0066404296	-0,0069991648
41838	224,87988	-3,927	-3,9193518	-0,03349781	-0,0029845238	-0,0066492716	-0,0069107041
41838	225,37988	-3,927	-3,9060619	-0,032524765	-0,0028616861	-0,00673514	-0,0069051292
41838	225,87988	-3,927	-3,9129331	-0,032913685	-0,0028501898	-0,0066703316	-0,0069222748
41838	226,37988	-3,927	-3,8954113	-0,033022463	-0,0028562173	-0,006592866	-0,0068993717
41838	226,87988	-3,927	-3,9371271	-0,034035742	-0,0029198304	-0,0066668065	-0,006959945
41838	227,37988	-3,927	-3,8916934	-0,032830238	-0,0028076097	-0,0065607335	-0,0068431906
41838	227,87988	-3,927	-3,9008596	-0,03284812	-0,0028960556	-0,0066267168	-0,0068893172
41838	228,37988	-3,927	-3,9271581	-0,032788515	-0,002902694	-0,0065715234	-0,0069022663
41838	228,87988	-3,927	-3,9286761	-0,032587349	-0,0027993023	-0,0066157705	-0,0068873353
41838	229,37988	-3,927	-3,9435885	-0,033000112	-0,0029074028	-0,0065026251	-0,0069168508
41838	229,87988	-3,927	-3,9092171	-0,03259927	-0,0028432012	-0,0064876406	-0,0067899078
41838	230,37988	-3,927	-3,9291699	-0,032438338	-0,0028059483	-0,0065718135	-0,0068594292
41838	230,87988	-3,927	-3,8886423	-0,032891333	-0,0027959719	-0,0064706635	-0,0068136826
41838	231,37988	-3,927	-3,9004796	-0,032711029	-0,002872549	-0,0065355091	-0,0068634581
41838	231,87988	-3,927	-3,9111917	-0,031645596	-0,002777189	-0,0064965123	-0,0067896713
41838	232,37988	-3,927	-3,9124396	-0,032952428	-0,0027996823	-0,0064967428	-0,0068255626
41838	232,87988	-3,927	-3,9269776	-0,032998621	-0,0028161854	-0,0065396214	-0,0068360828
41838	233,37988	-3,927	-3,9288588	-0,032292306	-0,0027759597	-0,0065337168	-0,0068043806
41838	233,87988	-3,927	-3,9372482	-0,032494962	-0,0028173923	-0,0065862625	-0,0068335086
41838	234,37988	-3,927	-3,9122515	-0,031834841	-0,0027301013	-0,0064005083	-0,0067954212
41838	234,87988	-3,927	-3,922755	-0,032573938	-0,0028061569	-0,0065778671	-0,0068699531
41838	235,37988	-3,927	-3,8946402	-0,032512844	-0,0027874559	-0,0064882431	-0,006808931
41838	235,87988	-3,927	-3,9228723	-0,031793118	-0,0027717873	-0,0063948268	-0,0068399496
41838	236,37988	-3,927	-3,9143953	-0,031906366	-0,0027433708	-0,0064864284	-0,0067862235
41838	236,87988	-3,927	-3,9428639	-0,032690167	-0,0027477145	-0,0064589735	-0,0068291984
41838	237,37988	-3,927	-3,9198344	-0,032323599	-0,0026992187	-0,0064914706	-0,0067411009
41838	237,87988	-3,927	-3,9298496	-0,032609701	-0,0026651025	-0,0064234198	-0,0067610722
41838	238,37988	-3,927	-3,9255936	-0,032143295	-0,0027972087	-0,0065366095	-0,0067690369
41838	238,87988	-3,927	-3,9113593	-0,032755733	-0,0027621016	-0,0064867483	-0,0067485385
41838	239,37988	-3,927	-3,9308705	-0,032803416	-0,0028092712	-0,0063860146	-0,006750064
41838	239,87988	-3,927	-3,8939769	-0,0328511	-0,0026449412	-0,0064794086	-0,0066999495
41838	240,37988	-3,927	-3,933845	-0,032190979	-0,0027662292	-0,0064606541	-0,0067393947
41838	240,87988	-3,927	-3,9070621	-0,032147765	-0,0027183294	-0,0064331689	-0,0067083724
41838	241,37988	-3,927	-3,9509535	-0,03220737	-0,002706103	-0,0064908159	-0,0068010092
41838	241,87988	-3,927	-3,9033928	-0,032585859	-0,0027108043	-0,0063795969	-0,0067316256
41838	242,37988	-3,927	-3,9515104	-0,032921135	-0,002667889	-0,0064884215	-0,0067626107
41838	242,87988	-3,927	-3,9165337	-0,032266974	-0,0027628168	-0,0063821478	-0,0066709854
41838	243,37988	-3,927	-3,9374976	-0,032094121	-0,0026549697	-0,006506477	-0,0067483298
41838	243,87988	-3,927	-3,9089956	-0,031661987	-0,0026546791	-0,0063382131	-0,0066150054
41838	244,37988	-4,7229962	-4,3455029	-0,034371018	-0,0027730539	-0,0067092683	-0,0067855231
41838	244,87988	-6,672996	-6,2573328	-0,044071674	-0,0031766444	-0,0078938613	-0,0071489587
41838	245,37988	-8,6229963	-8,6328163	-0,056342781	-0,003640458	-0,009089266	-0,0079140998
41838	245,87988	-10,572996	-10,878639	-0,065626204	-0,0041488111	-0,010346617	-0,0085431263
41838	246,37988	-12,522996	-12,788186	-0,071406364	-0,0047431141	-0,011267053	-0,0092423689
41838	246,87988	-14,472997	-14,666868	-0,078980625	-0,0052462742	-0,012140409	-0,0097412858
41838	247,37988	-16,422997	-16,600225	-0,085310638	-0,0057234466	-0,013172911	-0,010485683
41838	247,87988	-18,372997	-18,486351	-0,091457367	-0,0062600896	-0,014130552	-0,011080576
41838	248,37988	-20,322996	-20,474756	-0,09727478	-0,0068096966	-0,015117872	-0,011804589
41838	248,87988	-22,272997	-22,391073	-0,10251552	-0,0073652938	-0,01590736	-0,012448502
41838	249,37988	-24,222996	-24,396791	-0,1079306	-0,0079902932	-0,017065836	-0,013204157
41838	249,87988	-26,172997	-26,309324	-0,11352897	-0,008544445	-0,01793357	-0,013900209
41838	250,37988	-28,122997	-28,264732	-0,11828691	-0,009189032	-0,018761637	-0,014606009
41838	250,87988	-30,072996	-30,16947	-0,12318641	-0,0096029565	-0,019820442	-0,015350498
41838	251,37988	-32,022995	-32,067169	-0,12831986	-0,010257371	-0,020647656	-0,015957665
41838	251,87988	-33,972996	-34,033611	-0,13380349	-0,010797195	-0,021582274	-0,016720472
41838	252,37988	-35,922997	-36,010204	-0,13801903	-0,011302106	-0,022515552	-0,017438052
41838	252,87988	-37,872997	-37,952	-0,14247894	-0,011960946	-0,023379538	-0,018101459
41838	253,37988	-39,822998	-39,918083	-0,1477927	-0,012535542	-0,024201591	-0,018835604
41838	253,87988	-41,772999	-41,880749	-0,15220642	-0,013056628	-0,025010005	-0,019553024
41838	254,37988	-43,722996	-43,81802	-0,15604794	-0,013576671	-0,02601368	-0,020331854
41838	254,87988	-45,672997	-45,737541	-0,16144365	-0,014131457	-0,026790839	-0,020979036
41838	255,37988	-47,622997	-47,6637	-0,1651451	-0,01467488	-0,027726838	-0,021715963
41838	255,87988	-49,572998	-49,605453	-0,16893595	-0,015227944	-0,028496876	-0,022470152
41838	256,37988	-51,522999	-51,571468	-0,17405897	-0,015858635	-0,029308695	-0,023192383
41838	256,87988	-53,472996	-53,573944	-0,17824471	-0,016389154	-0,030249931	-0,023940016
41838	257,37988	-55,422997	-55,530262	-0,18229932	-0,01697015	-0,031052798	-0,02465901
41838	257,87988	-57,372997	-57,474674	-0,18619597	-0,017527007	-0,031891782	-0,025366647
41838	258,37988	-59,322998	-59,436234	-0,19018054	-0,018139847	-0,03268319	-0,026092349
41838	258,87988	-61,272999	-61,343819	-0,19457638	-0,018581539	-0,033369504	-0,026757115
41838	259,37988	-63,222996	-63,265141	-0,19901544	-0,019221157	-0,034321755	-0,027484214
41838	259,87988	-65,172997	-65,217094	-0,20210743	-0,019681491	-0,035029113	-0,028150288
41838	260,37988	-67,123001	-67,198532	-0,20672083	-0,020312183	-0,035893425	-0,028904201
41838	260,87988	-69,072998	-69,141327	-0,21075904	-0,02089864	-0,036652826	-0,029618545
41838	261,37988	-71,022995	-71,097206	-0,21456778	-0,021357328	-0,037531067	-0,030343037
41838	261,87988	-72,973	-73,096817	-0,21841675	-0,021939047	-0,038232911	-0,03099671
41838	262,37988	-74,922997	-75,012207	-0,22237748	-0,022568569	-0,038964573	-0,031663191
41838	262,87988	-76,873001	-76,987038	-0,2259478	-0,023163028	-0,039761178	-0,032428071
41838	263,37988	-78,822998	-78,86879	-0,22932291	-0,023616947	-0,040405814	-0,033052277
41838	263,87988	-80,772995	-80,775803	-0,23281574	-0,024140887	-0,041312352	-0,033737898
41838	264,37988	-82,723	-82,708069	-0,23611635	-0,024689302	-0,041898642	-0,034378011
41838	264,87988	-84,672997	-84,743782	-0,24034679	-0,025251023	-0,04278665	-0,035147861
41838	265,37988	-86,623001	-86,64489	-0,24460405	-0,025760904	-0,043482196	-0,035770871
41838	265,87988	-88,572998	-88,674805	-0,24798512	-0,02639813	-0,044182982	-0,036473051
41838	266,37988	-90,522995	-90,625542	-0,25140047	-0,026931949	-0,044948965	-0,03710774
41838	266,87988	-92,473	-92,546867	-0,25483668	-0,027441747	-0,045689568	-0,03778768
41838	267,37988	-94,422997	-94,467636	-0,25814474	-0,028027408	-0,046376899	-0,038449705
41838	267,87988	-96,373001	-96,390121	-0,26203245	-0,028552443	-0,04708292	-0,039146535
41838	268,37988	-98,322998	-98,361336	-0,26536286	-0,029037945	-0,047781356	-0,0398462
41838	268,87988	-100,27299	-100,29804	-0,26917458	-0,02965574	-0,048491672	-0,040515445
41838	269,37988	-102,223	-102,30547	-0,27231425	-0,030128367	-0,049171101	-0,041157313
41838	269,87988	-104,173	-104,21787	-0,27644336	-0,030799218	-0,0499749	-0,041800141
41838	270,37988	-106,123	-106,28118	-0,27931333	-0,031284176	-0,050705113	-0,042520978
41838	270,87988	-108,073	-108,17918	-0,28196722	-0,031844229	-0,051311206	-0,043061994
41838	271,37988	-110,02299	-110,10438	-0,28606206	-0,032312728	-0,052008864	-0,043747056
41838	271,87988	-111,973	-112,04406	-0,28941333	-0,032916173	-0,052725937	-0,044378728
41838	272,37988	-113,923	-113,93925	-0,2923876	-0,033395372	-0,053363416	-0,044966385
41838	272,87988	-115,873	-115,88207	-0,2959311	-0,033969298	-0,054196838	-0,045628171
41838	273,37988	-117,823	-117,85215	-0,29888749	-0,034495197	-0,054872666	-0,046247333
41838	273,87988	-119,773	-119,84377	-0,30277073	-0,035043754	-0,055527315	-0,046946615
41838	274,37988	-121,723	-121,78829	-0,30575991	-0,035618618	-0,056244511	-0,047524303
41838	274,87988	-123,673	-123,737	-0,30902028	-0,036152884	-0,05700852	-0,048193336
41838	275,37988	-125,623	-125,68867	-0,31242818	-0,036614381	-0,057666916	-0,048801154
41838	275,87988	-127,573	-127,60519	-0,3150627	-0,03719905	-0,058350734	-0,04941424
41838	276,37988	-129,52299	-129,52534	-0,3180638	-0,037685409	-0,058958095	-0,050084069
41838	276,87988	-131,47299	-131,44728	-0,3209427	-0,038194984	-0,059686162	-0,050648518
41838	277,37988	-133,423	-133,42374	-0,32454282	-0,038867742	-0,060519159	-0,051390141
41838	277,87988	-135,373	-135,41071	-0,32735914	-0,039367951	-0,061070789	-0,051886007
41838	278,37988	-137,323	-137,42792	-0,33063889	-0,039871529	-0,061953075	-0,052688554
41838	278,87988	-139,27299	-139,3299	-0,33338368	-0,040439188	-0,062473565	-0,053174242
41838	279,37988	-141,22299	-141,33932	-0,33691227	-0,04105052	-0,063132532	-0,053810704
41838	279,87988	-143,173	-143,28107	-0,33992529	-0,041481923	-0,063886479	-0,054439943
41838	280,37988	-145,123	-145,14024	-0,34274012	-0,042065002	-0,064514801	-0,055000924
41838	280,87988	-147,073	-147,07417	-0,34573376	-0,042622376	-0,065234877	-0,055625491
41838	281,37988	-149,02299	-149,03714	-0,34944117	-0,043084078	-0,065884337	-0,056162544
41838	281,87988	-150,97301	-151,04012	-0,35243779	-0,043664295	-0,066596441	-0,056853928
41838	282,37988	-152,923	-153,00993	-0,35493225	-0,044219121	-0,067261852	-0,057442389
41838	282,87988	-154,873	-154,98732	-0,35853386	-0,044709362	-0,067893192	-0,058061473
41838	283,37988	-156,823	-156,90053	-0,3613919	-0,045256231	-0,068584286	-0,058626533
41838	283,87988	-158,77299	-158,84285	-0,36425143	-0,045810852	-0,069211967	-0,0592397
41838	284,37988	-160,72301	-160,77376	-0,36631674	-0,046281721	-0,070046805	-0,059837572
41838	284,87988	-162,673	-162,70827	-0,36949068	-0,046825141	-0,070534959	-0,060448922
41838	285,37988	-164,623	-164,68196	-0,37261844	-0,047389314	-0,071255438	-0,061079867
41838	285,87988	-166,573	-166,55927	-0,37543774	-0,047912281	-0,071943082	-0,061634041
41838	286,37988	-168,52299	-168,56665	-0,37771612	-0,048454452	-0,072605386	-0,06228587
41838	286,87988	-170,47301	-170,53856	-0,3810972	-0,049007017	-0,073296435	-0,062910721
41838	287,37988	-172,423	-172,48764	-0,38325936	-0,049518481	-0,07389845	-0,063452207
41838	287,87988	-174,373	-174,41393	-0,38708448	-0,050101828	-0,074668221	-0,06407968
41838	288,37988	-176,323	-176,38791	-0,38960725	-0,050730303	-0,075355828	-0,064661644
41838	288,87988	-178,27299	-178,29781	-0,39258748	-0,051186644	-0,075947858	-0,065250352
41838	289,37988	-180,22301	-180,27245	-0,39578229	-0,05169351	-0,076688148	-0,065831117
41838	289,87988	-182,173	-182,17825	-0,39810985	-0,052257493	-0,077427045	-0,066493869
41838	290,37988	-184,123	-184,17415	-0,40188134	-0,052792076	-0,078128316	-0,067070402
41838	290,87988	-185	-185,0504	-0,40290058	-0,053089116	-0,078432254	-0,067435138
41838	291,37988	-185	-185,07042	-0,40317327	-0,053130612	-0,078423686	-0,067460246
41838	291,87988	-185	-185,06197	-0,40356815	-0,053239655	-0,078568302	-0,067562111
41838	292,37988	-185	-185,06427	-0,40344596	-0,053297151	-0,078565381	-0,067591034
41838	292,87988	-185	-185,08293	-0,40334016	-0,053329114	-0,078724623	-0,067641951
41838	293,37988	-185	-185,076	-0,40379316	-0,05337292	-0,078668728	-0,067668885
41838	293,87988	-185	-185,00288	-0,4036665	-0,053394292	-0,07870733	-0,06767185
41838	294,37988	-185	-184,97823	-0,40406287	-0,053350881	-0,078678459	-0,06769225
41838	294,87988	-185	-184,96101	-0,40372312	-0,053387579	-0,078692645	-0,067761935
41838	295,37988	-185	-184,985	-0,40375888	-0,053418331	-0,078762256	-0,067782514
41838	295,87988	-185	-184,97554	-0,40342063	-0,053508747	-0,078767337	-0,06783253
41838	296,37988	-185	-185,02167	-0,40435344	-0,053486556	-0,078835316	-0,067815773
41838	296,87988	-185	-185,03415	-0,40390044	-0,053518113	-0,078849882	-0,067926675
41838	297,37988	-185	-185,0107	-0,40423423	-0,053505257	-0,078817025	-0,067830108
41838	297,87988	-185	-185,01759	-0,40399879	-0,05359894	-0,078935526	-0,06797038
41838	298,37988	-185	-184,94827	-0,40428042	-0,053593766	-0,078872725	-0,06790445
41838	298,87988	-185	-184,95789	-0,40407479	-0,05363632	-0,078936853	-0,067947045
41838	299,37988	-185	-184,95705	-0,40394515	-0,053592142	-0,078891098	-0,067966707
41838	299,87988	-185	-184,99626	-0,40458292	-0,053638585	-0,078918792	-0,067992382
41838	300,37988	-185	-184,9362	-0,40449798	-0,053637911	-0,078991637	-0,067980021
41838	300,87988	-185	-185,05609	-0,40486604	-0,053663649	-0,078872725	-0,068074144
41838	301,37988	-185	-185,01759	-0,40447712	-0,053741913	-0,079055853	-0,068038151
41838	301,87988	-185	-185,06464	-0,40546805	-0,053721759	-0,079066746	-0,068178393
41838	302,37988	-185	-184,95874	-0,40469766	-0,05370076	-0,079093449	-0,068048477
41838	302,87988	-185	-184,98769	-0,40476173	-0,053759191	-0,079041347	-0,068100289
41838	303,37988	-185	-184,93077	-0,4051134	-0,053779449	-0,079062529	-0,068052411
41838	303,87988	-185	-184,9796	-0,40467381	-0,053778745	-0,079116218	-0,068189107
41838	304,37988	-185	-184,9736	-0,40507913	-0,053756647	-0,079032101	-0,068097927
41838	304,87988	-185	-185,03374	-0,40474236	-0,053829845	-0,079164162	-0,068215713
41838	305,37988	-185	-185,00684	-0,40499568	-0,05379137	-0,079116076	-0,068180919
41838	305,87988	-185	-185,03038	-0,40518194	-0,053764138	-0,079143591	-0,068216123
41838	306,37988	-185	-185,01932	-0,40532798	-0,053821977	-0,079131559	-0,068201751
41838	306,87988	-185	-184,97325	-0,40513128	-0,053865079	-0,079082452	-0,068178013
41838	307,37988	-185	-184,93164	-0,40498227	-0,053902198	-0,079167172	-0,068221778
41838	307,87988	-185	-184,95047	-0,40549487	-0,053840987	-0,079157129	-0,068194576
41838	308,37988	-185	-184,96609	-0,40567815	-0,053873938	-0,079197034	-0,068273008
41838	308,87988	-185	-185,02017	-0,40517598	-0,053907678	-0,079173654	-0,06832888
41838	309,37988	-185	-184,98335	-0,40517598	-0,05384434	-0,079111598	-0,068264879
41838	309,87988	-185	-185,03247	-0,40570796	-0,053918004	-0,079278447	-0,068357341
41838	310,37988	-185	-185,02045	-0,40571243	-0,05382834	-0,079267241	-0,068294838
41838	310,87988	-185	-185,05603	-0,40495545	-0,053910267	-0,07926181	-0,068371698
41838	311,37988	-185	-184,96982	-0,40536821	-0,053882904	-0,079191528	-0,068342082
41838	311,87988	-185	-184,95961	-0,40511042	-0,053899776	-0,079245783	-0,068358533
41838	312,37988	-185	-184,9547	-0,40524006	-0,053996928	-0,079265885	-0,06830842
41838	312,87988	-185	-184,98941	-0,40580481	-0,053922988	-0,079249367	-0,068406403
41838	313,37988	-185	-184,97079	-0,40541589	-0,053889003	-0,079272106	-0,068345688
41838	313,87988	-185	-185,00752	-0,40562153	-0,053965598	-0,079174899	-0,068444118
41838	314,37988	-185	-184,98868	-0,4055202	-0,053979505	-0,079270117	-0,068345509
41838	314,87988	-185	-185,04234	-0,40599108	-0,053942673	-0,079291508	-0,068459123
41838	315,37988	-185	-184,99336	-0,40559471	-0,053961206	-0,079294428	-0,068356276
41838	315,87988	-185	-184,96324	-0,40584356	-0,053964995	-0,079369284	-0,068406463
41838	316,37988	-185	-184,96066	-0,40576309	-0,053923037	-0,079290166	-0,06841968
41838	316,87988	-185	-184,95006	-0,40613413	-0,053930573	-0,079364717	-0,068414681
41838	317,37988	-185	-184,96317	-0,40617138	-0,054022498	-0,079390578	-0,068413921
41838	317,87988	-185	-184,97214	-0,4055351	-0,054003358	-0,079300351	-0,068429515
41838	318,37988	-185	-184,98036	-0,40590316	-0,054027524	-0,079391845	-0,068454184
41838	318,87988	-185	-185,02339	-0,4058674	-0,054072831	-0,079361431	-0,068426065
41838	319,37988	-185	-185,07063	-0,40592849	-0,05405305	-0,079451822	-0,06850493
41838	319,87988	-185	-185,0096	-0,40614605	-0,054060802	-0,079408899	-0,068404943
41838	320,37988	-185	-184,96834	-0,40538311	-0,053990513	-0,079429634	-0,068452589
41838	320,87988	-183,66211	-183,59587	-0,40413141	-0,053683043	-0,079053909	-0,068083003
41838	321,37988	-181,16211	-181,12111	-0,40048957	-0,053022962	-0,078262016	-0,067492805
41838	321,87988	-178,66211	-178,55412	-0,39763451	-0,052432314	-0,077547036	-0,066712931
41838	322,37988	-176,16211	-176,15747	-0,39397776	-0,051860269	-0,076815315	-0,066068657
41838	322,87988	-173,66211	-173,59406	-0,39119124	-0,051198047	-0,075987987	-0,065337121
41838	323,37988	-171,16211	-171,10759	-0,38760006	-0,050583832	-0,075206667	-0,064748034
41838	323,87988	-168,66211	-168,59341	-0,38367361	-0,050022174	-0,074367203	-0,063939735
41838	324,37988	-166,16211	-166,04732	-0,38033724	-0,049322948	-0,07366021	-0,063290976
41838	324,87988	-163,66211	-163,53215	-0,37724227	-0,048730053	-0,072697505	-0,062634468
41838	325,37988	-161,16211	-161,04994	-0,37450194	-0,048053678	-0,07215061	-0,0619241
41838	325,87988	-158,66211	-158,59225	-0,37058294	-0,04744393	-0,071253784	-0,061303124
41838	326,37988	-156,16211	-156,07776	-0,36660731	-0,046788238	-0,070424043	-0,060505942
41838	326,87988	-153,66211	-153,57428	-0,36329478	-0,046156734	-0,069705553	-0,059838898
41838	327,37988	-151,16211	-151,10532	-0,35975128	-0,045531474	-0,068913981	-0,059098825
41838	327,87988	-148,66211	-148,60016	-0,35665333	-0,044937197	-0,06812378	-0,058382571
41838	328,37988	-146,16211	-146,0585	-0,35260767	-0,044281524	-0,067307837	-0,057625957
41838	328,87988	-143,66211	-143,56366	-0,3489688	-0,043557182	-0,066401348	-0,056961022
41838	329,37988	-141,16211	-141,03125	-0,34582764	-0,042994522	-0,065652594	-0,056217104
41838	329,87988	-138,66211	-138,52145	-0,34220815	-0,042351294	-0,064866312	-0,055519551
41838	330,37988	-136,16211	-136,09489	-0,33839345	-0,041671827	-0,064057283	-0,054790046
41838	330,87988	-133,66211	-133,56421	-0,33447295	-0,041025177	-0,063167311	-0,054031976
41838	331,37988	-131,16211	-131,16197	-0,33129752	-0,040414095	-0,062444262	-0,05337356
41838	331,87988	-128,66211	-128,59212	-0,32690763	-0,039779879	-0,06161917	-0,052608874
41838	332,37988	-126,16211	-126,14227	-0,32357574	-0,039080627	-0,060694914	-0,051865458
41838	332,87988	-123,66211	-123,51556	-0,31967014	-0,038426384	-0,059826653	-0,050992604
41838	333,37988	-121,16211	-121,05592	-0,31563938	-0,037804268	-0,059049282	-0,050272115
41838	333,87988	-118,66211	-118,56573	-0,31183064	-0,037069507	-0,058340162	-0,049493276
41838	334,37988	-116,16211	-116,05904	-0,30790865	-0,036413394	-0,057384741	-0,04878591
41838	334,87988	-113,66211	-113,56711	-0,30377507	-0,035753481	-0,056465488	-0,04794246
41838	335,37988	-111,16211	-111,10587	-0,3006041	-0,035129927	-0,055733427	-0,047202677
41838	335,87988	-108,66211	-108,61483	-0,29606074	-0,034472026	-0,054791272	-0,046385624
41838	336,37988	-106,16211	-106,07391	-0,2925992	-0,033717237	-0,053988203	-0,045589939
41838	336,87988	-103,66211	-103,62021	-0,28784573	-0,033160739	-0,053140327	-0,044787198
41838	337,37988	-101,16211	-101,09123	-0,2832666	-0,032462746	-0,0522063	-0,043984376
41838	337,87988	-98,662109	-98,509773	-0,28001666	-0,03180097	-0,051391814	-0,043118015
41838	338,37988	-96,162109	-96,062141	-0,27516931	-0,031148069	-0,050371367	-0,042320061
41838	338,87988	-93,662109	-93,550903	-0,27063489	-0,030475602	-0,049558204	-0,041400552
41838	339,37988	-91,162109	-91,075348	-0,26657581	-0,029844791	-0,048690908	-0,040668607
41838	339,87988	-88,662109	-88,533463	-0,26178062	-0,029187687	-0,047753062	-0,039726406
41838	340,37988	-86,162109	-86,117119	-0,25809556	-0,028522529	-0,046858791	-0,038970415
41838	340,87988	-83,662109	-83,586533	-0,2534017	-0,027828798	-0,04591969	-0,038017564
41838	341,37988	-81,162109	-81,096199	-0,24874657	-0,027141303	-0,04505115	-0,03725002
41838	341,87988	-78,662109	-78,561569	-0,24412572	-0,026429869	-0,04402281	-0,036325138
41838	342,37988	-76,162109	-76,046173	-0,23934543	-0,025833674	-0,043229256	-0,035399623
41838	342,87988	-73,662109	-73,556702	-0,23445338	-0,025081761	-0,042152576	-0,034547389
41838	343,37988	-71,162109	-71,042007	-0,22892505	-0,024377316	-0,041180555	-0,033657447
41838	343,87988	-68,662109	-68,549667	-0,22429377	-0,02373977	-0,040268298	-0,032736108
41838	344,37988	-66,162109	-66,067177	-0,21972656	-0,022993855	-0,039300408	-0,03181906
41838	344,87988	-63,662109	-63,594551	-0,21490157	-0,02231846	-0,038360585	-0,030944139
41838	345,37988	-61,162109	-61,080685	-0,20944029	-0,021626823	-0,037322629	-0,029983433
41838	345,87988	-58,662109	-58,575073	-0,20461828	-0,020888709	-0,036257196	-0,029126102
41838	346,37988	-56,162109	-56,045013	-0,19874126	-0,020150498	-0,035266604	-0,028239282
41838	346,87988	-53,662109	-53,556667	-0,19394159	-0,019492038	-0,034102436	-0,027301719
41838	347,37988	-51,162109	-51,036854	-0,18801391	-0,018682182	-0,033199817	-0,026364962
41838	347,87988	-48,662109	-48,559982	-0,18204153	-0,017955072	-0,031922098	-0,025467746
41838	348,37988	-46,162109	-46,045063	-0,17683059	-0,017231345	-0,031020869	-0,024498086
41838	348,87988	-43,662109	-43,600723	-0,17012358	-0,016565949	-0,029797012	-0,023664709
41838	349,37988	-41,162109	-41,089989	-0,1651451	-0,015776485	-0,028632108	-0,022663867
41838	349,87988	-38,662109	-38,593281	-0,15915483	-0,01503998	-0,027518284	-0,021661272
41838	350,37988	-36,162109	-36,078548	-0,1520589	-0,014225937	-0,026320688	-0,020773582
41838	350,87988	-33,662109	-33,548637	-0,14582574	-0,013454244	-0,025069339	-0,01974017
41838	351,37988	-31,162109	-31,04752	-0,13978332	-0,012670845	-0,023789262	-0,018831627
41838	351,87988	-28,662109	-28,511171	-0,13324171	-0,011900134	-0,022454128	-0,017753808
41838	352,37988	-26,162109	-26,052212	-0,12624562	-0,010997437	-0,021258492	-0,016829444
41838	352,87988	-23,662109	-23,539972	-0,11902153	-0,010200106	-0,019923015	-0,015848648
41838	353,37988	-21,162109	-21,082771	-0,11169314	-0,0094280392	-0,018563516	-0,014972788
41838	353,87988	-18,662109	-18,553337	-0,1033932	-0,0085365921	-0,017160553	-0,01389808
41838	354,37988	-16,162109	-16,131275	-0,094734132	-0,0077161863	-0,015757456	-0,012967397
41838	354,87988	-13,662109	-13,573377	-0,086271763	-0,0067963079	-0,014276366	-0,011933342
41838	355,37988	-11,162109	-11,114547	-0,076912344	-0,0059826225	-0,012710002	-0,010994322
41838	355,87988	-8,6621094	-8,5905066	-0,06609261	-0,005172275	-0,011216916	-0,010027418
41838	356,37988	-6,1621094	-6,4324832	-0,054961443	-0,0043924674	-0,0095573375	-0,0091392985
41838	356,87988	-3,927	-4,2166114	-0,040526688	-0,0037115142	-0,0080564367	-0,0084398407
41838	357,37988	-3,927	-3,6316626	-0,034913421	-0,0035039186	-0,0073760035	-0,0081796199
41838	357,87988	-3,927	-3,6734362	-0,034718215	-0,0033418164	-0,0072074868	-0,0081157135
41838	358,37988	-3,927	-3,6587901	-0,033631921	-0,003393963	-0,0072680414	-0,0080419853
41838	358,87988	-3,927	-3,6869962	-0,034143031	-0,0032970533	-0,0071221534	-0,0080414433
41838	359,37988	-3,927	-3,7148111	-0,03388077	-0,0033755526	-0,0072378125	-0,0080190767
41838	359,87988	-3,927	-3,7495718	-0,0347808	-0,0033252239	-0,0072224266	-0,0079903137
41838	360,37988	-3,927	-3,7938709	-0,034762919	-0,0033251047	-0,0070901546	-0,0079816878
41838	360,87988	-3,927	-3,7927442	-0,03465414	-0,0032502487	-0,0072012995	-0,0079104714
41838	361,37988	-3,927	-3,8643219	-0,034290552	-0,0033008307	-0,0070997849	-0,007995449
41838	361,87988	-3,927	-3,8291569	-0,034584105	-0,0032175034	-0,0071522412	-0,0079201609
41838	362,37988	-3,927	-3,9053261	-0,034248829	-0,0032429174	-0,0070625506	-0,0079829823
41838	362,87988	-3,927	-3,8929694	-0,035017729	-0,0032515228	-0,0071082548	-0,0079246741
41838	363,37988	-3,927	-3,9245486	-0,034870207	-0,0033065677	-0,0070987586	-0,0079438593
41838	363,87988	-3,927	-3,918534	-0,034502149	-0,0032338649	-0,0070155971	-0,0079142377
41838	364,37988	-3,927	-3,9055274	-0,034962595	-0,0031929091	-0,0070584309	-0,0078871772
41838	364,87988	-3,927	-3,8866959	-0,034655631	-0,00315772	-0,0070071644	-0,0078392047
41838	365,37988	-3,927	-3,8830209	-0,034837425	-0,0031531006	-0,0071091251	-0,007781649
41838	365,87988	-3,927	-3,9117596	-0,034944713	-0,0031697005	-0,0070409183	-0,0078346767
41838	366,37988	-3,927	-3,8896222	-0,034977496	-0,0031527653	-0,0069673792	-0,0077534225
41838	366,87988	-3,927	-3,9241426	-0,03477484	-0,0031412393	-0,0070810155	-0,0078895111
41838	367,37988	-3,927	-3,9153974	-0,034609437	-0,0031966791	-0,0070305741	-0,0078019593
41838	367,87988	-3,927	-3,9305575	-0,03451854	-0,0032073781	-0,0070403977	-0,0078260396
41838	368,37988	-3,927	-3,9231126	-0,034561753	-0,0031258166	-0,0070767766	-0,0078263562
41838	368,87988	-3,927	-3,9282608	-0,034369528	-0,0032019615	-0,0069248057	-0,0077899192
41838	369,37988	-3,927	-3,9080176	-0,034588575	-0,0031756684	-0,0070228549	-0,0077936947
41838	369,87988	-3,927	-3,9280262	-0,034275651	-0,0031457916	-0,0069329338	-0,0077946596
41838	370,37988	-3,927	-3,9180908	-0,034883618	-0,0031516626	-0,0070403456	-0,0077664759
41838	370,87988	-3,927	-3,9253273	-0,0346452	-0,0031075925	-0,006880403	-0,0077323653
41838	371,37988	-3,927	-3,9133542	-0,034968555	-0,0030453429	-0,0068440312	-0,0077740755
41838	371,87988	-3,927	-3,9211364	-0,034239888	-0,0030967519	-0,006950588	-0,0077525042
41838	372,37988	-3,927	-3,9328356	-0,034223497	-0,0030629709	-0,0068160482	-0,0077656824
41838	372,87988	-3,927	-3,9101839	-0,03413558	-0,0030132681	-0,0069095981	-0,0077231284
41838	373,37988	-3,927	-3,9262567	-0,034163892	-0,0030341819	-0,0069105132	-0,0077243801
41838	373,87988	-3,927	-3,8902388	-0,034375489	-0,0030433536	-0,0068744016	-0,0076933093
41838	374,37988	-3,927	-3,9135516	-0,034360588	-0,0030564368	-0,0068559521	-0,0077103302
41838	374,87988	-3,927	-3,8957353	-0,03413111	-0,0031355023	-0,0067985873	-0,0076604653
41838	375,37988	-3,927	-3,9118807	-0,034300983	-0,0030030608	-0,0068594026	-0,007719012
41838	375,87988	-3,927	-3,9170868	-0,034375489	-0,0030275211	-0,0068214172	-0,0076630991
41838	376,37988	-3,927	-3,9319825	-0,034438074	-0,0030808747	-0,0068463888	-0,0076652188
41838	376,87988	-3,927	-3,886517	-0,034174323	-0,0029421821	-0,006778643	-0,0076267663
41838	377,37988	-3,927	-3,933156	-0,034040213	-0,0030457079	-0,0067954343	-0,0076952986
41838	377,87988	-3,927	-3,889421	-0,03414005	-0,0030468628	-0,0067911288	-0,0076429434
41838	378,37988	-3,927	-3,9309356	-0,033885241	-0,0030439943	-0,0068175951	-0,0077001359
41838	378,87988	-3,927	-3,9109719	-0,033946335	-0,0030412227	-0,0068692258	-0,0076853614
41838	379,37988	-3,927	-3,9122961	-0,034274161	-0,0029030964	-0,0067097889	-0,0076404195
41838	379,87988	-3,927	-3,9314721	-0,033980608	-0,0030072182	-0,0067739133	-0,0076310746
41838	380,37988	-3,927	-3,9234123	-0,034220517	-0,0029815137	-0,0067685219	-0,0076460689
41838	380,87988	-3,927	-3,930064	-0,034406781	-0,0030265525	-0,006820919	-0,0076481588
41838	381,37988	-3,927	-3,9089582	-0,033675134	-0,0029643252	-0,0068549556	-0,0076104589
41838	381,87988	-3,927	-3,9365551	-0,034105778	-0,0029964969	-0,006754586	-0,0076518208
41838	382,37988	-3,927	-3,8876162	-0,034533441	-0,0029733256	-0,0066687623	-0,0075822528
41838	382,87988	-3,927	-3,9172173	-0,033937395	-0,0030188188	-0,0067135147	-0,0076485127
41838	383,37988	-3,927	-3,8895626	-0,03310591	-0,0030121356	-0,006653897	-0,007594483
41838	383,87988	-3,927	-3,9424319	-0,033652782	-0,0029789135	-0,0067937612	-0,007621577
41838	384,37988	-3,927	-3,9280784	-0,034300983	-0,0029700473	-0,006662196	-0,0076492969
41838	384,87988	-3,927	-3,9501712	-0,033827126	-0,003020294	-0,0066848323	-0,0075830389
41838	385,37988	-3,927	-3,9256532	-0,033734739	-0,0030377209	-0,0068004541	-0,0076333098
41838	385,87988	-3,927	-3,9029865	-0,034053624	-0,0029175952	-0,0067117671	-0,0075341854
41838	386,37988	-3,927	-3,8988926	-0,033906102	-0,0029812753	-0,0067257402	-0,007578332
41838	386,87988	-3,927	-3,8904343	-0,034144521	-0,0029001608	-0,0066614747	-0,0075233541
41838	387,37988	-3,927	-3,9301085	-0,033456087	-0,0030025467	-0,0067089638	-0,0076223053
41838	387,87988	-3,927	-3,908746	-0,033968687	-0,0029187053	-0,0066826981	-0,0075040068
41838	388,37988	-3,927	-3,9395914	-0,033590198	-0,0029755235	-0,0066885655	-0,0076170713
41838	388,87988	-3,927	-3,9031916	-0,033350289	-0,0028815717	-0,0067172851	-0,0075794682
41838	389,37988	-3,927	-3,9308834	-0,033083558	-0,0029829517	-0,0067247213	-0,0075866189
41838	389,87988	-3,927	-3,9196777	-0,033466518	-0,002888836	-0,0067503471	-0,0075357314
41838	390,37988	-3,927	-3,9025545	-0,033986568	-0,0028384551	-0,0066921869	-0,0075236782
41838	390,87988	-3,927	-3,8933251	-0,033484399	-0,0028742552	-0,0066326661	-0,0075401664
41838	391,37988	-3,927	-3,9035511	-0,033524632	-0,0029184595	-0,0066595781	-0,007503191
41838	391,87988	-3,927	-3,8881023	-0,033596158	-0,0029210672	-0,0067054834	-0,0075328611
41838	392,37988	-3,927	-3,914196	-0,033150613	-0,0028747991	-0,0066771731	-0,0075207967
41838	392,87988	-3,927	-3,9237905	-0,033926964	-0,0029038712	-0,0067003821	-0,0075351596
41838	393,37988	-3,927	-3,8976948	-0,033509731	-0,0029247254	-0,0066538001	-0,0074660629
41838	393,87988	-3,927	-3,9291959	-0,033546984	-0,0029257312	-0,0066164918	-0,0075663775
41838	394,37988	-3,927	-3,8885455	-0,033292174	-0,0028812885	-0,0066238758	-0,0074792244
41838	394,87988	-3,927	-3,9407947	-0,033560395	-0,0029002801	-0,006664739	-0,007536836
41838	395,37988	-3,927	-3,9174073	-0,032825768	-0,0029758662	-0,0066772844	-0,007481439
41838	395,87988	-3,927	-3,9007943	-0,033989549	-0,0029222667	-0,0065358733	-0,0074990056
41838	396,37988	-3,927	-3,9096103	-0,033420324	-0,0028602406	-0,006648602	-0,0074950308
41838	396,87988	-3,927	-3,9146059	-0,033816695	-0,0029108003	-0,00660794	-0,0074608065
41838	397,37988	-3,927	-3,9363337	-0,033450127	-0,0029199049	-0,0067133885	-0,0074890293
41838	397,87988	-3,927	-3,9156787	-0,032874942	-0,0028844327	-0,0065690251	-0,007446304
41838	398,37988	-3,927	-3,9402061	-0,033466518	-0,0029836521	-0,006667431	-0,007476652
41838	398,87988	-3,927	-3,9132628	-0,033719838	-0,0029156879	-0,0066323685	-0,0074778218
41838	399,37988	-3,927	-3,9018579	-0,033599138	-0,0029238537	-0,0065947105	-0,0074443202
41838	399,87988	-3,927	-3,9030108	-0,03297776	-0,0029509664	-0,0066516064	-0,0075093675
41838	400,37988	-3,927	-3,9012339	-0,033345819	-0,0028961599	-0,0065661026	-0,0074145086
41838	400,87988	-3,927	-3,9386115	-0,033383071	-0,0029212013	-0,0066006519	-0,0075329114
41838	401,37988	-3,927	-3,9230101	-0,03298074	-0,0029235184	-0,0066301972	-0,0074207168
41838	401,87988	-3,927	-3,9418917	-0,033342838	-0,00289125	-0,0065555354	-0,0075230487
41838	402,37988	-3,927	-3,9280541	-0,033152103	-0,002923362	-0,0066084084	-0,0075172242
41838	402,87988	-3,927	-3,9203093	-0,033739209	-0,002887927	-0,0065759183	-0,0074626673
41838	403,37988	-3,927	-3,9177742	-0,03311336	-0,0028871968	-0,0066377302	-0,0074793287
41838	403,87988	-3,927	-3,9060972	-0,033181906	-0,0028923526	-0,0065607037	-0,0074223075
41838	404,37988	-3,927	-3,929183	-0,033415854	-0,0029610172	-0,0065418822	-0,0074560754
41838	404,87988	-3,927	-3,9109139	-0,033386052	-0,0028620809	-0,006663512	-0,007408997
41838	405,37988	-3,927	-3,9431527	-0,03285557	-0,0029181316	-0,0066136285	-0,007478768
41838	405,87988	-3,927	-3,9248037	-0,033198297	-0,0029075593	-0,0065332185	-0,0074674319
41838	406,37988	-3,927	-3,9362683	-0,032861531	-0,0028951317	-0,0065813619	-0,0074626524
41838	406,87988	-3,927	-3,9402227	-0,032842159	-0,0029070675	-0,0066343835	-0,0073964894
41838	407,37988	-3,927	-3,9137359	-0,033278763	-0,0029311627	-0,0066377972	-0,007465072
41838	407,87988	-3,927	-3,9257128	-0,033268332	-0,0029216185	-0,0065582721	-0,0074973274
41838	408,37988	-4,863914	-4,5556927	-0,036782026	-0,0030089319	-0,0069926707	-0,0075306986
41838	408,87988	-6,8139143	-6,5406504	-0,046549737	-0,0034662262	-0,00811827	-0,0080700628
41838	409,37988	-8,7639141	-8,7641211	-0,057449937	-0,0040191263	-0,0092202146	-0,0086810915
41838	409,87988	-10,713914	-11,078671	-0,066378713	-0,0045788512	-0,010390849	-0,0094924485
41838	410,37988	-12,663915	-12,963861	-0,073574483	-0,0051478669	-0,011325265	-0,0100713
41838	410,87988	-14,613914	-14,89045	-0,080218911	-0,0057061389	-0,01233862	-0,010786995
41838	411,37988	-16,563915	-16,747396	-0,085487962	-0,0062557608	-0,013237965	-0,011360575
41838	411,87988	-18,513914	-18,667395	-0,092509389	-0,0067942217	-0,014197644	-0,012086685
41838	412,37988	-20,463915	-20,559439	-0,098103285	-0,0072991252	-0,015153298	-0,012756339
41838	412,87988	-22,413914	-22,535669	-0,10447055	-0,0078644007	-0,015985666	-0,013422217
41838	413,37988	-24,363914	-24,490168	-0,10896772	-0,0085105747	-0,017076492	-0,014221703
41838	413,87988	-26,313915	-26,41819	-0,11442006	-0,0090833306	-0,017910004	-0,014883182
41838	414,37988	-28,263914	-28,402998	-0,11992455	-0,0096349567	-0,01889745	-0,015679985
41838	414,87988	-30,213915	-30,274679	-0,12483895	-0,010227613	-0,019762164	-0,016316965
41838	415,37988	-32,163914	-32,244152	-0,12906343	-0,010791749	-0,020661384	-0,017074715
41838	415,87988	-34,113914	-34,175453	-0,13455302	-0,011312485	-0,021627354	-0,017790649
41838	416,37988	-36,063915	-36,172409	-0,13873875	-0,012007058	-0,02258593	-0,018565364
41838	416,87988	-38,013916	-38,105137	-0,14496297	-0,012581103	-0,023454096	-0,019237529
41838	417,37988	-39,963917	-40,079174	-0,14913231	-0,013123453	-0,024267217	-0,019985165
41838	417,87988	-41,913914	-42,004551	-0,15358329	-0,013734065	-0,025281291	-0,020693708
41838	418,37988	-43,863914	-43,998646	-0,15769601	-0,014315672	-0,026080953	-0,021495074
41838	418,87988	-45,813915	-45,88139	-0,1626119	-0,014856674	-0,026907619	-0,022206446
41838	419,37988	-47,763916	-47,818596	-0,16631037	-0,01537104	-0,027747612	-0,022932731
41838	419,87988	-49,713917	-49,763519	-0,17207265	-0,015932702	-0,028609058	-0,023674669
41838	420,37988	-51,663914	-51,730465	-0,17660111	-0,016600944	-0,029511226	-0,024408476
41838	420,87988	-53,613914	-53,682285	-0,17979294	-0,017115287	-0,03032814	-0,025128789
41838	421,37988	-55,563915	-55,660831	-0,18412471	-0,017582923	-0,031123733	-0,025832623
41838	421,87988	-57,513916	-57,624153	-0,18814206	-0,018263623	-0,031924028	-0,026639057
41838	422,37988	-59,463917	-59,527802	-0,19191504	-0,018787526	-0,032735731	-0,027245684
41838	422,87988	-61,413914	-61,526005	-0,19584894	-0,019325241	-0,033572875	-0,028049296
41838	423,37988	-63,363914	-63,416035	-0,20038635	-0,019879192	-0,034278367	-0,02874683
41838	423,87988	-65,313919	-65,400772	-0,20417124	-0,020537086	-0,03523729	-0,029416183
41838	424,37988	-67,263916	-67,318886	-0,20770431	-0,021088377	-0,035960555	-0,030145437
41838	424,87988	-69,213913	-69,304581	-0,21249652	-0,021659344	-0,03670511	-0,03083073
41838	425,37988	-71,163918	-71,259346	-0,21583289	-0,02219668	-0,037515294	-0,03164779
41838	425,87988	-73,113914	-73,190613	-0,2199024	-0,022742867	-0,038197473	-0,032275494
41838	426,37988	-75,063919	-75,17778	-0,22362024	-0,023412794	-0,039041486	-0,033016104
41838	426,87988	-77,013916	-77,090363	-0,2279982	-0,02395419	-0,039868068	-0,03368168
41838	427,37988	-78,963913	-79,00235	-0,23114979	-0,024436913	-0,040443137	-0,034326844
41838	427,87988	-80,913918	-80,96711	-0,23509264	-0,024985202	-0,041251134	-0,035118379
41838	428,37988	-82,863914	-82,90435	-0,23879707	-0,025598444	-0,041997254	-0,035758581
41838	428,87988	-84,813919	-84,922485	-0,2423197	-0,026131295	-0,042755309	-0,036460556
41838	429,37988	-86,763916	-86,823257	-0,2463147	-0,026621111	-0,04338951	-0,037111387
41838	429,87988	-88,713913	-88,778366	-0,2501756	-0,027332537	-0,044169974	-0,037799452
41838	430,37988	-90,663918	-90,801529	-0,25347918	-0,027790688	-0,044960558	-0,038596049
41838	430,87988	-92,613914	-92,718102	-0,25671571	-0,028327197	-0,04569326	-0,039198879
41838	431,37988	-94,563919	-94,631935	-0,26038736	-0,028884053	-0,046471205	-0,039842241
41838	431,87988	-96,513916	-96,56221	-0,26432425	-0,029430017	-0,047093038	-0,040507369
41838	432,37988	-98,463913	-98,462311	-0,26759058	-0,029942229	-0,047869198	-0,041069679
41838	432,87988	-100,41392	-100,4692	-0,27046055	-0,030543745	-0,048574802	-0,041880697
41838	433,37988	-102,36391	-102,43742	-0,27457327	-0,031078801	-0,049242027	-0,042506672
41838	433,87988	-104,31392	-104,43894	-0,27810037	-0,031712234	-0,050023317	-0,043187752
41838	434,37988	-106,26392	-106,36504	-0,28158426	-0,032238103	-0,050646234	-0,04386678
41838	434,87988	-108,21391	-108,3352	-0,28461963	-0,032772169	-0,051447608	-0,044516701
41838	435,37988	-110,16392	-110,28455	-0,28863549	-0,03324791	-0,052226573	-0,045217268
41838	435,87988	-112,11391	-112,15321	-0,29145032	-0,033832133	-0,05279915	-0,04577231
41838	436,37988	-114,06392	-114,08817	-0,29463768	-0,034370311	-0,053477969	-0,046446439
41838	436,87988	-116,01392	-116,05806	-0,29794127	-0,034903876	-0,054257955	-0,047118597
41838	437,37988	-117,96392	-118,00534	-0,30164719	-0,035493404	-0,055083424	-0,047684081
41838	437,87988	-119,91392	-120,00288	-0,30419528	-0,036030881	-0,055689584	-0,048448011
41838	438,37988	-121,86391	-121,95903	-0,3079325	-0,036574222	-0,056266729	-0,048981942
41838	438,87988	-123,81392	-123,91409	-0,31082034	-0,037059106	-0,057142839	-0,049746089
41838	439,37988	-125,76392	-125,83944	-0,31355768	-0,037649274	-0,057784714	-0,050245743
41838	439,87988	-127,71392	-127,81744	-0,31701475	-0,038167685	-0,058447115	-0,050977517
41838	440,37988	-129,66391	-129,70673	-0,32012165	-0,038723007	-0,059071615	-0,05150643
41838	440,87988	-131,61392	-131,67897	-0,32319278	-0,03925582	-0,059817716	-0,052137338
41838	441,37988	-133,56392	-133,64949	-0,32636523	-0,039797276	-0,060543802	-0,052812036
41838	441,87988	-135,51392	-135,58847	-0,32927245	-0,040292896	-0,061211407	-0,053362496
41838	442,37988	-137,46391	-137,51625	-0,33228397	-0,04083341	-0,061958112	-0,053955518
41838	442,87988	-139,41391	-139,52052	-0,33580065	-0,041435432	-0,062533848	-0,054581601
41838	443,37988	-141,36392	-141,47951	-0,33835918	-0,041974477	-0,063300893	-0,055340864
41838	443,87988	-143,31392	-143,37321	-0,34149736	-0,042441651	-0,063859172	-0,055857182
41838	444,37988	-145,26392	-145,35962	-0,34496933	-0,043049801	-0,064628288	-0,056453347
41838	444,87988	-147,21391	-147,24298	-0,34738183	-0,043597262	-0,065176658	-0,057018317
41838	445,37988	-149,16393	-149,15639	-0,35110563	-0,044036712	-0,065893434	-0,057613999
41838	445,87988	-151,11392	-151,14565	-0,35409331	-0,04465016	-0,066708431	-0,058287941
41838	446,37988	-153,06392	-153,10548	-0,35689771	-0,045146186	-0,06725461	-0,058785774
41838	446,87988	-155,01392	-155,11792	-0,35933852	-0,045693479	-0,068112664	-0,059491999
41838	447,37988	-156,96391	-157,07407	-0,36248863	-0,046238344	-0,068681404	-0,060063966
41838	447,87988	-158,91393	-158,97723	-0,36585927	-0,046787299	-0,069259658	-0,060668856
41838	448,37988	-160,86392	-160,94585	-0,36852956	-0,0473927	-0,070056021	-0,06131395
41838	448,87988	-162,81392	-162,81773	-0,37140399	-0,047889244	-0,070672616	-0,06184043
41838	449,37988	-164,76392	-164,75739	-0,37423074	-0,048389424	-0,071299613	-0,062498555
41838	449,87988	-166,71391	-166,75189	-0,37699789	-0,048974134	-0,071989112	-0,063088045
41838	450,37988	-168,66393	-168,71519	-0,37955046	-0,049499985	-0,072659858	-0,063639827
41838	450,87988	-170,61392	-170,6604	-0,38257837	-0,05000611	-0,073290773	-0,064254291
41838	451,37988	-172,56392	-172,64383	-0,38579702	-0,050539367	-0,073929369	-0,0648463
41838	451,87988	-174,51392	-174,57739	-0,38864017	-0,051070999	-0,074648656	-0,065498248
41838	452,37988	-176,46391	-176,4881	-0,3914237	-0,051629219	-0,075215317	-0,066033974
41838	452,87988	-178,41393	-178,49057	-0,39454103	-0,052199267	-0,076109745	-0,066621818
41838	453,37988	-180,36392	-180,40472	-0,39733946	-0,052769214	-0,076563671	-0,06722524
41838	453,87988	-182,31392	-182,35674	-0,39994717	-0,053289123	-0,077288963	-0,067823641
41838	454,37988	-184,26392	-184,27631	-0,40341765	-0,053732682	-0,078006707	-0,068474926
41838	454,87988	-186,21391	-186,35634	-0,40585846	-0,05430726	-0,078797258	-0,069091372
41838	455,37988	-188,16393	-188,26013	-0,40884316	-0,054906014	-0,079491995	-0,06964498
41838	455,87988	-190,11392	-190,265	-0,4111588	-0,055520713	-0,080074295	-0,070356533
41838	456,37988	-192,06392	-192,12619	-0,41410178	-0,056004737	-0,080719158	-0,070929982
41838	456,87988	-194,01392	-194,13402	-0,41681826	-0,056637827	-0,081448033	-0,071579307
41838	457,37988	-195,96391	-195,99097	-0,41922182	-0,057046805	-0,082134776	-0,072107419
41838	457,87988	-197,91393	-197,93744	-0,42269826	-0,0576737	-0,082748421	-0,07279031
41838	458,37988	-199,86392	-199,92616	-0,42587966	-0,058254495	-0,083463155	-0,073360898
41838	458,87988	-201,81392	-201,85997	-0,42821318	-0,058809262	-0,084219396	-0,07405021
41838	459,37988	-203,76392	-203,8073	-0,43150932	-0,059414007	-0,084842123	-0,074654654
41838	459,87988	-205,71391	-205,85379	-0,43420494	-0,059985802	-0,085586652	-0,075350724
41838	460,37988	-207,66393	-207,77217	-0,43784529	-0,06058896	-0,086343825	-0,075967267
41838	460,87988	-209,61392	-209,75101	-0,44066906	-0,061211396	-0,08698146	-0,076691359
41838	461,37988	-211,56392	-211,62628	-0,44308603	-0,061830603	-0,087860391	-0,077308424
41838	461,87988	-213,51392	-213,51595	-0,44634342	-0,062364187	-0,088532463	-0,077959187
41838	462,37988	-215,46391	-215,50204	-0,44899881	-0,063016221	-0,089126468	-0,078645505
41838	462,87988	-217,41393	-217,4619	-0,45209676	-0,063588455	-0,089995086	-0,079307877
41838	463,37988	-219,36392	-219,46284	-0,45554787	-0,064254381	-0,090692662	-0,080041006
41838	463,87988	-221,31392	-221,32745	-0,45866668	-0,0648022	-0,091488585	-0,08065667
41838	464,37988	-223,26392	-223,32701	-0,46164691	-0,065508828	-0,092190132	-0,081352949
41838	464,87988	-225,21391	-225,30148	-0,46450198	-0,066121772	-0,092903621	-0,082084149
41838	465,37988	-227,16393	-227,24422	-0,46685785	-0,066850796	-0,093694836	-0,082767785
41838	465,87988	-229,11392	-229,15962	-0,46994984	-0,067403927	-0,094393313	-0,083451457
41838	466,37988	-231,06392	-231,04625	-0,47313273	-0,068019852	-0,095276311	-0,084052615
41838	466,87988	-233,01392	-233,01967	-0,47541112	-0,068704493	-0,095909506	-0,084865123
41838	467,37988	-234,96391	-234,9621	-0,47921389	-0,069298096	-0,096737988	-0,085521795
41838	467,87988	-236,91393	-236,95198	-0,48191696	-0,070047811	-0,097534038	-0,086255133
41838	468,37988	-238,86392	-238,93127	-0,48497915	-0,070764855	-0,098279163	-0,086998805
41838	468,87988	-240,81392	-240,90245	-0,48846006	-0,071424574	-0,099125914	-0,087687455
41838	469,37988	-242,76392	-242,89449	-0,49207956	-0,072101943	-0,099852353	-0,088465609
41838	469,87988	-244,71391	-244,78427	-0,49386024	-0,072771728	-0,10072087	-0,089140497
41838	470,37988	-246,66393	-246,6859	-0,49749315	-0,073402315	-0,10141844	-0,089823291
41838	470,87988	-248,61392	-248,61424	-0,49916208	-0,074061811	-0,10221054	-0,090613134
41838	471,37988	-250,56392	-250,58621	-0,50254762	-0,074773081	-0,10304239	-0,091225617
41838	471,87988	-252,51392	-252,57329	-0,50605386	-0,075504825	-0,10379083	-0,092083178
41838	472,37988	-254,46391	-254,44852	-0,50949007	-0,076139718	-0,10453022	-0,092728905
41838	472,87988	-256,41391	-256,43625	-0,51269382	-0,076836258	-0,10538872	-0,093489155
41838	473,37988	-258,36392	-258,42776	-0,51560551	-0,077562183	-0,10615712	-0,094226949
41838	473,87988	-260,31393	-260,3829	-0,51871985	-0,078250825	-0,10696001	-0,094972596
41838	474,37988	-262,26392	-262,30551	-0,52117854	-0,079013079	-0,10776582	-0,095746659
41838	474,87988	-264,21393	-264,2222	-0,52370131	-0,079642206	-0,10852516	-0,096411519
41838	475,37988	-266,16391	-266,16684	-0,52783936	-0,080285504	-0,10930164	-0,097140126
41838	475,87988	-268,11392	-268,12607	-0,53123832	-0,08100237	-0,11017092	-0,097889982
41838	476,37988	-270,06393	-270,06805	-0,53359121	-0,081732526	-0,11105313	-0,098608457
41838	476,87988	-272,01392	-272,06512	-0,53684562	-0,082482055	-0,11177716	-0,099436663
41838	477,37988	-273,96393	-274,04102	-0,54033697	-0,083178572	-0,11260701	-0,1001157
41838	477,87988	-275,91391	-275,99713	-0,54236501	-0,083888918	-0,11342362	-0,10104087
41838	478,37988	-277,86392	-277,94531	-0,54642111	-0,084635235	-0,11424164	-0,10174728
41838	478,87988	-279,81393	-279,86966	-0,54873675	-0,085402325	-0,11496948	-0,10245965
41838	479,37988	-281,76392	-281,78906	-0,55185854	-0,086020328	-0,11577599	-0,10321358
41838	479,87988	-283,71393	-283,72165	-0,55511296	-0,086661763	-0,11658041	-0,10397999
41838	480,37988	-285,66391	-285,74631	-0,55802763	-0,087479994	-0,11742675	-0,10479832
41838	480,87988	-287,61392	-287,6525	-0,56149513	-0,08825697	-0,11827166	-0,10554641
41838	481,37988	-289,56393	-289,62445	-0,56489855	-0,088960335	-0,11903123	-0,10632231
41838	481,87988	-291,51392	-291,61728	-0,56807846	-0,089768425	-0,11983161	-0,10712978
41838	482,37988	-293,46393	-293,55029	-0,57080984	-0,090476118	-0,12073903	-0,10785824
41838	482,87988	-295,41391	-295,47485	-0,57376176	-0,091162249	-0,12144769	-0,10864629
41838	483,37988	-297,36392	-297,44479	-0,57691336	-0,091885462	-0,12235519	-0,10937893
41838	483,87988	-299,31393	-299,31274	-0,57918876	-0,092716515	-0,12317027	-0,11022324
41838	484,37988	-301,26392	-301,25549	-0,58250129	-0,093348041	-0,1239623	-0,11096069
41838	484,87988	-303,21393	-303,27072	-0,58593899	-0,094157048	-0,12487152	-0,11186201
41838	485,37988	-305,16391	-305,22882	-0,58895499	-0,09492974	-0,12566955	-0,11257661
41838	485,87988	-307,11392	-307,1767	-0,59266388	-0,095669143	-0,1265828	-0,11336353
41838	486,37988	-309,06393	-309,12415	-0,59607774	-0,096460998	-0,12730487	-0,11416411
41838	486,87988	-311,01392	-311,07178	-0,59877187	-0,097167037	-0,12818015	-0,11493032
41838	487,37988	-312,96393	-313,03836	-0,60181618	-0,097917154	-0,12907517	-0,11580925
41838	487,87988	-314,91391	-314,97842	-0,60466677	-0,098679401	-0,12987918	-0,11657441
41838	488,37988	-316,86392	-316,92041	-0,60756505	-0,099485479	-0,13084412	-0,11735493
41838	488,87988	-318,81393	-318,84613	-0,6112203	-0,10021643	-0,13165645	-0,11816811
41838	489,37988	-320,76392	-320,80731	-0,61429292	-0,10103153	-0,13233736	-0,11894438
41838	489,87988	-322,71393	-322,80817	-0,61751008	-0,10173696	-0,13334392	-0,1198426
41838	490,37988	-324,66391	-324,76846	-0,62123984	-0,10258021	-0,13419741	-0,12061732
41838	490,87988	-326,61392	-326,67538	-0,62415898	-0,10332196	-0,134984	-0,12143266
41838	491,37988	-328,56393	-328,65308	-0,62682033	-0,10412385	-0,13584474	-0,12231266
41838	491,87988	-330,51392	-330,56595	-0,62975883	-0,10486627	-0,1365778	-0,12304743
41838	492,37988	-332,46393	-332,5607	-0,6327793	-0,10570696	-0,13747728	-0,12399112
41838	492,87988	-334,41391	-334,47583	-0,63628852	-0,10651054	-0,13835563	-0,12468436
41838	493,37988	-336,36392	-336,40213	-0,63898563	-0,10729448	-0,13928784	-0,12556082
41838	493,87988	-338,31393	-338,36682	-0,64277798	-0,10800865	-0,14010927	-0,12634997
41838	494,37988	-340,26392	-340,3598	-0,64657032	-0,10879317	-0,14093389	-0,12722525
41838	494,87988	-342,21393	-342,29938	-0,64916462	-0,10956828	-0,14183071	-0,12807138
41838	495,37988	-344,16391	-344,25894	-0,65255612	-0,11044463	-0,1426935	-0,12884709
41838	495,87988	-346,11392	-346,21396	-0,65559745	-0,11125363	-0,14364862	-0,12972924
41838	496,37988	-348,06393	-348,15338	-0,65848827	-0,11205249	-0,1444878	-0,13062342
41838	496,87988	-350,01392	-350,0932	-0,66244453	-0,11283948	-0,1454896	-0,13144004
41838	497,37988	-351,96393	-352,06213	-0,66509545	-0,11362771	-0,1462855	-0,13235654
41838	497,87988	-353,91391	-353,91318	-0,66861212	-0,1144662	-0,14703809	-0,13312486
41838	498,37988	-355,86392	-355,88422	-0,67211837	-0,11526173	-0,14802895	-0,13401569
41838	498,87988	-357,81393	-357,86533	-0,67586601	-0,11606067	-0,14879978	-0,13486676
41838	499,37988	-359,76392	-359,81415	-0,67878962	-0,11692338	-0,14983314	-0,13573115
41838	499,87988	-361,71393	-361,83353	-0,6819129	-0,11772093	-0,15066426	-0,13664187
41838	500,37988	-363,66391	-363,76538	-0,68479627	-0,11860404	-0,15168731	-0,13749202
41838	500,87988	-365,61392	-365,76151	-0,68889856	-0,11938575	-0,15249623	-0,13838945
41838	501,37988	-367,56393	-367,66327	-0,69112331	-0,1201762	-0,15342529	-0,13923325
41838	501,87988	-369,51392	-369,5314	-0,69476813	-0,12111458	-0,15428279	-0,14009523
41838	502,37988	-371,46393	-371,36487	-0,6976366	-0,12180424	-0,15512633	-0,14102671
41838	502,87988	-373,41391	-373,34821	-0,70106983	-0,12273147	-0,15618154	-0,14192304
41838	503,37988	-375,36392	-375,40018	-0,70472211	-0,12353086	-0,15713257	-0,14294346
41838	503,87988	-377,31393	-377,36725	-0,7083714	-0,12441565	-0,157958	-0,14371502
41838	504,37988	-379,26392	-379,30533	-0,71169585	-0,12527266	-0,15893456	-0,14462048
41838	504,87988	-381,21393	-381,30362	-0,71469992	-0,1261562	-0,15983678	-0,14555311
41838	505,37988	-383,16391	-383,21634	-0,71781874	-0,12700702	-0,16085482	-0,14647479
41838	505,87988	-385,11392	-385,13205	-0,72125494	-0,1278878	-0,16173285	-0,14736137
41838	506,37988	-387,06393	-387,08176	-0,72490722	-0,1287104	-0,1626476	-0,1482216
41838	506,87988	-389,01392	-389,11356	-0,72811395	-0,12964563	-0,16371259	-0,14934842
41838	507,37988	-390,96393	-390,9826	-0,73186308	-0,13050468	-0,16457959	-0,15013723
41838	507,87988	-392,91391	-392,95721	-0,73502064	-0,13136253	-0,16552065	-0,15114278
41838	508,37988	-394,86392	-394,93399	-0,73967576	-0,13229989	-0,16650943	-0,15208802
41838	508,87988	-396,81393	-396,81842	-0,74235499	-0,13316314	-0,16750333	-0,15303083
41838	509,37988	-398,76392	-398,86237	-0,74637234	-0,13404727	-0,16850628	-0,15406553
41838	509,87988	-400,71393	-400,72101	-0,74893534	-0,13496925	-0,16938487	-0,15497912
41838	510,37988	-402,66391	-402,75644	-0,75301975	-0,13593647	-0,1704184	-0,15599804
41838	510,87988	-404,61392	-404,66916	-0,75613707	-0,13685319	-0,17134717	-0,15697442
41838	511,37988	-406,56393	-406,66263	-0,76044202	-0,13776103	-0,17237437	-0,15800545
41838	511,87988	-408,51392	-408,58707	-0,76331645	-0,13870126	-0,17332332	-0,15895903
41838	512,37988	-410,46393	-410,45639	-0,76653361	-0,13956673	-0,17440434	-0,15993652
41838	512,87988	-412,41391	-412,42368	-0,77055991	-0,14058483	-0,17527552	-0,16100052
41838	513,37988	-414,36392	-414,44061	-0,77440888	-0,14153785	-0,17627557	-0,16200858
41838	513,87988	-416,31393	-416,34778	-0,77761114	-0,14248928	-0,17735459	-0,1630767
41838	514,37988	-418,26392	-418,3559	-0,78100711	-0,14349207	-0,17833561	-0,16412367
41838	514,87988	-420,21393	-420,22299	-0,78532845	-0,1444882	-0,17943199	-0,16513294
41838	515,37988	-422,16391	-422,17691	-0,78907609	-0,14550422	-0,18045251	-0,16619109
41838	515,87988	-424,11392	-424,1073	-0,79232156	-0,14651172	-0,18140958	-0,1672942
41838	516,37988	-426,06393	-426,07352	-0,79601109	-0,14757746	-0,18252389	-0,16833486
41838	516,87988	-428,01392	-428,04364	-0,80023259	-0,14864111	-0,18357839	-0,16940567
41838	517,37988	-429,96393	-430,03412	-0,80443919	-0,1496743	-0,18479073	-0,17053348
41838	517,87988	-431,91391	-432,00473	-0,80800653	-0,15079832	-0,18579464	-0,17162921
41838	518,37988	-433,86392	-433,88327	-0,81155747	-0,15188952	-0,18686439	-0,17279384
41838	518,87988	-435,81393	-435,83929	-0,81592351	-0,15302293	-0,18797007	-0,17397775
41838	519,37988	-437,76392	-437,88727	-0,8197695	-0,15414184	-0,18912368	-0,17525992
41838	519,87988	-439,71393	-439,68048	-0,82345903	-0,15519983	-0,19028848	-0,17635609
41838	520,37988	-441,66391	-441,70331	-0,82766861	-0,1563513	-0,19144437	-0,17761534
41838	520,87988	-443,61392	-443,64902	-0,83179176	-0,15752749	-0,1925178	-0,17877847
41838	521,37988	-445,56393	-445,62173	-0,83600879	-0,15868011	-0,19379652	-0,1800928
41838	521,87988	-447,51392	-447,54626	-0,84023923	-0,15992936	-0,19494903	-0,18127967
41838	522,37988	-449,46393	-449,51227	-0,84513277	-0,16110736	-0,19619474	-0,18257466
41838	522,87988	-451,41391	-451,49637	-0,84960908	-0,16228209	-0,19734007	-0,18386555
41838	523,37988	-453,36392	-453,47079	-0,85343421	-0,1636008	-0,19868268	-0,18525845
41838	523,87988	-455,31393	-455,33771	-0,85817128	-0,16486737	-0,19987942	-0,18656655
41838	524,37988	-457,26392	-457,29449	-0,86213499	-0,16630472	-0,20117398	-0,18789864
41838	524,87988	-459,21393	-459,2128	-0,8679539	-0,16766611	-0,20229572	-0,18932794
41838	525,37988	-461,16394	-461,18497	-0,87322742	-0,1690678	-0,203584	-0,19073635
41838	525,87988	-463,11392	-463,14383	-0,87798089	-0,17056194	-0,20489962	-0,19218579
41838	526,37988	-465,06393	-465,13559	-0,88333786	-0,17207673	-0,20637415	-0,19376887
41838	526,87988	-467,01392	-467,04712	-0,88943243	-0,17364401	-0,20781682	-0,19533415
41838	527,37988	-468,96393	-469,0524	-0,89515746	-0,17537794	-0,20926079	-0,19700879
41838	527,87988	-470,91394	-470,96863	-0,9013623	-0,17730418	-0,21077019	-0,19880952
41838	528,37988	-472,86392	-472,96024	-0,90886652	-0,17930931	-0,21243371	-0,20101207

Datenerfassung						Zeit:	531,66602	s	18.07.2014 10:47:29
Datum	Laufzeit	Ch 1 Kraft Sollwert	Ch 1 Kraft	Ch 1 Weg	1944 B	1281068	2157
d	s	kN	kN	mm	mm	mm	mm
41838	528,87988	-474,81393	-474,85211	-0,91602057	-0,18139024	-0,21400079	-0,20314889
41838	529,37988	-476,76392	-476,78018	-0,92485994	-0,18365236	-0,21567047	-0,20563038
41838	529,87988	-478,71393	-478,69559	-0,93450546	-0,18623836	-0,21712938	-0,20840523
41838	530,37988	-480,66394	-480,64786	-0,94540715	-0,18919393	-0,21848318	-0,21172237
41838	530,87988	-482,61392	-482,4057	-0,9642601	-0,1944221	-0,21030372	-0,21788442
41838	531,37988	0	0,059377402	2,0209579	-0,017375268	-0,022923954	-0,025871312

Datenerfassung						Zeit:	531,6748	s	18.07.2014 10:47:29
Ch 1 Kraft	Ch 1 W2TK Mittel	1944 A	1944 B	1281068
kN	mm	mm	mm	mm
0,13099983	2,0350037	0,00012945198	0,13560702	0,059079427
-482,66016	2,0348303	-0,00037881173	-0,19790082	-0,21863961
