MTS793|MPT|DEU|1|2|,|.|:|49|1|1|A

Bediener Information			Würfeldruckfestigkeit (150mm)			Zeit:	18,478516	Sec	20.02.2013 08:35:36
Datum	20.02.2013
Prüfer:	Kh
Probebezeichnung	7.2 Thiele Zyl. 1 28d 23.01.13 Probe 5
Protokoll Seite	-
Breite [mm]:	150
Höhe [mm]:	150
Länge Einfüllseite [mm]:	150
Masse [g]:	7864
Bediener Information Ende

Datenerfassung						Zeit:	171,55762	Sec	20.02.2013 08:38:09
Ch 1 Weg	Ch 1 Kraft
mm	kN
0,88162822	8,356081
-1,0415856	-1414,2069

Datenerfassung						Zeit:	171,56934	Sec	20.02.2013 08:38:09
Datum	Tageszeit	Laufzeit	Ch 1 Weg	Ch 1 Kraft
Days	Days	Sec	mm	kN
41331	0,046546575	44,478516	-0,00098369468	-18,916407
41331	0,046548892	44,678711	-0,0045469874	-20,531694
41331	0,046551209	44,878906	-0,0082915658	-22,599485
41331	0,046553526	45,079102	-0,011527951	-24,536112
41331	0,046555843	45,279297	-0,014104577	-26,824093
41331	0,04655816	45,479492	-0,017070521	-29,007679
41331	0,046560477	45,679688	-0,020033492	-31,028625
41331	0,046562795	45,879883	-0,024048511	-33,191513
41331	0,046565112	46,080078	-0,026535982	-35,412312
41331	0,046567429	46,280273	-0,029421683	-37,466145
41331	0,046569746	46,480469	-0,031252366	-39,166069
41331	0,046572063	46,680664	-0,034473892	-41,006001
41331	0,04657438	46,880859	-0,037725136	-43,34325
41331	0,046576697	47,081055	-0,038637508	-45,317341
41331	0,046579015	47,28125	-0,039888673	-47,167324
41331	0,046581332	47,481445	-0,042590115	-48,939445
41331	0,046583649	47,681641	-0,045172688	-51,215294
41331	0,046585966	47,881836	-0,046646744	-53,731094
41331	0,046588283	48,082031	-0,049027223	-55,884682
41331	0,0465906	48,282227	-0,051642485	-58,078495
41331	0,046592917	48,482422	-0,053660396	-60,63813
41331	0,046595234	48,682617	-0,0546114	-62,927479
41331	0,046597552	48,882813	-0,05764867	-65,568596
41331	0,046599869	49,083008	-0,058935497	-67,782303
41331	0,046602186	49,283203	-0,061298147	-70,049896
41331	0,046604503	49,483398	-0,062412605	-72,706444
41331	0,04660682	49,683594	-0,064311638	-75,249817
41331	0,046609137	49,883789	-0,065336943	-77,047249
41331	0,046611451	50,083984	-0,068513893	-79,687614
41331	0,046613768	50,28418	-0,068989389	-82,021446
41331	0,046616085	50,484375	-0,070846818	-84,239586
41331	0,046618402	50,68457	-0,072897419	-86,313927
41331	0,046620719	50,884766	-0,074365534	-88,752266
41331	0,046623036	51,084961	-0,075771235	-91,000404
41331	0,046625353	51,285156	-0,076457746	-93,760773
41331	0,046627671	51,485352	-0,078633167	-96,131073
41331	0,046629988	51,685547	-0,080829389	-98,593086
41331	0,046632305	51,885742	-0,082948342	-100,81905
41331	0,046634622	52,085938	-0,084389709	-103,78783
41331	0,046636939	52,286133	-0,085444734	-106,52681
41331	0,046639256	52,486328	-0,086975254	-108,35453
41331	0,046641573	52,686523	-0,088342324	-110,51585
41331	0,04664389	52,886719	-0,089956053	-112,98487
41331	0,046646208	53,086914	-0,090669312	-115,19758
41331	0,046648525	53,287109	-0,092170112	-117,4766
41331	0,046650842	53,487305	-0,094262317	-119,32701
41331	0,046653159	53,6875	-0,095106333	-121,67794
41331	0,046655476	53,887695	-0,097112358	-124,17756
41331	0,046657793	54,087891	-0,098396219	-126,33988
41331	0,04666011	54,288086	-0,099466093	-128,53951
41331	0,046662427	54,488281	-0,10035766	-130,48737
41331	0,046664745	54,688477	-0,10226264	-132,62297
41331	0,046667062	54,888672	-0,10447967	-135,05327
41331	0,046669379	55,088867	-0,10541879	-137,10551
41331	0,046671696	55,289063	-0,10691364	-139,18144
41331	0,046674013	55,489258	-0,10720786	-140,91551
41331	0,04667633	55,689453	-0,10872649	-143,05167
41331	0,046678647	55,889648	-0,11018272	-145,29272
41331	0,046680965	56,089844	-0,11295549	-147,31744
41331	0,046683282	56,290039	-0,11295846	-149,23311
41331	0,046685599	56,490234	-0,11375493	-151,13928
41331	0,046687916	56,69043	-0,11580553	-153,37386
41331	0,046690233	56,890625	-0,11771645	-155,56842
41331	0,04669255	57,09082	-0,11807011	-157,55426
41331	0,046694867	57,291016	-0,11938369	-159,21024
41331	0,046697184	57,491211	-0,12141646	-161,2038
41331	0,046699502	57,691406	-0,12214754	-163,17734
41331	0,046701819	57,891602	-0,12413573	-165,52942
41331	0,046704136	58,091797	-0,12471822	-167,35091
41331	0,046706453	58,291992	-0,12494706	-169,55132
41331	0,04670877	58,492188	-0,12677477	-171,81729
41331	0,046711087	58,692383	-0,12825179	-173,99577
41331	0,046713404	58,892578	-0,12962481	-176,73798
41331	0,046715721	59,092773	-0,13121773	-178,95143
41331	0,046718039	59,292969	-0,13224007	-181,10422
41331	0,046720356	59,493164	-0,13327725	-183,58168
41331	0,046722673	59,693359	-0,13357742	-186,45877
41331	0,04672499	59,893555	-0,13596384	-188,85184
41331	0,046727307	60,09375	-0,13631453	-190,85399
41331	0,046729624	60,293945	-0,1383473	-193,28006
41331	0,046731941	60,494141	-0,13994618	-195,72516
41331	0,046734259	60,694336	-0,14150938	-198,36465
41331	0,046736576	60,894531	-0,14196111	-200,50008
41331	0,046738893	61,094727	-0,14323308	-202,87112
41331	0,04674121	61,294922	-0,14405333	-205,61729
41331	0,046743527	61,495117	-0,14591967	-208,19533
41331	0,046745844	61,695313	-0,14615445	-210,44569
41331	0,046748161	61,895508	-0,14761661	-212,66306
41331	0,046750478	62,095703	-0,14920954	-215,392
41331	0,046752796	62,295898	-0,14989606	-217,5117
41331	0,046755113	62,496094	-0,15098079	-220,11366
41331	0,04675743	62,696289	-0,15237163	-221,87657
41331	0,046759747	62,896484	-0,15487693	-224,24875
41331	0,046762064	63,09668	-0,15553075	-226,46692
41331	0,046764381	63,296875	-0,15706424	-228,93318
41331	0,046766698	63,49707	-0,15770617	-230,98413
41331	0,046769012	63,697266	-0,1592783	-233,00595
41331	0,046771329	63,897461	-0,15988456	-235,09698
41331	0,046773646	64,097656	-0,161002	-237,60408
41331	0,046775963	64,297852	-0,16231556	-239,62114
41331	0,04677828	64,498047	-0,1634122	-241,60057
41331	0,046780597	64,698242	-0,16459203	-243,66577
41331	0,046782915	64,898438	-0,16512994	-245,74133
41331	0,046785232	65,098633	-0,16740046	-247,91452
41331	0,046787549	65,298828	-0,16782545	-250,41013
41331	0,046789866	65,499023	-0,16811669	-252,28299
41331	0,046792183	65,699219	-0,16992062	-254,44966
41331	0,0467945	65,899414	-0,17161757	-256,92075
41331	0,046796817	66,099609	-0,17193557	-259,24496
41331	0,046799134	66,299805	-0,17377813	-261,23965
41331	0,046801452	66,5	-0,17454191	-263,36066
41331	0,046803769	66,700195	-0,17554939	-265,37433
41331	0,046806086	66,900391	-0,1764885	-267,74237
41331	0,046808403	67,100586	-0,17859854	-270,07178
41331	0,04681072	67,300781	-0,17922561	-272,04697
41331	0,046813037	67,500977	-0,17976351	-273,85272
41331	0,046815354	67,701172	-0,18110384	-276,07846
41331	0,046817672	67,901367	-0,18259573	-278,08157
41331	0,046819989	68,101563	-0,18382014	-280,34732
41331	0,046822306	68,301758	-0,18492866	-282,23929
41331	0,046824623	68,501953	-0,18613227	-284,32074
41331	0,04682694	68,702148	-0,18644135	-286,48282
41331	0,046829257	68,902344	-0,18702978	-288,80716
41331	0,046831574	69,102539	-0,18861082	-290,90381
41331	0,046833891	69,302734	-0,18946673	-293,18152
41331	0,046836209	69,50293	-0,19195718	-295,11401
41331	0,046838526	69,703125	-0,19293492	-297,26273
41331	0,046840843	69,90332	-0,1943213	-300,095
41331	0,04684316	70,103516	-0,19559327	-302,10303
41331	0,046845477	70,303711	-0,19623223	-304,31445
41331	0,046847794	70,503906	-0,19664235	-306,04102
41331	0,046850111	70,704102	-0,19690536	-308,56555
41331	0,046852428	70,904297	-0,1993438	-310,96957
41331	0,046854746	71,104492	-0,20041813	-313,10818
41331	0,046857063	71,304688	-0,20121014	-315,38278
41331	0,04685938	71,504883	-0,20157866	-317,2811
41331	0,046861697	71,705078	-0,20319833	-320,08142
41331	0,046864014	71,905273	-0,20471697	-322,42599
41331	0,046866331	72,105469	-0,20550749	-324,66785
41331	0,046868648	72,305664	-0,20701572	-327,02307
41331	0,046870966	72,505859	-0,20795782	-329,36703
41331	0,046873283	72,706055	-0,20898311	-331,45792
41331	0,0468756	72,90625	-0,20972162	-334,03845
41331	0,046877917	73,106445	-0,21034126	-336,37125
41331	0,046880234	73,306641	-0,21165781	-339,01273
41331	0,046882551	73,506836	-0,21234728	-341,10989
41331	0,046884868	73,707031	-0,21490459	-343,39633
41331	0,046887185	73,907227	-0,21533701	-346,17215
41331	0,046889503	74,107422	-0,21651536	-348,36139
41331	0,04689182	74,307617	-0,21680512	-350,61218
41331	0,046894137	74,507813	-0,21824649	-352,92923
41331	0,046896454	74,708008	-0,21995533	-355,12439
41331	0,046898771	74,908203	-0,21998504	-357,90759
41331	0,046901088	75,108398	-0,22192717	-359,98456
41331	0,046903405	75,308594	-0,22191527	-362,6814
41331	0,046905722	75,508789	-0,22426011	-365,18188
41331	0,04690804	75,708984	-0,22443396	-367,39761
41331	0,046910357	75,90918	-0,22510858	-370,15982
41331	0,046912674	76,109375	-0,2280017	-372,45087
41331	0,046914991	76,30957	-0,22778328	-375,55411
41331	0,046917308	76,509766	-0,22846681	-377,66354
41331	0,046919625	76,709961	-0,22988291	-379,72861
41331	0,046921942	76,910156	-0,23069127	-381,96213
41331	0,046924256	77,110352	-0,23209845	-384,24686
41331	0,046926573	77,310547	-0,23234066	-386,46561
41331	0,04692889	77,510742	-0,23418917	-388,31369
41331	0,046931207	77,710938	-0,23473303	-390,11539
41331	0,046933524	77,911133	-0,23542251	-392,74826
41331	0,046935841	78,111328	-0,238277	-394,66977
41331	0,046938159	78,311523	-0,23825918	-397,04828
41331	0,046940476	78,511719	-0,24056239	-398,52182
41331	0,046942793	78,711914	-0,24051037	-400,88336
41331	0,04694511	78,912109	-0,24212262	-403,1503
41331	0,046947427	79,112305	-0,24234998	-405,67157
41331	0,046949744	79,3125	-0,24422078	-407,38467
41331	0,046952061	79,512695	-0,24485974	-409,44873
41331	0,046954378	79,712891	-0,24654777	-411,43646
41331	0,046956696	79,913086	-0,24681227	-413,66113
41331	0,046959013	80,113281	-0,24847057	-415,43613
41331	0,04696133	80,313477	-0,24980347	-417,78589
41331	0,046963647	80,513672	-0,25087187	-419,72803
41331	0,046965964	80,713867	-0,25159553	-421,73914
41331	0,046968281	80,914063	-0,25276348	-424,05127
41331	0,046970598	81,114258	-0,2549389	-425,99292
41331	0,046972916	81,314453	-0,25454363	-428,03769
41331	0,046975233	81,514648	-0,25509492	-430,43179
41331	0,04697755	81,714844	-0,25664476	-432,41379
41331	0,046979867	81,915039	-0,25880978	-434,73639
41331	0,046982184	82,115234	-0,2585943	-436,70889
41331	0,046984501	82,31543	-0,25978455	-439,21198
41331	0,046986818	82,515625	-0,25993761	-441,68472
41331	0,046989135	82,71582	-0,26238793	-443,52362
41331	0,046991453	82,916016	-0,26349643	-445,90289
41331	0,04699377	83,116211	-0,26387686	-448,44968
41331	0,046996087	83,316406	-0,26474613	-450,83517
41331	0,046998404	83,516602	-0,26665109	-453,362
41331	0,047000721	83,716797	-0,26698396	-455,4903
41331	0,047003038	83,916992	-0,26791713	-457,69244
41331	0,047005355	84,117188	-0,26944318	-460,33936
41331	0,047007672	84,317383	-0,26988155	-462,61685
41331	0,04700999	84,517578	-0,2713452	-465,13965
41331	0,047012307	84,717773	-0,271999	-467,31512
41331	0,047014624	84,917969	-0,27246115	-469,50165
41331	0,047016941	85,118164	-0,27438989	-471,67612
41331	0,047019258	85,318359	-0,27578521	-474,18158
41331	0,047021575	85,518555	-0,27642414	-476,59146
41331	0,047023892	85,71875	-0,27726519	-478,66956
41331	0,04702621	85,918945	-0,27904239	-480,69418
41331	0,047028527	86,119141	-0,27909589	-482,905
41331	0,047030844	86,319336	-0,28058925	-485,09329
41331	0,047033161	86,519531	-0,28215542	-487,76108
41331	0,047035478	86,719727	-0,28232482	-490,15454
41331	0,047037795	86,919922	-0,28387466	-492,16455
41331	0,047040112	87,120117	-0,28450024	-494,47833
41331	0,047042429	87,320313	-0,28609169	-497,00586
41331	0,047044747	87,520508	-0,28697434	-499,36145
41331	0,047047064	87,720703	-0,28794467	-501,86386
41331	0,047049381	87,920898	-0,28831169	-503,94931
41331	0,047051698	88,121094	-0,28879613	-506,24472
41331	0,047054015	88,321289	-0,29007402	-509,01947
41331	0,047056332	88,521484	-0,29177245	-511,32635
41331	0,047058649	88,72168	-0,29247978	-513,62817
41331	0,047060966	88,921875	-0,29367	-515,72504
41331	0,047063284	89,12207	-0,29581276	-517,92975
41331	0,047065601	89,322266	-0,29639819	-520,3504
41331	0,047067918	89,522461	-0,29660326	-522,8866
41331	0,047070235	89,722656	-0,29785293	-525,39038
41331	0,047072552	89,922852	-0,29967621	-527,3139
41331	0,047074869	90,123047	-0,30034932	-529,26038
41331	0,047077186	90,323242	-0,29997486	-531,89447
41331	0,047079504	90,523438	-0,30242372	-534,23584
41331	0,047081817	90,723633	-0,30330041	-536,58759
41331	0,047084134	90,923828	-0,30481312	-538,76819
41331	0,047086451	91,124023	-0,30506721	-540,79382
41331	0,047088768	91,324219	-0,30638969	-542,90033
41331	0,047091085	91,524414	-0,30691719	-545,56555
41331	0,047093403	91,724609	-0,30814162	-547,56714
41331	0,04709572	91,924805	-0,30923676	-549,97314
41331	0,047098037	92,125	-0,30960825	-552,22998
41331	0,047100354	92,325195	-0,31171381	-554,40417
41331	0,047102671	92,525391	-0,31327406	-556,271
41331	0,047104988	92,725586	-0,31344345	-558,83984
41331	0,047107305	92,925781	-0,31516418	-561,15137
41331	0,047109623	93,125977	-0,31627864	-562,87543
41331	0,04711194	93,326172	-0,31654018	-565,25708
41331	0,047114257	93,526367	-0,31706619	-566,65131
41331	0,047116574	93,726563	-0,31910342	-569,0755
41331	0,047118891	93,926758	-0,3196027	-570,94373
41331	0,047121208	94,126953	-0,32103071	-573,22803
41331	0,047123525	94,327148	-0,3217172	-575,31152
41331	0,047125842	94,527344	-0,32281384	-577,32404
41331	0,04712816	94,727539	-0,324224	-579,54541
41331	0,047130477	94,927734	-0,32515121	-581,67761
41331	0,047132794	95,12793	-0,32681844	-583,73724
41331	0,047135111	95,328125	-0,32708591	-585,57916
41331	0,047137428	95,52832	-0,32797897	-587,263
41331	0,047139745	95,728516	-0,32870856	-589,44299
41331	0,047142062	95,928711	-0,33088249	-591,55182
41331	0,047144379	96,128906	-0,33239964	-593,60797
41331	0,047146697	96,329102	-0,33271021	-595,1615
41331	0,047149014	96,529297	-0,33327785	-597,36328
41331	0,047151331	96,729492	-0,33389154	-599,89185
41331	0,047153648	96,929688	-0,33514863	-602,3631
41331	0,047155965	97,129883	-0,33637008	-604,49976
41331	0,047158282	97,330078	-0,337174	-607,21417
41331	0,047160599	97,530273	-0,33812797	-609,52795
41331	0,047162917	97,730469	-0,34003294	-611,83557
41331	0,047165234	97,930664	-0,34067488	-614,4729
41331	0,047167551	98,130859	-0,34117562	-616,83472
41331	0,047169868	98,331055	-0,34146687	-618,79102
41331	0,047172185	98,53125	-0,34237775	-621,53046
41331	0,047174502	98,731445	-0,34509405	-623,95819
41331	0,047176819	98,931641	-0,34674346	-626,49152
41331	0,047179136	99,131836	-0,34767216	-628,59576
41331	0,047181454	99,332031	-0,3478505	-631,03894
41331	0,047183771	99,532227	-0,34815362	-633,46472
41331	0,047186088	99,732422	-0,34998283	-636,00049
41331	0,047188405	99,932617	-0,35127708	-638,30511
41331	0,047190722	100,13281	-0,35280761	-640,87787
41331	0,047193039	100,33301	-0,35365608	-642,93927
41331	0,047195356	100,5332	-0,35369471	-645,77771
41331	0,047197673	100,7334	-0,35511675	-648,17609
41331	0,047199991	100,93359	-0,35716587	-650,55646
41331	0,047202308	101,13379	-0,35805744	-652,38794
41331	0,047204625	101,33398	-0,35902479	-654,84717
41331	0,047206942	101,53418	-0,35979748	-657,41705
41331	0,047209259	101,73438	-0,36101744	-659,42517
41331	0,047211576	101,93457	-0,3612121	-661,42426
41331	0,047213893	102,13477	-0,36247811	-663,63702
41331	0,047216211	102,33496	-0,36321366	-665,53052
41331	0,047218528	102,53516	-0,36554509	-667,96674
41331	0,047220845	102,73535	-0,36689582	-670,12103
41331	0,047223162	102,93555	-0,36679181	-672,03735
41331	0,047225479	103,13574	-0,36763731	-674,15912
41331	0,047227796	103,33594	-0,36923173	-676,26355
41331	0,047230113	103,53613	-0,3703239	-678,44763
41331	0,04723243	103,73633	-0,37087667	-680,55426
41331	0,047234748	103,93652	-0,3728812	-682,54004
41331	0,047237061	104,13672	-0,37320217	-684,85907
41331	0,047239378	104,33691	-0,37432554	-687,06555
41331	0,047241695	104,53711	-0,37524682	-689,40588
41331	0,047244012	104,7373	-0,37656486	-691,85168
41331	0,047246329	104,9375	-0,37760651	-693,89642
41331	0,047248647	105,1377	-0,37910879	-695,95734
41331	0,047250964	105,33789	-0,37960956	-698,20618
41331	0,047253281	105,53809	-0,38172257	-700,84662
41331	0,047255598	105,73828	-0,38300791	-702,80981
41331	0,047257915	105,93848	-0,3829574	-704,73181
41331	0,047260232	106,13867	-0,38477471	-706,99908
41331	0,047262549	106,33887	-0,38601696	-709,17987
41331	0,047264867	106,53906	-0,38751924	-711,12714
41331	0,047267184	106,73926	-0,38724136	-713,51434
41331	0,047269501	106,93945	-0,38893238	-715,43707
41331	0,047271818	107,13965	-0,38943315	-717,39893
41331	0,047274135	107,33984	-0,39068133	-719,61432
41331	0,047276452	107,54004	-0,39119992	-721,74347
41331	0,047278769	107,74023	-0,39216429	-724,1795
41331	0,047281086	107,94043	-0,39378548	-725,85797
41331	0,047283404	108,14063	-0,39585242	-728,34015
41331	0,047285721	108,34082	-0,39601883	-730,30164
41331	0,047288038	108,54102	-0,39715856	-732,47333
41331	0,047290355	108,74121	-0,39883024	-734,90118
41331	0,047292672	108,94141	-0,39934883	-737,18677
41331	0,047294989	109,1416	-0,40120775	-739,11182
41331	0,047297306	109,3418	-0,40140834	-741,21655
41331	0,047299623	109,54199	-0,40266547	-743,79669
41331	0,047301941	109,74219	-0,40460759	-746,21613
41331	0,047304258	109,94238	-0,40423909	-748,49396
41331	0,047306575	110,14258	-0,40546054	-750,42157
41331	0,047308892	110,34277	-0,40656754	-752,70459
41331	0,047311209	110,54297	-0,40804607	-754,92175
41331	0,047313526	110,74316	-0,4090268	-757,50812
41331	0,047315843	110,94336	-0,4097653	-759,85754
41331	0,047318161	111,14355	-0,41113386	-761,95569
41331	0,047320478	111,34375	-0,41167027	-764,11566
41331	0,047322795	111,54395	-0,41232261	-766,48315
41331	0,047325112	111,74414	-0,4143554	-768,94916
41331	0,047327429	111,94434	-0,41420531	-771,27466
41331	0,047329746	112,14453	-0,41633466	-773,7193
41331	0,047332063	112,34473	-0,4178206	-776,20801
41331	0,04733438	112,54492	-0,41913566	-778,28888
41331	0,047336698	112,74512	-0,41941503	-781,05981
41331	0,047339015	112,94531	-0,4208326	-783,29559
41331	0,047341332	113,14551	-0,42097378	-786,05707
41331	0,047343649	113,3457	-0,42318633	-788,01355
41331	0,047345966	113,5459	-0,42401847	-790,25714
41331	0,047348283	113,74609	-0,42461434	-793,01691
41331	0,0473506	113,94629	-0,42663226	-795,42395
41331	0,047352917	114,14648	-0,42832473	-797,84741
41331	0,047355235	114,34668	-0,4286992	-799,96564
41331	0,047357552	114,54688	-0,43003654	-802,33197
41331	0,047359869	114,74707	-0,43065768	-805,20178
41331	0,047362186	114,94727	-0,431362	-807,7251
41331	0,047364503	115,14746	-0,43305451	-810,23083
41331	0,04736682	115,34766	-0,43361619	-812,3537
41331	0,047369137	115,54785	-0,43534583	-814,64984
41331	0,047371455	115,74805	-0,4370918	-817,13025
41331	0,047373772	115,94824	-0,43810225	-819,41083
41331	0,047376089	116,14844	-0,43868473	-821,63947
41331	0,047378406	116,34863	-0,43984079	-823,87775
41331	0,047380723	116,54883	-0,44064471	-825,58929
41331	0,04738304	116,74902	-0,4418914	-827,8111
41331	0,047385357	116,94922	-0,44213808	-829,992
41331	0,047387674	117,14941	-0,44402224	-832,23199
41331	0,047389992	117,34961	-0,44528976	-834,22015
41331	0,047392309	117,5498	-0,44569394	-836,05237
41331	0,047394622	117,75	-0,44840577	-838,30695
41331	0,047396939	117,9502	-0,44927359	-840,66028
41331	0,047399256	118,15039	-0,45031077	-842,53564
41331	0,047401574	118,35059	-0,45033157	-845,05438
41331	0,047403891	118,55078	-0,45253521	-846,9549
41331	0,047406208	118,75098	-0,45382503	-848,87329
41331	0,047408525	118,95117	-0,45523667	-850,86523
41331	0,047410842	119,15137	-0,45588157	-852,8952
41331	0,047413159	119,35156	-0,45698413	-855,18945
41331	0,047415476	119,55176	-0,45798862	-857,31732
41331	0,047417793	119,75195	-0,45877916	-859,13025
41331	0,047420111	119,95215	-0,46074656	-861,27338
41331	0,047422428	120,15234	-0,4620735	-863,11938
41331	0,047424745	120,35254	-0,46303788	-865,56842
41331	0,047427062	120,55273	-0,46357578	-867,81287
41331	0,047429379	120,75293	-0,46529502	-869,79144
41331	0,047431696	120,95313	-0,46702018	-872,08179
41331	0,047434013	121,15332	-0,46789989	-874,31519
41331	0,04743633	121,35352	-0,46810493	-876,75256
41331	0,047438648	121,55371	-0,46983457	-878,94305
41331	0,047440965	121,75391	-0,47084799	-881,02472
41331	0,047443282	121,9541	-0,47244093	-883,73926
41331	0,047445599	122,1543	-0,47398928	-886,10229
41331	0,047447916	122,35449	-0,4744395	-888,58563
41331	0,047450233	122,55469	-0,47507548	-891,08221
41331	0,04745255	122,75488	-0,47542617	-893,02545
41331	0,047454868	122,95508	-0,47752729	-895,28613
41331	0,047457185	123,15527	-0,47838914	-897,79614
41331	0,047459502	123,35547	-0,47956601	-900,37408
41331	0,047461819	123,55566	-0,48227638	-902,76788
41331	0,047464136	123,75586	-0,48221099	-904,61212
41331	0,047466453	123,95605	-0,48278159	-906,89429
41331	0,04746877	124,15625	-0,4842512	-909,12122
41331	0,047471087	124,35645	-0,48564649	-911,4931
41331	0,047473405	124,55664	-0,48706707	-913,98798
41331	0,047475722	124,75684	-0,48748907	-915,8313
41331	0,047478039	124,95703	-0,48917264	-918,27356
41331	0,047480356	125,15723	-0,49003151	-920,89288
41331	0,047482673	125,35742	-0,49161106	-923,34485
41331	0,04748499	125,55762	-0,49316239	-925,42017
41331	0,047487307	125,75781	-0,49314755	-927,81744
41331	0,047489624	125,95801	-0,49430954	-930,17657
41331	0,047491942	126,1582	-0,4956885	-932,86646
41331	0,047494259	126,3584	-0,49747163	-935,27521
41331	0,047496576	126,55859	-0,49670935	-937,69983
41331	0,047498893	126,75879	-0,49935433	-939,71912
41331	0,04750121	126,95898	-0,50051636	-942,10193
41331	0,047503527	127,15918	-0,50220138	-944,35138
41331	0,047505844	127,35938	-0,50224149	-946,89203
41331	0,047508162	127,55957	-0,50388199	-948,8335
41331	0,047510479	127,75977	-0,5043813	-951,29535
41331	0,047512796	127,95996	-0,50659531	-953,51685
41331	0,047515113	128,16016	-0,50754189	-955,84564
41331	0,04751743	128,36035	-0,50944835	-958,30835
41331	0,047519747	128,56055	-0,51016903	-960,26831
41331	0,047522064	128,76074	-0,51069057	-962,43896
41331	0,047524381	128,96094	-0,51202941	-964,86401
41331	0,047526699	129,16113	-0,51387203	-967,14307
41331	0,047529016	129,36133	-0,51520938	-969,49805
41331	0,047531333	129,56152	-0,5157339	-971,34924
41331	0,04753365	129,76172	-0,51714849	-973,375
41331	0,047535967	129,96191	-0,51739961	-975,70581
41331	0,047538284	130,16211	-0,51903564	-977,96295
41331	0,047540601	130,3623	-0,52101195	-980,40479
41331	0,047542918	130,5625	-0,52221853	-982,13782
41331	0,047545236	130,7627	-0,52246523	-984,27063
41331	0,047547553	130,96289	-0,52444744	-986,68231
41331	0,047549866	131,16309	-0,52629149	-988,86157
41331	0,047552183	131,36328	-0,52690816	-990,79718
41331	0,0475545	131,56348	-0,5282619	-992,63574
41331	0,047556818	131,76367	-0,53032142	-994,56671
41331	0,047559135	131,96387	-0,531317	-996,9917
41331	0,047561452	132,16406	-0,53230959	-999,13977
41331	0,047563769	132,36426	-0,53216249	-1001,205
41331	0,047566086	132,56445	-0,53420717	-1003,1307
41331	0,047568403	132,76465	-0,53567672	-1005,2786
41331	0,04757072	132,96484	-0,53700668	-1007,4938
41331	0,047573037	133,16504	-0,53779864	-1009,1435
41331	0,047575355	133,36523	-0,53945106	-1011,2571
41331	0,047577672	133,56543	-0,54081959	-1013,2823
41331	0,047579989	133,76563	-0,5426057	-1015,2408
41331	0,047582306	133,96582	-0,54230553	-1017,1766
41331	0,047584623	134,16602	-0,54507238	-1019,3344
41331	0,04758694	134,36621	-0,54490149	-1021,4546
41331	0,047589257	134,56641	-0,547279	-1023,6514
41331	0,047591574	134,7666	-0,54807693	-1026,037
41331	0,047593892	134,9668	-0,5488838	-1028,4569
41331	0,047596209	135,16699	-0,55030733	-1030,6749
41331	0,047598526	135,36719	-0,55153918	-1033,2781
41331	0,047600843	135,56738	-0,55353481	-1035,6293
41331	0,04760316	135,76758	-0,55391818	-1038,3031
41331	0,047605477	135,96777	-0,55537289	-1040,3134
41331	0,047607794	136,16797	-0,55787528	-1042,9926
41331	0,047610112	136,36816	-0,55924082	-1045,2526
41331	0,047612429	136,56836	-0,55849338	-1047,903
41331	0,047614746	136,76855	-0,56129587	-1050,0353
41331	0,047617063	136,96875	-0,56281304	-1051,8713
41331	0,04761938	137,16895	-0,56450701	-1054,9286
41331	0,047621697	137,36914	-0,56472695	-1057,1353
41331	0,047624014	137,56934	-0,56583989	-1059,5209
41331	0,047626331	137,76953	-0,5668667	-1061,9371
41331	0,047628649	137,96973	-0,56890392	-1064,4708
41331	0,047630966	138,16992	-0,57013875	-1066,7883
41331	0,047633283	138,37012	-0,5715816	-1069,1842
41331	0,0476356	138,57031	-0,57295012	-1071,9423
41331	0,047637917	138,77051	-0,5735386	-1073,833
41331	0,047640234	138,9707	-0,57521623	-1076,0995
41331	0,047642551	139,1709	-0,57650155	-1078,6284
41331	0,047644868	139,37109	-0,57849866	-1080,9442
41331	0,047647186	139,57129	-0,58056414	-1083,3103
41331	0,047649503	139,77148	-0,58143342	-1085,0559
41331	0,04765182	139,97168	-0,58257759	-1087,7189
41331	0,047654137	140,17188	-0,5837723	-1089,9272
41331	0,047656454	140,37207	-0,58483028	-1092,2856
41331	0,047658771	140,57227	-0,58684671	-1094,095
41331	0,047661088	140,77246	-0,5879463	-1096,4409
41331	0,047663406	140,97266	-0,59069377	-1098,7286
41331	0,047665723	141,17285	-0,59152591	-1101,172
41331	0,04766804	141,37305	-0,59316641	-1103,3037
41331	0,047670357	141,57324	-0,59465235	-1105,1443
41331	0,047672674	141,77344	-0,59521848	-1107,6199
41331	0,047674991	141,97363	-0,59646225	-1109,6406
41331	0,047677308	142,17383	-0,59832859	-1111,9669
41331	0,047679625	142,37402	-0,60033011	-1113,7202
41331	0,047681943	142,57422	-0,60211033	-1115,9752
41331	0,04768426	142,77441	-0,6031965	-1118,3423
41331	0,047686577	142,97461	-0,60457844	-1120,4312
41331	0,047688894	143,1748	-0,60525751	-1122,9147
41331	0,047691211	143,375	-0,60696042	-1124,7833
41331	0,047693528	143,5752	-0,60880297	-1127,2426
41331	0,047695845	143,77539	-0,60965145	-1129,2211
41331	0,047698162	143,97559	-0,61149549	-1131,8121
41331	0,04770048	144,17578	-0,61280912	-1133,6022
41331	0,047702797	144,37598	-0,61461455	-1135,5592
41331	0,047705114	144,57617	-0,61641997	-1137,8306
41331	0,047707427	144,77637	-0,61600685	-1140,08
41331	0,047709744	144,97656	-0,61816889	-1141,9607
41331	0,047712062	145,17676	-0,62077671	-1143,7145
41331	0,047714379	145,37695	-0,62168318	-1146,0304
41331	0,047716696	145,57715	-0,62319583	-1147,9478
41331	0,047719013	145,77734	-0,62464911	-1150,0615
41331	0,04772133	145,97754	-0,62620783	-1152,1777
41331	0,047723647	146,17773	-0,62797612	-1154,3025
41331	0,047725964	146,37793	-0,62984842	-1156,7091
41331	0,047728281	146,57813	-0,63061219	-1158,515
41331	0,047730599	146,77832	-0,63267618	-1161,0514
41331	0,047732916	146,97852	-0,63372672	-1163,2163
41331	0,047735233	147,17871	-0,63471639	-1165,24
41331	0,04773755	147,37891	-0,63727665	-1167,5726
41331	0,047739867	147,5791	-0,63800776	-1170,0673
41331	0,047742184	147,7793	-0,63967645	-1172,1664
41331	0,047744501	147,97949	-0,64187562	-1174,4319
41331	0,047746819	148,17969	-0,64363348	-1176,7964
41331	0,047749136	148,37988	-0,64396191	-1178,8883
41331	0,047751453	148,58008	-0,64551026	-1181,3464
41331	0,04775377	148,78027	-0,64736772	-1183,8175
41331	0,047756087	148,98047	-0,64892346	-1185,8831
41331	0,047758404	149,18066	-0,64996064	-1187,9891
41331	0,047760721	149,38086	-0,65142286	-1190,2551
41331	0,047763038	149,58105	-0,65279138	-1192,608
41331	0,047765356	149,78125	-0,6546815	-1194,8154
41331	0,047767673	149,98145	-0,65674251	-1197,4642
41331	0,04776999	150,18164	-0,65694606	-1199,7372
41331	0,047772307	150,38184	-0,65916461	-1202,3788
41331	0,047774624	150,58203	-0,66042614	-1204,8667
41331	0,047776941	150,78223	-0,66259712	-1207,3313
41331	0,047779258	150,98242	-0,66491222	-1209,2064
41331	0,047781575	151,18262	-0,66680682	-1211,6176
41331	0,047783893	151,38281	-0,6673789	-1214,0646
41331	0,04778621	151,58301	-0,6693849	-1216,5237
41331	0,047788527	151,7832	-0,67144442	-1218,5287
41331	0,047790844	151,9834	-0,67249501	-1220,9315
41331	0,047793161	152,18359	-0,67379522	-1223,9116
41331	0,047795478	152,38379	-0,6767953	-1226,334
41331	0,047797795	152,58398	-0,67814898	-1228,8428
41331	0,047800113	152,78418	-0,67877609	-1230,9119
41331	0,04780243	152,98438	-0,68123233	-1233,6896
41331	0,047804747	153,18457	-0,68195599	-1236,1128
41331	0,047807064	153,38477	-0,68391746	-1238,7986
41331	0,047809381	153,58496	-0,68557429	-1240,9368
41331	0,047811698	153,78516	-0,68721324	-1242,9048
41331	0,047814015	153,98535	-0,68981218	-1245,6194
41331	0,047816332	154,18555	-0,69105148	-1247,7642
41331	0,04781865	154,38574	-0,69319719	-1249,9911
41331	0,047820967	154,58594	-0,69553453	-1251,8108
41331	0,047823284	154,78613	-0,69727755	-1253,8289
41331	0,047825601	154,98633	-0,69879621	-1255,9899
41331	0,047827918	155,18652	-0,70142186	-1258,0894
41331	0,047830235	155,38672	-0,70247686	-1260,4102
41331	0,047832552	155,58691	-0,70426297	-1262,1046
41331	0,047834869	155,78711	-0,70616502	-1264,2535
41331	0,047837187	155,9873	-0,70891398	-1266,3594
41331	0,047839504	156,1875	-0,71101063	-1268,6437
41331	0,047841821	156,3877	-0,71243715	-1270,7094
41331	0,047844138	156,58789	-0,7144075	-1272,1777
41331	0,047846455	156,78809	-0,71643138	-1274,39
41331	0,047848772	156,98828	-0,71791583	-1276,5791
41331	0,047851089	157,18848	-0,72032458	-1278,5675
41331	0,047853407	157,38867	-0,72355205	-1280,4771
41331	0,047855724	157,58887	-0,72403944	-1282,6777
41331	0,047858041	157,78906	-0,72637087	-1284,8477
41331	0,047860358	157,98926	-0,72844374	-1287,1741
41331	0,047862671	158,18945	-0,73120463	-1289,3669
41331	0,047864988	158,38965	-0,73295802	-1291,3209
41331	0,047867306	158,58984	-0,73578578	-1293,7325
41331	0,047869623	158,79004	-0,73733711	-1296,2144
41331	0,04787194	158,99023	-0,73866999	-1298,6581
41331	0,047874257	159,19043	-0,74206984	-1300,7806
41331	0,047876574	159,39063	-0,74371183	-1303,0435
41331	0,047878891	159,59082	-0,74594373	-1305,6726
41331	0,047881208	159,79102	-0,74804336	-1308,1194
41331	0,047883525	159,99121	-0,74995279	-1310,6361
41331	0,047885843	160,19141	-0,75238675	-1312,8784
41331	0,04788816	160,3916	-0,75429767	-1314,8212
41331	0,047890477	160,5918	-0,75677621	-1317,4683
41331	0,047892794	160,79199	-0,75877333	-1319,5992
41331	0,047895111	160,99219	-0,76177943	-1321,9937
41331	0,047897428	161,19238	-0,76387757	-1324,4973
41331	0,047899745	161,39258	-0,76706785	-1326,401
41331	0,047902063	161,59277	-0,7693696	-1328,6143
41331	0,04790438	161,79297	-0,7710517	-1331,0403
41331	0,047906697	161,99316	-0,7744872	-1333,7222
41331	0,047909014	162,19336	-0,77678299	-1335,8328
41331	0,047911331	162,39355	-0,77910548	-1338,4489
41331	0,047913648	162,59375	-0,78192586	-1340,7634
41331	0,047915965	162,79395	-0,78483826	-1343,2657
41331	0,047918282	162,99414	-0,78702855	-1345,4645
41331	0,0479206	163,19434	-0,79035407	-1347,9535
41331	0,047922917	163,39453	-0,79239875	-1350,261
41331	0,047925234	163,59473	-0,79410911	-1352,6213
41331	0,047927551	163,79492	-0,79844505	-1354,9849
41331	0,047929868	163,99512	-0,80172604	-1357,1912
41331	0,047932185	164,19531	-0,80349427	-1359,5203
41331	0,047934502	164,39551	-0,80583316	-1361,6045
41331	0,047936819	164,5957	-0,80908889	-1363,5936
41331	0,047939137	164,7959	-0,81238621	-1366,1648
41331	0,047941454	164,99609	-0,81559283	-1368,1105
41331	0,047943771	165,19629	-0,81863308	-1370,3878
41331	0,047946088	165,39648	-0,82264662	-1372,5232
41331	0,047948405	165,59668	-0,82561553	-1374,3678
41331	0,047950722	165,79688	-0,82939577	-1376,6654
41331	0,047953039	165,99707	-0,83304083	-1378,7147
41331	0,047955357	166,19727	-0,83632326	-1380,8529
41331	0,047957674	166,39746	-0,83983898	-1382,8817
41331	0,047959991	166,59766	-0,84468466	-1384,4839
41331	0,047962308	166,79785	-0,84863132	-1386,5382
41331	0,047964625	166,99805	-0,8536256	-1388,5184
41331	0,047966942	167,19824	-0,85920531	-1390,6104
41331	0,047969259	167,39844	-0,86522633	-1392,5482
41331	0,047971576	167,59863	-0,8708759	-1394,4858
41331	0,047973894	167,79883	-0,87817633	-1396,0479
41331	0,047976211	167,99902	-0,88520038	-1398,2094
41331	0,047978528	168,19922	-0,89396155	-1400,281
41331	0,047980845	168,39941	-0,90211487	-1402,463
41331	0,047983162	168,59961	-0,91160262	-1404,3943
41331	0,047985479	168,7998	-0,92259121	-1406,3431
41331	0,047987796	169	-0,93616086	-1407,9504
41331	0,047990113	169,2002	-0,95438743	-1409,5695
41331	0,047992431	169,40039	-0,98717773	-1409,9769
41331	0,047994748	169,60059	-1,0389065	-1358,677
41331	0,047997065	169,80078	-0,88391507	-952,09332
41331	0,047999382	170,00098	-0,68490261	-534,16003
41331	0,048001699	170,20117	-0,49148625	-213,5484
41331	0,048004016	170,40137	-0,2921707	-16,266476
41331	0,048006333	170,60156	-0,092829868	5,5274282
41331	0,048008651	170,80176	0,1244032	5,3723497
41331	0,048010968	171,00195	0,33388856	5,4948139
41331	0,048013285	171,20215	0,53568864	5,039546
41331	0,048015602	171,40234	0,73049289	4,7411022
