MTS793|MPT|DEU|1|2|,|.|:|49|1|1|A

Bediener Information			Würfeldruckfestigkeit (150mm)			Zeit:	14,279297	s	02.04.2024 07:48:43
Datum	2.4.2024
Prüfer: 	Mac
Probe	20240305_7188_M05_W06
Protokoll Seite	-
Breite [mm]:	150
Höhe [mm]:	150
Länge Einfüllseite [mm]:	149
Masse [g]:	7793
Bediener Information Ende

Datenerfassung						Zeit:	203,18359	s	02.04.2024 07:51:51
Ch 1 Weg	Ch 1 Prüfkraft
mm	kN
4,9024067	3,0653565
-0,96011209	-1558,3733

Datenerfassung						Zeit:	203,18945	s	02.04.2024 07:51:51
Datum	Tageszeit	Laufzeit	Ch 1 Weg	Ch 1 Prüfkraft
d	d	s	mm	kN
45384	0,26574188	63,098633	-0,0020692714	-16,857048
45384	0,26574418	63,298828	-0,0045637353	-18,866768
45384	0,2657465	63,499023	-0,0072431955	-20,952484
45384	0,26574883	63,699219	-0,010086766	-23,482105
45384	0,26575115	63,899414	-0,012232124	-25,609991
45384	0,26575345	64,099609	-0,015169684	-28,01474
45384	0,26575577	64,299805	-0,017147949	-30,445566
45384	0,2657581	64,5	-0,020082524	-32,734833
45384	0,26576042	64,700195	-0,023202097	-35,042873
45384	0,26576272	64,900391	-0,025090847	-37,169567
45384	0,26576504	65,100586	-0,028067198	-39,615147
45384	0,26576737	65,300781	-0,029195076	-41,735878
45384	0,26576969	65,500977	-0,031817846	-44,021271
45384	0,26577199	65,701172	-0,0326369	-46,292503
45384	0,26577431	65,901367	-0,035229828	-48,593094
45384	0,26577663	66,101563	-0,037179749	-50,705334
45384	0,26577896	66,301758	-0,039778646	-53,041389
45384	0,26578125	66,501953	-0,041122854	-55,184177
45384	0,26578358	66,702148	-0,043741144	-57,363621
45384	0,2657859	66,902344	-0,045768641	-59,538147
45384	0,26578823	67,102539	-0,047287401	-62,09906
45384	0,26579052	67,302734	-0,049499895	-64,438545
45384	0,26579285	67,50293	-0,052148025	-66,683403
45384	0,26579517	67,703125	-0,054282941	-68,740654
45384	0,26579747	67,90332	-0,056104556	-70,767212
45384	0,26579979	68,103516	-0,059188321	-73,059608
45384	0,26580212	68,303711	-0,06120687	-75,235779
45384	0,26580444	68,503906	-0,062750988	-77,436829
45384	0,26580673	68,704102	-0,066782117	-79,389771
45384	0,26580906	68,904297	-0,068321764	-81,385338
45384	0,26581138	69,104492	-0,070946023	-83,412788
45384	0,26581371	69,304688	-0,072812393	-85,733047
45384	0,265816	69,504883	-0,074390829	-88,040939
45384	0,26581833	69,705078	-0,076328814	-90,145576
45384	0,26582065	69,905273	-0,079599068	-92,319061
45384	0,26582298	70,105469	-0,080871664	-94,54068
45384	0,26582527	70,305664	-0,082353123	-96,655602
45384	0,2658276	70,505859	-0,085090764	-98,886749
45384	0,26582992	70,706055	-0,086634889	-100,94237
45384	0,26583225	70,90625	-0,089735061	-103,36246
45384	0,26583454	71,106445	-0,091340356	-105,34938
45384	0,26583686	71,306641	-0,092845686	-107,39487
45384	0,26583919	71,506836	-0,09434057	-109,87025
45384	0,26584151	71,707031	-0,096460566	-112,08724
45384	0,26584381	71,907227	-0,098018117	-114,28307
45384	0,26584613	72,107422	-0,099439904	-116,47325
45384	0,26584846	72,307617	-0,10137042	-118,65224
45384	0,26585078	72,507813	-0,10279072	-120,80591
45384	0,26585308	72,708008	-0,10597743	-123,04928
45384	0,2658554	72,908203	-0,10682632	-125,51557
45384	0,26585773	73,108398	-0,10763195	-127,77116
45384	0,26586005	73,308594	-0,11004734	-130,09023
45384	0,26586235	73,508789	-0,11214496	-132,23064
45384	0,26586467	73,708984	-0,113337	-134,63806
45384	0,26586699	73,90918	-0,11513325	-136,97322
45384	0,26586932	74,109375	-0,11651176	-139,0874
45384	0,26587161	74,30957	-0,11859894	-141,468
45384	0,26587394	74,509766	-0,12037281	-143,62436
45384	0,26587626	74,709961	-0,12129182	-145,92181
45384	0,26587859	74,910156	-0,12297022	-147,89891
45384	0,26588088	75,110352	-0,12376391	-150,13364
45384	0,26588321	75,310547	-0,12572129	-152,29355
45384	0,26588553	75,510742	-0,12711175	-154,52962
45384	0,26588786	75,710938	-0,12838583	-156,64217
45384	0,26589015	75,911133	-0,13008362	-158,84128
45384	0,26589248	76,111328	-0,13134278	-161,14171
45384	0,2658948	76,311523	-0,13298686	-163,60681
45384	0,26589713	76,511719	-0,13443401	-165,68433
45384	0,26589942	76,711914	-0,13671513	-167,9146
45384	0,26590174	76,912109	-0,13684045	-170,05783
45384	0,26590407	77,112305	-0,13866058	-172,32936
45384	0,26590639	77,3125	-0,140148	-174,60268
45384	0,26590869	77,512695	-0,1420666	-176,69987
45384	0,26591101	77,712891	-0,1432258	-178,85577
45384	0,26591334	77,913086	-0,14515036	-181,26201
45384	0,26591566	78,113281	-0,14566059	-183,41328
45384	0,26591796	78,313477	-0,14726588	-185,95959
45384	0,26592028	78,513672	-0,14751205	-188,32039
45384	0,26592261	78,713867	-0,15004829	-190,86551
45384	0,26592493	78,914063	-0,15164313	-193,32405
45384	0,26592723	79,114258	-0,1522548	-195,63567
45384	0,26592955	79,314453	-0,15296495	-198,14279
45384	0,26593187	79,514648	-0,15517148	-200,48257
45384	0,2659342	79,714844	-0,15553848	-202,65068
45384	0,26593649	79,915039	-0,157748	-205,12457
45384	0,26593882	80,115234	-0,15825227	-207,13863
45384	0,26594114	80,31543	-0,16006643	-209,56602
45384	0,26594347	80,515625	-0,16092427	-212,08401
45384	0,26594576	80,71582	-0,16240124	-214,40517
45384	0,26594809	80,916016	-0,16357836	-216,8269
45384	0,26595041	81,116211	-0,16615488	-219,06088
45384	0,26595274	81,316406	-0,16627721	-221,51839
45384	0,26595503	81,516602	-0,16713059	-223,60321
45384	0,26595736	81,716797	-0,16736929	-225,63841
45384	0,26595968	81,916992	-0,17000698	-228,10574
45384	0,265962	82,117188	-0,17165107	-230,30069
45384	0,2659643	82,317383	-0,17225975	-232,42336
45384	0,26596662	82,517578	-0,17390384	-234,99023
45384	0,26596895	82,717773	-0,17612378	-236,86182
45384	0,26597127	82,917969	-0,17643559	-239,01593
45384	0,26597357	83,118164	-0,17738743	-241,35303
45384	0,26597589	83,318359	-0,17869583	-243,41237
45384	0,26597822	83,518555	-0,17972673	-245,94765
45384	0,26598054	83,71875	-0,18081881	-248,12233
45384	0,26598284	83,918945	-0,18260761	-250,33917
45384	0,26598516	84,119141	-0,18332371	-253,04164
45384	0,26598749	84,319336	-0,18482906	-255,20053
45384	0,26598981	84,519531	-0,18607181	-257,17447
45384	0,26599211	84,719727	-0,18657309	-259,72153
45384	0,26599443	84,919922	-0,18689086	-261,84897
45384	0,26599675	85,120117	-0,18849765	-264,23093
45384	0,26599908	85,320313	-0,19045502	-266,35419
45384	0,26600137	85,520508	-0,19076534	-268,62512
45384	0,2660037	85,720703	-0,19247507	-270,8259
45384	0,26600602	85,920898	-0,19324338	-273,25909
45384	0,26600835	86,121094	-0,19439663	-275,42542
45384	0,26601064	86,321289	-0,19623317	-277,59891
45384	0,26601297	86,521484	-0,19592583	-279,75958
45384	0,26601529	86,72168	-0,19769673	-281,84366
45384	0,26601762	86,921875	-0,19807865	-283,76321
45384	0,26601991	87,12207	-0,19942436	-285,87143
45384	0,26602224	87,322266	-0,20086403	-287,78101
45384	0,26602456	87,522461	-0,20106545	-289,97073
45384	0,26602688	87,722656	-0,20377475	-292,09311
45384	0,26602918	87,922852	-0,20456247	-294,35617
45384	0,2660315	88,123047	-0,2050906	-296,48108
45384	0,26603383	88,323242	-0,2061782	-298,69507
45384	0,26603615	88,523438	-0,20742543	-301,03799
45384	0,26603845	88,723633	-0,20814751	-302,90063
45384	0,26604077	88,923828	-0,20962301	-305,0546
45384	0,2660431	89,124023	-0,21105523	-307,16446
45384	0,26604542	89,324219	-0,21080311	-309,45386
45384	0,26604772	89,524414	-0,21286044	-311,48489
45384	0,26605004	89,724609	-0,2138093	-313,67075
45384	0,26605237	89,924805	-0,21462387	-316,04062
45384	0,26605469	90,125	-0,21576518	-318,39203
45384	0,26605698	90,325195	-0,21704672	-320,32889
45384	0,26605931	90,525391	-0,21790457	-322,79919
45384	0,26606163	90,725586	-0,2184685	-325,30438
45384	0,26606396	90,925781	-0,22030355	-327,84949
45384	0,26606625	91,125977	-0,22072874	-330,0361
45384	0,26606858	91,326172	-0,22247577	-331,95969
45384	0,2660709	91,526367	-0,22276221	-334,18188
45384	0,26607323	91,726563	-0,22420339	-336,36343
45384	0,26607552	91,926758	-0,22638455	-338,69577
45384	0,26607785	92,126953	-0,2267068	-340,63947
45384	0,26608017	92,327148	-0,22771832	-342,9183
45384	0,2660825	92,527344	-0,22738563	-345,20294
45384	0,26608479	92,727539	-0,22908938	-347,24664
45384	0,26608711	92,927734	-0,22969957	-349,58463
45384	0,26608944	93,12793	-0,23191653	-351,85571
45384	0,26609176	93,328125	-0,23292506	-354,25839
45384	0,26609406	93,52832	-0,23325031	-356,57462
45384	0,26609638	93,728516	-0,23466313	-358,64648
45384	0,26609871	93,928711	-0,23612371	-360,8049
45384	0,26610103	94,128906	-0,23650563	-362,87228
45384	0,26610333	94,329102	-0,2383004	-365,36304
45384	0,26610565	94,529297	-0,23885091	-367,42593
45384	0,26610798	94,729492	-0,24026673	-369,74487
45384	0,26611027	94,929688	-0,24199882	-372,40903
45384	0,2661126	95,129883	-0,24165867	-374,92496
45384	0,26611492	95,330078	-0,24293575	-377,30511
45384	0,26611724	95,530273	-0,24440676	-379,71344
45384	0,26611954	95,730469	-0,24507065	-381,93088
45384	0,26612186	95,930664	-0,24581511	-384,28183
45384	0,26612419	96,130859	-0,24678783	-386,84497
45384	0,26612651	96,331055	-0,24782322	-388,98077
45384	0,26612881	96,53125	-0,24973136	-391,26468
45384	0,26613113	96,731445	-0,25061756	-393,71771
45384	0,26613346	96,931641	-0,25175887	-396,07745
45384	0,26613578	97,131836	-0,25224373	-398,42484
45384	0,26613808	97,332031	-0,25469941	-400,62216
45384	0,2661404	97,532227	-0,2547397	-402,88416
45384	0,26614273	97,732422	-0,25631365	-405,41483
45384	0,26614505	97,932617	-0,25604212	-407,76501
45384	0,26614735	98,132813	-0,25783092	-409,95236
45384	0,26614967	98,333008	-0,25919452	-412,14255
45384	0,26615199	98,533203	-0,26078191	-414,47888
45384	0,26615432	98,733398	-0,26100868	-416,76428
45384	0,26615661	98,933594	-0,26140404	-418,78473
45384	0,26615894	99,133789	-0,26288548	-421,03525
45384	0,26616126	99,333984	-0,26381195	-422,90042
45384	0,26616359	99,53418	-0,26524866	-425,20923
45384	0,26616588	99,734375	-0,26584393	-427,43396
45384	0,26616821	99,93457	-0,2670494	-429,85748
45384	0,26617053	100,13477	-0,26688975	-432,29785
45384	0,26617286	100,33496	-0,26817578	-434,41083
45384	0,26617515	100,53516	-0,26979151	-436,52472
45384	0,26617748	100,73535	-0,2713058	-438,99741
45384	0,2661798	100,93555	-0,27125359	-441,26059
45384	0,26618212	101,13574	-0,27385694	-443,43228
45384	0,26618442	101,33594	-0,27414489	-445,95313
45384	0,26618674	101,53613	-0,27446714	-448,26251
45384	0,26618907	101,73633	-0,27640215	-450,39771
45384	0,26619139	101,93652	-0,27696759	-452,76175
45384	0,26619369	102,13672	-0,27798504	-454,90546
45384	0,26619601	102,33691	-0,27834609	-457,13913
45384	0,26619834	102,53711	-0,27896821	-459,19788
45384	0,26620066	102,7373	-0,28124338	-461,64896
45384	0,26620296	102,9375	-0,28138658	-463,82767
45384	0,26620528	103,1377	-0,28318584	-465,9545
45384	0,26620761	103,33789	-0,28342006	-468,42004
45384	0,26620993	103,53809	-0,28469712	-470,58698
45384	0,26621222	103,73828	-0,28612787	-472,89725
45384	0,26621455	103,93848	-0,28673208	-475,15955
45384	0,26621687	104,13867	-0,28734079	-477,48026
45384	0,2662192	104,33887	-0,28842989	-479,90466
45384	0,26622149	104,53906	-0,29049766	-481,65915
45384	0,26622382	104,73926	-0,29078409	-483,82785
45384	0,26622614	104,93945	-0,29117498	-485,8988
45384	0,26622847	105,13965	-0,29334867	-488,34589
45384	0,26623076	105,33984	-0,29331735	-490,44055
45384	0,26623309	105,54004	-0,29332331	-492,24939
45384	0,26623541	105,74023	-0,29553878	-494,35849
45384	0,26623774	105,94043	-0,29700384	-496,54227
45384	0,26624003	106,14063	-0,29792583	-498,59012
45384	0,26624236	106,34082	-0,29767221	-500,97849
45384	0,26624468	106,54102	-0,29955947	-503,03217
45384	0,266247	106,74121	-0,30027261	-505,39758
45384	0,2662493	106,94141	-0,30112597	-507,49716
45384	0,26625162	107,1416	-0,30163023	-509,66229
45384	0,26625395	107,3418	-0,30302817	-511,79733
45384	0,26625627	107,54199	-0,3039248	-513,75861
45384	0,26625857	107,74219	-0,30483782	-516,13654
45384	0,26626089	107,94238	-0,30640435	-518,54309
45384	0,26626322	108,14258	-0,30723682	-520,78717
45384	0,26626554	108,34277	-0,30779031	-522,81763
45384	0,26626784	108,54297	-0,30868247	-524,82599
45384	0,26627016	108,74316	-0,31002817	-527,05853
45384	0,26627249	108,94336	-0,31075624	-529,29395
45384	0,26627481	109,14355	-0,31203032	-531,19092
45384	0,2662771	109,34375	-0,31284937	-533,66864
45384	0,26627943	109,54395	-0,31439349	-535,79565
45384	0,26628175	109,74414	-0,31427413	-538,11633
45384	0,26628408	109,94434	-0,31593165	-540,30353
45384	0,26628637	110,14453	-0,31680292	-542,73035
45384	0,2662887	110,34473	-0,31799942	-544,77808
45384	0,26629102	110,54492	-0,31842908	-547,23438
45384	0,26629335	110,74512	-0,31970614	-549,40936
45384	0,26629564	110,94531	-0,32087281	-551,73456
45384	0,26629797	111,14551	-0,32209021	-553,97211
45384	0,26630029	111,3457	-0,32197982	-556,31219
45384	0,26630262	111,5459	-0,32358211	-558,73358
45384	0,26630491	111,74609	-0,32576776	-560,92975
45384	0,26630723	111,94629	-0,32511729	-563,09399
45384	0,26630956	112,14648	-0,32717761	-565,70703
45384	0,26631188	112,34668	-0,32757148	-567,73895
45384	0,26631418	112,54688	-0,32768786	-569,97266
45384	0,2663165	112,74707	-0,32976308	-572,14227
45384	0,26631883	112,94727	-0,32989138	-574,33539
45384	0,26632115	113,14746	-0,33093125	-576,49457
45384	0,26632345	113,34766	-0,33206958	-578,4845
45384	0,26632577	113,54785	-0,33299902	-580,82458
45384	0,2663281	113,74805	-0,33370021	-582,93158
45384	0,26633042	113,94824	-0,33576798	-584,96057
45384	0,26633272	114,14844	-0,3363573	-587,20618
45384	0,26633504	114,34863	-0,33653483	-589,68811
45384	0,26633736	114,54883	-0,33777758	-591,86456
45384	0,26633969	114,74902	-0,33844298	-594,23773
45384	0,26634198	114,94922	-0,33992893	-596,5188
45384	0,26634431	115,14941	-0,3407793	-598,71399
45384	0,26634663	115,34961	-0,34181321	-600,96973
45384	0,26634896	115,5498	-0,34215933	-603,37183
45384	0,26635125	115,75	-0,34364974	-605,49078
45384	0,26635358	115,9502	-0,34479851	-607,77661
45384	0,2663559	116,15039	-0,34679168	-610,12653
45384	0,26635823	116,35059	-0,34627101	-612,09558
45384	0,26636052	116,55078	-0,34778827	-614,43414
45384	0,26636285	116,75098	-0,34912354	-616,45447
45384	0,26636517	116,95117	-0,34897733	-618,73193
45384	0,2663675	117,15137	-0,35089144	-621,02374
45384	0,26636979	117,35156	-0,35180748	-623,29376
45384	0,26637211	117,55176	-0,3519313	-625,43689
45384	0,26637444	117,75195	-0,35397968	-627,9671
45384	0,26637676	117,95215	-0,35499865	-630,22552
45384	0,26637906	118,15234	-0,35500908	-632,69281
45384	0,26638138	118,35254	-0,35577294	-635,19769
45384	0,26638371	118,55273	-0,35755876	-637,46356
45384	0,26638603	118,75293	-0,35806301	-639,77356
45384	0,26638833	118,95313	-0,35976678	-642,12946
45384	0,26639065	119,15332	-0,36043215	-644,62122
45384	0,26639298	119,35352	-0,36249846	-646,86536
45384	0,2663953	119,55371	-0,36175847	-649,1911
45384	0,2663976	119,75391	-0,36197928	-651,35205
45384	0,26639992	119,9541	-0,36407837	-653,72137
45384	0,26640224	120,1543	-0,36513317	-656,02625
45384	0,26640457	120,35449	-0,36605218	-658,43848
45384	0,26640686	120,55469	-0,36701891	-660,74097
45384	0,26640919	120,75488	-0,36821094	-663,10284
45384	0,26641151	120,95508	-0,36931944	-665,25574
45384	0,26641384	121,15527	-0,37068304	-667,44977
45384	0,26641613	121,35547	-0,37086505	-670,05719
45384	0,26641846	121,55566	-0,3719407	-672,19342
45384	0,26642078	121,75586	-0,37226593	-674,53796
45384	0,26642308	121,95605	-0,37292984	-676,82111
45384	0,2664254	122,15625	-0,37462017	-679,00116
45384	0,26642773	122,35645	-0,37529153	-681,20923
45384	0,26643005	122,55664	-0,37695798	-683,69592
45384	0,26643234	122,75684	-0,37707287	-685,80414
45384	0,26643467	122,95703	-0,37908992	-688,04736
45384	0,26643699	123,15723	-0,37932563	-690,32458
45384	0,26643932	123,35742	-0,38019991	-692,45306
45384	0,26644161	123,55762	-0,38088617	-694,60596
45384	0,26644394	123,75781	-0,38217965	-696,75562
45384	0,26644626	123,95801	-0,38457566	-698,92078
45384	0,26644859	124,1582	-0,38362828	-701,01318
45384	0,26645088	124,3584	-0,38443989	-703,58423
45384	0,26645321	124,55859	-0,3857632	-705,50885
45384	0,26645553	124,75879	-0,3867434	-708,22595
45384	0,26645786	124,95898	-0,38806969	-710,41937
45384	0,26646015	125,15918	-0,3885113	-712,66138
45384	0,26646248	125,35938	-0,38858142	-714,84503
45384	0,2664648	125,55957	-0,39095056	-717,39343
45384	0,26646712	125,75977	-0,39132056	-719,70636
45384	0,26646942	125,95996	-0,39192477	-721,91351
45384	0,26647174	126,16016	-0,39334357	-723,94128
45384	0,26647407	126,36035	-0,39387769	-726,11121
45384	0,26647639	126,56055	-0,39555457	-728,69537
45384	0,26647869	126,76074	-0,39584997	-730,74518
45384	0,26648101	126,96094	-0,39774916	-732,74609
45384	0,26648334	127,16113	-0,39860553	-735,35797
45384	0,26648566	127,36133	-0,39863387	-737,52606
45384	0,26648796	127,56152	-0,40007654	-739,66498
45384	0,26649028	127,76172	-0,40108955	-742,03131
45384	0,26649261	127,96191	-0,40182355	-744,54962
45384	0,26649493	128,16211	-0,40295592	-746,41998
45384	0,26649722	128,3623	-0,40333635	-748,71057
45384	0,26649955	128,5625	-0,40434787	-750,93591
45384	0,26650187	128,7627	-0,40598896	-752,95325
45384	0,2665042	128,96289	-0,4066827	-755,08295
45384	0,26650649	129,16309	-0,4072153	-757,19531
45384	0,26650882	129,36328	-0,40804181	-759,1134
45384	0,26651114	129,56348	-0,40934724	-761,1936
45384	0,26651347	129,76367	-0,4099977	-763,40491
45384	0,26651576	129,96387	-0,41257423	-765,47021
45384	0,26651809	130,16406	-0,41242054	-767,65234
45384	0,26652041	130,36426	-0,41276368	-769,91614
45384	0,26652274	130,56445	-0,41417503	-772,21954
45384	0,26652503	130,76465	-0,41494486	-774,39545
45384	0,26652735	130,96484	-0,41499856	-776,25031
45384	0,26652968	131,16504	-0,41740501	-778,54602
45384	0,266532	131,36523	-0,41761237	-780,79517
45384	0,2665343	131,56543	-0,41915351	-782,97046
45384	0,26653662	131,76563	-0,41919678	-784,9043
45384	0,26653895	131,96582	-0,42036495	-787,26166
45384	0,26654127	132,16602	-0,42201051	-789,2796
45384	0,26654357	132,36621	-0,42257297	-791,47754
45384	0,26654589	132,56641	-0,42337412	-793,85217
45384	0,26654822	132,7666	-0,42454228	-796,29327
45384	0,26655054	132,9668	-0,42595959	-798,44623
45384	0,26655284	133,16699	-0,42632362	-800,72937
45384	0,26655516	133,36719	-0,42742017	-803,1496
45384	0,26655748	133,56738	-0,42805421	-805,53912
45384	0,26655981	133,76758	-0,42810494	-807,56067
45384	0,2665621	133,96777	-0,42996535	-809,79553
45384	0,26656443	134,16797	-0,43070534	-812,08612
45384	0,26656675	134,36816	-0,43242848	-813,98962
45384	0,26656908	134,56836	-0,43292379	-816,30762
45384	0,26657137	134,76855	-0,43406361	-818,44562
45384	0,2665737	134,96875	-0,43560475	-820,71838
45384	0,26657602	135,16895	-0,43551672	-822,95416
45384	0,26657835	135,36914	-0,43608811	-825,30493
45384	0,26658064	135,56934	-0,44086671	-830,38
45384	0,26658297	135,76953	-0,44199756	-835,10126
45384	0,26658529	135,96973	-0,43913907	-831,73334
45384	0,26658762	136,16992	-0,44112778	-833,27142
45384	0,26658991	136,37012	-0,44142765	-835,56738
45384	0,26659223	136,57031	-0,4452171	-839,00415
45384	0,26659456	136,77051	-0,4454737	-841,31622
45384	0,26659688	136,9707	-0,44874844	-845,29663
45384	0,26659918	137,1709	-0,44485605	-843,58954
45384	0,2666015	137,37109	-0,4488439	-855,35852
45384	0,26660383	137,57129	-0,44728786	-848,5481
45384	0,26660615	137,77148	-0,44900504	-851,79773
45384	0,26660845	137,97168	-0,45179042	-861,88788
45384	0,26661077	138,17188	-0,45010605	-855,38324
45384	0,2666131	138,37207	-0,45049992	-858,01208
45384	0,26661542	138,57227	-0,45528445	-869,0816
45384	0,26661772	138,77246	-0,45386863	-862,64099
45384	0,26662004	138,97266	-0,45279446	-864,31769
45384	0,26662236	139,17285	-0,45836374	-872,93799
45384	0,26662469	139,37305	-0,45941406	-873,59277
45384	0,26662698	139,57324	-0,45503381	-870,92725
45384	0,26662931	139,77344	-0,45939019	-876,44958
45384	0,26663163	139,97363	-0,46166682	-883,96814
45384	0,26663396	140,17383	-0,45982283	-878,28125
45384	0,26663625	140,37402	-0,4596647	-880,27203
45384	0,26663858	140,57422	-0,46461037	-889,18799
45384	0,2666409	140,77441	-0,465689	-890,15363
45384	0,26664323	140,97461	-0,46218303	-886,19379
45384	0,26664552	141,1748	-0,46484905	-890,12109
45384	0,26664785	141,375	-0,46747035	-900,0614
45384	0,26665017	141,5752	-0,4682312	-894,38135
45384	0,26665249	141,77539	-0,46540704	-895,00391
45384	0,26665479	141,97559	-0,47127619	-901,62543
45384	0,26665711	142,17578	-0,47126722	-908,54047
45384	0,26665944	142,37598	-0,46948442	-903,05475
45384	0,26666176	142,57617	-0,46994689	-904,77344
45384	0,26666406	142,77637	-0,47415704	-911,24261
45384	0,26666638	142,97656	-0,47541919	-917,55267
45384	0,26666871	143,17676	-0,47295606	-912,02911
45384	0,26667103	143,37695	-0,47476873	-913,45306
45384	0,26667333	143,57715	-0,47812998	-919,20911
45384	0,26667565	143,77734	-0,47897142	-926,79675
45384	0,26667798	143,97754	-0,47908333	-920,83392
45384	0,2666803	144,17773	-0,47769138	-922,40625
45384	0,2666826	144,37793	-0,48261467	-928,46033
45384	0,26668492	144,57813	-0,48420802	-935,73267
45384	0,26668724	144,77832	-0,48301151	-929,80859
45384	0,26668957	144,97852	-0,48199701	-930,61981
45384	0,26669186	145,17871	-0,48563725	-935,66919
45384	0,26669419	145,37891	-0,48643541	-943,64252
45384	0,26669651	145,5791	-0,48847187	-940,94867
45384	0,26669884	145,7793	-0,48554474	-938,92841
45384	0,26670113	145,97949	-0,48840624	-943,32336
45384	0,26670346	146,17969	-0,49010849	-952,43005
45384	0,26670578	146,37988	-0,49307889	-951,65308
45384	0,26670811	146,58008	-0,48927003	-947,75555
45384	0,2667104	146,78027	-0,49203753	-951,3208
45384	0,26671273	146,98047	-0,49707717	-960,53387
45384	0,26671505	147,18066	-0,49492139	-963,00806
45384	0,26671737	147,38086	-0,49720398	-956,93646
45384	0,26671967	147,58105	-0,49434549	-958,2674
45384	0,26672199	147,78125	-0,49895847	-963,56268
45384	0,26672432	147,98145	-0,49925685	-971,8689
45384	0,26672664	148,18164	-0,50127393	-972,0802
45384	0,26672894	148,38184	-0,49794546	-967,11511
45384	0,26673126	148,58203	-0,50052047	-970,5296
45384	0,26673359	148,78223	-0,50551987	-979,46851
45384	0,26673588	148,98242	-0,50347596	-982,7688
45384	0,26673821	149,18262	-0,50519758	-980,51422
45384	0,26674053	149,38281	-0,50248682	-978,12976
45384	0,26674286	149,58301	-0,50605696	-982,76819
45384	0,26674515	149,7832	-0,509184	-991,42456
45384	0,26674747	149,9834	-0,51014775	-993,95929
45384	0,2667498	150,18359	-0,51095039	-992,54517
45384	0,26675212	150,38379	-0,50708038	-988,69379
45384	0,26675442	150,58398	-0,5103178	-992,15918
45384	0,26675674	150,78418	-0,51515311	-1000,9866
45384	0,26675907	150,98438	-0,51484424	-1004,5254
45384	0,26676139	151,18457	-0,51521426	-1004,1487
45384	0,26676369	151,38477	-0,51260942	-999,91528
45384	0,26676601	151,58496	-0,51497555	-1003,2371
45384	0,26676834	151,78516	-0,51922303	-1011,7474
45384	0,26677066	151,98535	-0,51752073	-1015,8708
45384	0,26677296	152,18555	-0,52179354	-1016,666
45384	0,26677528	152,38574	-0,52064776	-1011,9911
45384	0,2667776	152,58594	-0,51958853	-1014,1014
45384	0,26677993	152,78613	-0,52435517	-1021,6548
45384	0,26678222	152,98633	-0,52401799	-1026,2739
45384	0,26678455	153,18652	-0,52556807	-1028,5934
45384	0,26678687	153,38672	-0,52700776	-1030,8656
45384	0,2667892	153,58691	-0,52636921	-1032,7312
45384	0,26679149	153,78711	-0,52723157	-1034,6431
45384	0,26679382	153,9873	-0,52904421	-1036,9652
45384	0,26679614	154,1875	-0,52918744	-1038,9956
45384	0,26679847	154,3877	-0,53051823	-1041,2943
45384	0,26680076	154,58789	-0,53166997	-1043,4144
45384	0,26680309	154,78809	-0,53255022	-1045,6123
45384	0,26680541	154,98828	-0,53323346	-1047,8035
45384	0,26680773	155,18848	-0,53473431	-1050,1136
45384	0,26681003	155,38867	-0,53498495	-1052,1531
45384	0,26681235	155,58887	-0,53657681	-1054,4657
45384	0,26681468	155,78906	-0,53724074	-1056,635
45384	0,266817	155,98926	-0,53852975	-1058,6565
45384	0,2668193	156,18945	-0,53865802	-1060,9862
45384	0,26682162	156,38965	-0,53988886	-1063,0532
45384	0,26682395	156,58984	-0,54154783	-1065,377
45384	0,26682627	156,79004	-0,54312778	-1067,6875
45384	0,26682857	156,99023	-0,54347539	-1069,5938
45384	0,26683089	157,19043	-0,54447794	-1071,7997
45384	0,26683322	157,39063	-0,54455405	-1074,2438
45384	0,26683554	157,59082	-0,54622048	-1076,0215
45384	0,26683784	157,79102	-0,5478422	-1078,3248
45384	0,26684016	157,99121	-0,54786456	-1080,3848
45384	0,26684248	158,19141	-0,54967278	-1082,6665
45384	0,26684481	158,3916	-0,55070072	-1084,7506
45384	0,2668471	158,5918	-0,5520792	-1087,1243
45384	0,26684943	158,79199	-0,55254024	-1089,5499
45384	0,26685175	158,99219	-0,55336374	-1091,7467
45384	0,26685408	159,19238	-0,55340701	-1094,1135
45384	0,26685637	159,39258	-0,55567473	-1096,2485
45384	0,2668587	159,59277	-0,55649823	-1098,7004
45384	0,26686102	159,79297	-0,55821544	-1101,0002
45384	0,26686335	159,99316	-0,55872267	-1103,1812
45384	0,26686564	160,19336	-0,55996245	-1105,4882
45384	0,26686797	160,39355	-0,5612455	-1107,7124
45384	0,26687029	160,59375	-0,56191087	-1110,0679
45384	0,26687261	160,79395	-0,56300592	-1112,2498
45384	0,26687491	160,99414	-0,56407714	-1114,2406
45384	0,26687723	161,19434	-0,56359375	-1116,5601
45384	0,26687956	161,39453	-0,56593305	-1118,6283
45384	0,26688188	161,59473	-0,56682968	-1120,8685
45384	0,26688418	161,79492	-0,56805903	-1123,2197
45384	0,2668865	161,99512	-0,56834096	-1125,5758
45384	0,26688883	162,19531	-0,57004476	-1128,0813
45384	0,26689115	162,39551	-0,57089514	-1130,2942
45384	0,26689345	162,5957	-0,5728361	-1132,1646
45384	0,26689577	162,7959	-0,57354474	-1134,5485
45384	0,2668981	162,99609	-0,57451296	-1136,5997
45384	0,26690042	163,19629	-0,57470095	-1138,6099
45384	0,26690271	163,39648	-0,57767284	-1140,7277
45384	0,26690504	163,59668	-0,57782352	-1142,6503
45384	0,26690736	163,79688	-0,57826215	-1144,9993
45384	0,26690969	163,99707	-0,5781219	-1146,8804
45384	0,26691198	164,19727	-0,58096248	-1149,3081
45384	0,26691431	164,39746	-0,58093864	-1151,3492
45384	0,26691663	164,59766	-0,5834704	-1153,4574
45384	0,26691896	164,79785	-0,58335102	-1155,6118
45384	0,26692125	164,99805	-0,58401638	-1157,7689
45384	0,26692358	165,19824	-0,58557546	-1160,1903
45384	0,2669259	165,39844	-0,58573359	-1162,3981
45384	0,26692823	165,59863	-0,58825493	-1164,7415
45384	0,26693052	165,79883	-0,58801919	-1166,6956
45384	0,26693285	165,99902	-0,59056139	-1168,9513
45384	0,26693517	166,19922	-0,59049129	-1171,166
45384	0,26693749	166,39941	-0,59153116	-1173,3904
45384	0,26693979	166,59961	-0,59377199	-1175,6426
45384	0,26694211	166,7998	-0,59548169	-1177,535
45384	0,26694444	167	-0,59499532	-1179,8712
45384	0,26694676	167,2002	-0,59597403	-1182,1425
45384	0,26694906	167,40039	-0,59743756	-1184,0826
45384	0,26695138	167,60059	-0,59969485	-1186,5758
45384	0,26695371	167,80078	-0,59914583	-1188,8739
45384	0,26695603	168,00098	-0,60124344	-1191,0903
45384	0,26695833	168,20117	-0,60203862	-1193,0051
45384	0,26696065	168,40137	-0,60352308	-1195,2141
45384	0,26696298	168,60156	-0,60483146	-1197,575
45384	0,2669653	168,80176	-0,60576242	-1199,9574
45384	0,26696759	169,00195	-0,60553265	-1202,0349
45384	0,26696992	169,20215	-0,60703498	-1204,4712
45384	0,26697224	169,40234	-0,60829419	-1206,4406
45384	0,26697457	169,60254	-0,60999346	-1208,7151
45384	0,26697686	169,80273	-0,61105269	-1211,082
45384	0,26697919	170,00293	-0,61131525	-1213,3843
45384	0,26698151	170,20313	-0,6130653	-1215,9359
45384	0,26698384	170,40332	-0,61392164	-1218,1919
45384	0,26698613	170,60352	-0,61587453	-1220,3163
45384	0,26698846	170,80371	-0,61556274	-1222,6403
45384	0,26699078	171,00391	-0,6172232	-1224,7302
45384	0,26699311	171,2041	-0,61782444	-1227,0721
45384	0,2669954	171,4043	-0,61968786	-1229,178
45384	0,26699772	171,60449	-0,62040246	-1231,6244
45384	0,26700005	171,80469	-0,62091869	-1233,6677
45384	0,26700237	172,00488	-0,6229521	-1235,913
45384	0,26700467	172,20508	-0,62403673	-1237,8687
45384	0,26700699	172,40527	-0,62468421	-1240,0162
45384	0,26700932	172,60547	-0,62502289	-1242,1703
45384	0,26701164	172,80566	-0,6265521	-1244,6138
45384	0,26701394	173,00586	-0,62843341	-1246,7068
45384	0,26701626	173,20605	-0,62836176	-1249,0909
45384	0,26701859	173,40625	-0,631356	-1251,2701
45384	0,26702091	173,60645	-0,63256598	-1253,6429
45384	0,26702321	173,80664	-0,63357747	-1255,7551
45384	0,26702553	174,00684	-0,63334322	-1258,0117
45384	0,26702785	174,20703	-0,63505894	-1260,3109
45384	0,26703018	174,40723	-0,63625842	-1262,4785
45384	0,26703247	174,60742	-0,63711178	-1264,7062
45384	0,2670348	174,80762	-0,63963312	-1266,9757
45384	0,26703712	175,00781	-0,63933176	-1269,1733
45384	0,26703945	175,20801	-0,6400792	-1271,4281
45384	0,26704174	175,4082	-0,64181876	-1273,7277
45384	0,26704407	175,6084	-0,64463097	-1275,8835
45384	0,26704639	175,80859	-0,64576632	-1277,9915
45384	0,26704869	176,00879	-0,64634669	-1280,1116
45384	0,26705101	176,20898	-0,64755809	-1282,5504
45384	0,26705334	176,40918	-0,64904851	-1284,6842
45384	0,26705566	176,60938	-0,65042853	-1287,3708
45384	0,26705796	176,80957	-0,65173244	-1289,6307
45384	0,26706028	177,00977	-0,65208304	-1292,0424
45384	0,2670626	177,20996	-0,65361822	-1294,3682
45384	0,26706493	177,41016	-0,6558665	-1296,6993
45384	0,26706722	177,61035	-0,65632755	-1298,9125
45384	0,26706955	177,81055	-0,65752852	-1301,251
45384	0,26707187	178,01074	-0,65862954	-1303,7424
45384	0,2670742	178,21094	-0,66005433	-1306,2369
45384	0,26707649	178,41113	-0,66117471	-1308,6366
45384	0,26707882	178,61133	-0,66269946	-1310,8307
45384	0,26708114	178,81152	-0,66469115	-1312,9415
45384	0,26708347	179,01172	-0,66513127	-1315,0345
45384	0,26708576	179,21191	-0,66672462	-1317,7472
45384	0,26708809	179,41211	-0,66785246	-1319,8173
45384	0,26709041	179,6123	-0,66906542	-1322,2208
45384	0,26709273	179,8125	-0,66957712	-1324,4497
45384	0,26709503	180,0127	-0,67153001	-1326,5508
45384	0,26709735	180,21289	-0,67334867	-1328,7252
45384	0,26709968	180,41309	-0,67424828	-1331,1576
45384	0,267102	180,61328	-0,6750927	-1333,5382
45384	0,2671043	180,81348	-0,67745137	-1335,8634
45384	0,26710662	181,01367	-0,67767966	-1338,1766
45384	0,26710895	181,21387	-0,67946249	-1340,4598
45384	0,26711127	181,41406	-0,68073356	-1342,5797
45384	0,26711357	181,61426	-0,68121994	-1344,7722
45384	0,26711589	181,81445	-0,68227923	-1347,2324
45384	0,26711822	182,01465	-0,68406647	-1349,6306
45384	0,26712054	182,21484	-0,68628347	-1351,864
45384	0,26712283	182,41504	-0,68657589	-1353,8212
45384	0,26712516	182,61523	-0,68897933	-1356,4214
45384	0,26712748	182,81543	-0,68996549	-1358,5424
45384	0,26712981	183,01563	-0,69171846	-1360,7633
45384	0,2671321	183,21582	-0,69392353	-1362,853
45384	0,26713443	183,41602	-0,69580334	-1365,3112
45384	0,26713675	183,61621	-0,69551837	-1367,2959
45384	0,26713908	183,81641	-0,69651049	-1369,6226
45384	0,26714137	184,0166	-0,69856036	-1372,0509
45384	0,2671437	184,2168	-0,69978672	-1374,0521
45384	0,26714602	184,41699	-0,70154268	-1376,2003
45384	0,26714835	184,61719	-0,70334041	-1378,2892
45384	0,26715064	184,81738	-0,70451009	-1380,7019
45384	0,26715297	185,01758	-0,7067554	-1382,8668
45384	0,26715529	185,21777	-0,70689112	-1385,0525
45384	0,26715761	185,41797	-0,70779377	-1387,3312
45384	0,26715991	185,61816	-0,70983171	-1389,704
45384	0,26716223	185,81836	-0,71090436	-1391,7821
45384	0,26716456	186,01855	-0,71240371	-1394,391
45384	0,26716688	186,21875	-0,7143417	-1396,4929
45384	0,26716918	186,41895	-0,71644533	-1398,6324
45384	0,2671715	186,61914	-0,71618271	-1400,9965
45384	0,26717383	186,81934	-0,71946788	-1403,473
45384	0,26717615	187,01953	-0,72021532	-1405,6965
45384	0,26717845	187,21973	-0,72249645	-1407,9568
45384	0,26718077	187,41992	-0,72328269	-1410,1362
45384	0,2671831	187,62012	-0,72490442	-1412,6635
45384	0,26718542	187,82031	-0,72675288	-1414,7999
45384	0,26718771	188,02051	-0,72839397	-1417,0197
45384	0,26719004	188,2207	-0,72944427	-1419,0569
45384	0,26719236	188,4209	-0,73111373	-1421,2832
45384	0,26719469	188,62109	-0,73290998	-1423,7683
45384	0,26719698	188,82129	-0,7338782	-1425,8582
45384	0,26719931	189,02148	-0,73615932	-1428,1964
45384	0,26720163	189,22168	-0,7371186	-1430,2253
45384	0,26720396	189,42188	-0,73923564	-1432,6399
45384	0,26720625	189,62207	-0,74069768	-1434,8096
45384	0,26720858	189,82227	-0,74376655	-1437,0012
45384	0,2672109	190,02246	-0,74464679	-1439,6184
45384	0,26721323	190,22266	-0,74677277	-1441,8768
45384	0,26721552	190,42285	-0,74763805	-1444,0844
45384	0,26721784	190,62305	-0,74974012	-1445,9491
45384	0,26722017	190,82324	-0,7504667	-1448,0229
45384	0,26722249	191,02344	-0,75341469	-1450,3992
45384	0,26722479	191,22363	-0,7550379	-1452,4781
45384	0,26722711	191,42383	-0,75679833	-1454,3896
45384	0,26722944	191,62402	-0,75863039	-1456,5972
45384	0,26723176	191,82422	-0,76009393	-1458,8368
45384	0,26723406	192,02441	-0,76219755	-1460,7527
45384	0,26723638	192,22461	-0,76368797	-1463,0865
45384	0,26723871	192,4248	-0,76580644	-1464,9829
45384	0,26724103	192,625	-0,76780111	-1467,2362
45384	0,26724333	192,8252	-0,76894242	-1469,3981
45384	0,26724565	193,02539	-0,77138019	-1471,7811
45384	0,26724797	193,22559	-0,77317047	-1474,0145
45384	0,2672503	193,42578	-0,77577835	-1476,1528
45384	0,26725259	193,62598	-0,77732098	-1478,1886
45384	0,26725492	193,82617	-0,78012723	-1480,3293
45384	0,26725724	194,02637	-0,78212488	-1482,4468
45384	0,26725957	194,22656	-0,78380924	-1484,839
45384	0,26726186	194,42676	-0,7861411	-1486,9341
45384	0,26726419	194,62695	-0,78737342	-1489,1329
45384	0,26726651	194,82715	-0,79220122	-1491,3856
45384	0,26726884	195,02734	-0,79262495	-1493,4877
45384	0,26727113	195,22754	-0,79473746	-1495,6676
45384	0,26727346	195,42773	-0,79768842	-1497,7285
45384	0,26727578	195,62793	-0,79943097	-1500,0933
45384	0,26727811	195,82813	-0,80240583	-1502,3109
45384	0,2672804	196,02832	-0,80503756	-1504,6473
45384	0,26728272	196,22852	-0,80739331	-1507,2458
45384	0,26728505	196,42871	-0,8095327	-1509,4271
45384	0,26728737	196,62891	-0,81290883	-1511,8071
45384	0,26728967	196,8291	-0,81522578	-1513,9785
45384	0,26729199	197,0293	-0,81868106	-1516,262
45384	0,26729432	197,22949	-0,82172453	-1518,2762
45384	0,26729664	197,42969	-0,8236804	-1520,5747
45384	0,26729894	197,62988	-0,82751459	-1522,752
45384	0,26730126	197,83008	-0,83041185	-1524,8724
45384	0,26730359	198,03027	-0,83422369	-1526,995
45384	0,26730591	198,23047	-0,83777297	-1529,0999
45384	0,26730821	198,43066	-0,84165639	-1531,1223
45384	0,26731053	198,63086	-0,84373307	-1533,4159
45384	0,26731285	198,83105	-0,84717041	-1535,9119
45384	0,26731518	199,03125	-0,85163122	-1537,8719
45384	0,26731747	199,23145	-0,85555345	-1540,2791
45384	0,2673198	199,43164	-0,86060506	-1542,4668
45384	0,26732212	199,63184	-0,86493158	-1544,705
45384	0,26732445	199,83203	-0,87052023	-1546,9902
45384	0,26732674	200,03223	-0,87588364	-1548,8663
45384	0,26732907	200,23242	-0,88289708	-1550,8335
45384	0,26733139	200,43262	-0,89144272	-1553,0168
45384	0,26733372	200,63281	-0,90046424	-1554,5853
45384	0,26733601	200,83301	-0,912489	-1555,8668
45384	0,26733834	201,0332	-0,93097669	-1555,8108
45384	0,26734066	201,2334	-0,88294035	-1288,7201
45384	0,26734298	201,43359	-0,31431293	-80,220215
45384	0,26734528	201,63379	0,28465387	2,3574023
45384	0,2673476	201,83398	0,88245547	2,3989766
45384	0,26734993	202,03418	1,4799229	2,4760156
45384	0,26735225	202,23438	2,0780454	2,301374
45384	0,26735455	202,43457	2,6758499	2,3375838
45384	0,26735687	202,63477	3,2721729	2,3933141
45384	0,2673592	202,83496	3,8699701	2,2060065
45384	0,26736149	203,03516	4,4683847	2,0265965
