MTS793|MPT|DEU|1|2|,|.|:|49|1|1|A

Bediener Information			Würfeldruckfestigkeit (150mm)			Zeit:	10,407227	s	26.03.2024 09:18:43
Datum	26.03.2024
Prüfer: 	Azubi
Probe	20240220_7188_M03_28d_W6
Protokoll Seite	-
Breite [mm]:	150
Höhe [mm]:	150
Länge Einfüllseite [mm]:	149,9
Masse [g]:	7741
Bediener Information Ende

Datenerfassung						Zeit:	141,34473	s	26.03.2024 09:20:54
Ch 1 Weg	Ch 1 Prüfkraft
mm	kN
4,9003658	1,6999631
-1,1853896	-1172,6746

Datenerfassung						Zeit:	141,34961	s	26.03.2024 09:20:54
Datum	Tageszeit	Laufzeit	Ch 1 Weg	Ch 1 Prüfkraft
d	d	s	mm	kN
45377	0,36976144	35,389648	-0,0028689322	-17,184278
45377	0,36976376	35,589844	-0,005490208	-18,803738
45377	0,36976609	35,790039	-0,0090170698	-21,145008
45377	0,36976838	35,990234	-0,013010898	-22,946856
45377	0,36977071	36,19043	-0,018116195	-25,087109
45377	0,36977303	36,390625	-0,020967225	-27,089973
45377	0,36977535	36,59082	-0,023388585	-29,167942
45377	0,36977765	36,791016	-0,029605351	-31,188986
45377	0,36977997	36,991211	-0,033464909	-33,34906
45377	0,3697823	37,191406	-0,036120497	-35,621185
45377	0,36978462	37,391602	-0,040090453	-37,571301
45377	0,36978692	37,591797	-0,043241356	-39,704254
45377	0,36978924	37,791992	-0,046192344	-41,63604
45377	0,36979157	37,992188	-0,049038898	-44,013519
45377	0,36979389	38,192383	-0,051630333	-46,321114
45377	0,36979619	38,392578	-0,055971775	-48,69949
45377	0,36979851	38,592773	-0,0592659	-50,87014
45377	0,36980084	38,792969	-0,060645912	-52,886864
45377	0,36980316	38,993164	-0,065070905	-55,336319
45377	0,36980546	39,193359	-0,06728936	-57,542881
45377	0,36980778	39,393555	-0,070951991	-59,773586
45377	0,3698101	39,59375	-0,072608002	-61,990582
45377	0,36981243	39,793945	-0,075939424	-64,349136
45377	0,36981472	39,994141	-0,079970554	-66,891129
45377	0,36981705	40,194336	-0,081662372	-68,950165
45377	0,36981937	40,394531	-0,085120603	-71,640869
45377	0,3698217	40,594727	-0,087567329	-73,657143
45377	0,36982399	40,794922	-0,090375088	-75,604279
45377	0,36982632	40,995117	-0,093801998	-78,289322
45377	0,36982864	41,195313	-0,096693307	-80,827141
45377	0,36983097	41,395508	-0,098423913	-83,08168
45377	0,36983326	41,595703	-0,10235956	-85,488075
45377	0,36983559	41,795898	-0,10507632	-87,831726
45377	0,36983791	41,996094	-0,10791094	-90,032631
45377	0,36984023	42,196289	-0,10947147	-91,908836
45377	0,36984253	42,396484	-0,11244483	-94,15593
45377	0,36984485	42,59668	-0,11354586	-96,363388
45377	0,36984718	42,796875	-0,11631782	-98,351799
45377	0,3698495	42,99707	-0,11874216	-100,42783
45377	0,3698518	43,197266	-0,12176476	-102,93569
45377	0,36985412	43,397461	-0,12341779	-105,21214
45377	0,36985645	43,597656	-0,12646575	-107,74951
45377	0,36985877	43,797852	-0,12795766	-110,49803
45377	0,36986107	43,998047	-0,13046256	-112,85331
45377	0,36986339	44,198242	-0,13271534	-115,29933
45377	0,36986572	44,398438	-0,13550073	-117,63733
45377	0,36986804	44,598633	-0,13664202	-119,96384
45377	0,36987033	44,798828	-0,13945128	-122,55218
45377	0,36987266	44,999023	-0,14077012	-125,0146
45377	0,36987498	45,199219	-0,14348838	-127,0796
45377	0,36987731	45,399414	-0,14503698	-129,5228
45377	0,3698796	45,599609	-0,14632897	-131,55338
45377	0,36988193	45,799805	-0,14942318	-134,08597
45377	0,36988425	46	-0,15044214	-136,30565
45377	0,36988658	46,200195	-0,1527188	-138,63724
45377	0,36988887	46,400391	-0,15373328	-140,90579
45377	0,3698912	46,600586	-0,15541466	-143,1812
45377	0,36989352	46,800781	-0,15746155	-145,25246
45377	0,36989585	47,000977	-0,15923841	-147,41745
45377	0,36989814	47,201172	-0,16055875	-149,78091
45377	0,36990047	47,401367	-0,16147031	-152,1581
45377	0,36990279	47,601563	-0,16365594	-154,32593
45377	0,36990511	47,801758	-0,16560884	-156,45903
45377	0,36990741	48,001953	-0,16695455	-158,76752
45377	0,36990973	48,202148	-0,16785267	-161,17628
45377	0,36991206	48,402344	-0,17068878	-163,08945
45377	0,36991438	48,602539	-0,17138252	-165,25845
45377	0,36991668	48,802734	-0,17281325	-167,47426
45377	0,369919	49,00293	-0,17497353	-169,29102
45377	0,36992133	49,203125	-0,1769876	-171,69293
45377	0,36992365	49,40332	-0,17776339	-174,02988
45377	0,36992595	49,603516	-0,17903748	-176,23137
45377	0,36992827	49,803711	-0,18068305	-178,66504
45377	0,3699306	50,003906	-0,18294775	-181,31252
45377	0,36993292	50,204102	-0,18339235	-183,43117
45377	0,36993521	50,404297	-0,18511848	-185,73846
45377	0,36993754	50,604492	-0,18583161	-188,09344
45377	0,36993986	50,804688	-0,18787253	-189,91273
45377	0,36994219	51,004883	-0,18917795	-191,80965
45377	0,36994448	51,205078	-0,1903118	-193,64755
45377	0,36994681	51,405273	-0,19182758	-195,68425
45377	0,36994913	51,605469	-0,1925049	-197,83553
45377	0,36995146	51,805664	-0,19422954	-199,81738
45377	0,36995375	52,005859	-0,19628091	-201,92172
45377	0,36995608	52,206055	-0,19697465	-203,86081
45377	0,3699584	52,40625	-0,19823679	-206,31459
45377	0,36996073	52,606445	-0,19934677	-208,29004
45377	0,36996302	52,806641	-0,20136979	-210,70372
45377	0,36996534	53,006836	-0,20180543	-212,46191
45377	0,36996767	53,207031	-0,20372552	-214,65819
45377	0,36996999	53,407227	-0,20504734	-217,18588
45377	0,36997229	53,607422	-0,20590816	-219,45248
45377	0,36997461	53,807617	-0,20787598	-221,37131
45377	0,36997694	54,007813	-0,20895761	-223,83507
45377	0,36997926	54,208008	-0,20933656	-226,13551
45377	0,36998156	54,408203	-0,21028541	-228,18994
45377	0,36998388	54,608398	-0,21182655	-230,65489
45377	0,36998621	54,808594	-0,21402711	-232,90303
45377	0,36998853	55,008789	-0,21520869	-235,2951
45377	0,36999083	55,208984	-0,21584724	-237,52
45377	0,36999315	55,40918	-0,2178061	-239,36179
45377	0,36999547	55,609375	-0,21884148	-241,97173
45377	0,3699978	55,80957	-0,21925026	-244,45769
45377	0,37000009	56,009766	-0,22071531	-246,65695
45377	0,37000242	56,209961	-0,22169997	-249,19536
45377	0,37000474	56,410156	-0,22382744	-251,57195
45377	0,37000704	56,610352	-0,2242929	-253,55975
45377	0,37000936	56,810547	-0,22568336	-255,89046
45377	0,37001169	57,010742	-0,22716184	-257,88245
45377	0,37001401	57,210938	-0,22811218	-260,16098
45377	0,37001631	57,411133	-0,2298592	-262,15372
45377	0,37001863	57,611328	-0,23136453	-264,16925
45377	0,37002096	57,811523	-0,23295937	-266,24734
45377	0,37002328	58,011719	-0,2333055	-268,70276
45377	0,37002558	58,211914	-0,23571642	-271,22299
45377	0,3700279	58,412109	-0,23553888	-273,87198
45377	0,37003022	58,612305	-0,23706809	-276,39102
45377	0,37003255	58,8125	-0,238557	-278,88474
45377	0,37003484	59,012695	-0,23949094	-281,36978
45377	0,37003717	59,212891	-0,2413215	-283,71048
45377	0,37003949	59,413086	-0,2420018	-286,01807
45377	0,37004182	59,613281	-0,24254486	-288,2951
45377	0,37004411	59,813477	-0,24417402	-290,92114
45377	0,37004644	60,013672	-0,2457092	-293,09521
45377	0,37004876	60,213867	-0,24773669	-295,52515
45377	0,37005109	60,414063	-0,24863034	-297,7478
45377	0,37005338	60,614258	-0,24954189	-299,98715
45377	0,37005571	60,814453	-0,25016102	-302,1879
45377	0,37005803	61,014648	-0,2512531	-304,32666
45377	0,37006035	61,214844	-0,25341934	-306,79028
45377	0,37006265	61,415039	-0,25361031	-309,05124
45377	0,37006497	61,615234	-0,25554532	-311,2374
45377	0,3700673	61,81543	-0,25742063	-313,33755
45377	0,37006962	62,015625	-0,25808901	-315,56885
45377	0,37007192	62,21582	-0,25772202	-317,86752
45377	0,37007424	62,416016	-0,25949439	-320,2666
45377	0,37007657	62,616211	-0,26108328	-322,44141
45377	0,37007889	62,816406	-0,26145923	-324,64545
45377	0,37008119	63,016602	-0,26379704	-327,06271
45377	0,37008351	63,216797	-0,26421329	-329,29239
45377	0,37008584	63,416992	-0,26486972	-331,32684
45377	0,37008816	63,617188	-0,26704791	-333,26175
45377	0,37009045	63,817383	-0,26850101	-335,32721
45377	0,37009278	64,017578	-0,26955578	-337,71689
45377	0,3700951	64,217773	-0,27098206	-339,96906
45377	0,37009743	64,417969	-0,27155346	-342,12079
45377	0,37009972	64,618164	-0,27326915	-344,49289
45377	0,37010205	64,818359	-0,27385694	-347,12534
45377	0,37010437	65,018555	-0,27424335	-349,47989
45377	0,3701067	65,21875	-0,27602619	-351,74008
45377	0,37010899	65,418945	-0,27721822	-354,07092
45377	0,37011132	65,619141	-0,2789712	-355,90869
45377	0,37011364	65,819336	-0,28015578	-357,89249
45377	0,37011597	66,019531	-0,28128812	-359,91681
45377	0,37011826	66,219727	-0,28185505	-361,87302
45377	0,37012058	66,419922	-0,28367966	-363,80093
45377	0,37012291	66,620117	-0,28490302	-365,7901
45377	0,37012523	66,820313	-0,28507906	-368,04599
45377	0,37012753	67,020508	-0,2868425	-370,18713
45377	0,37012985	67,220703	-0,28777343	-372,28372
45377	0,37013218	67,420898	-0,28932801	-374,49341
45377	0,3701345	67,621094	-0,29079157	-376,90591
45377	0,3701368	67,821289	-0,29029328	-379,04645
45377	0,37013912	68,021484	-0,29153901	-380,97617
45377	0,37014145	68,22168	-0,29307565	-383,2258
45377	0,37014377	68,421875	-0,29388428	-385,39838
45377	0,37014607	68,62207	-0,29495844	-387,60883
45377	0,37014839	68,822266	-0,29629669	-389,87527
45377	0,37015072	69,022461	-0,29806906	-392,2243
45377	0,37015304	69,222656	-0,29876578	-394,41
45377	0,37015533	69,422852	-0,29964453	-396,81207
45377	0,37015766	69,623047	-0,30116031	-399,19476
45377	0,37015998	69,823242	-0,30170333	-401,03833
45377	0,37016231	70,023438	-0,30403817	-403,64978
45377	0,3701646	70,223633	-0,30504522	-405,73743
45377	0,37016693	70,423828	-0,30554202	-407,83118
45377	0,37016925	70,624023	-0,30634466	-410,12759
45377	0,37017158	70,824219	-0,3081454	-412,48691
45377	0,37017387	71,024414	-0,30986109	-414,78854
45377	0,3701762	71,224609	-0,31124556	-417,02594
45377	0,37017852	71,424805	-0,31256887	-419,50638
45377	0,37018085	71,625	-0,31351176	-421,97552
45377	0,37018314	71,825195	-0,31403542	-424,12515
45377	0,37018546	72,025391	-0,31622404	-426,58414
45377	0,37018779	72,225586	-0,31635535	-428,69354
45377	0,37019011	72,425781	-0,31817397	-430,77838
45377	0,37019241	72,625977	-0,31840819	-432,92548
45377	0,37019473	72,826172	-0,31949133	-434,79333
45377	0,37019706	73,026367	-0,320746	-436,88025
45377	0,37019938	73,226563	-0,32135323	-439,02991
45377	0,37020168	73,426758	-0,32340458	-441,31677
45377	0,370204	73,626953	-0,32434151	-443,78293
45377	0,37020633	73,827148	-0,32568869	-446,17813
45377	0,37020865	74,027344	-0,32714927	-448,68332
45377	0,37021095	74,227539	-0,32798323	-450,95782
45377	0,37021327	74,427734	-0,32903653	-453,42487
45377	0,37021559	74,62793	-0,33100882	-456,03406
45377	0,37021792	74,828125	-0,33148772	-458,45566
45377	0,37022021	75,02832	-0,33209792	-461,0267
45377	0,37022254	75,228516	-0,33336157	-463,20972
45377	0,37022486	75,428711	-0,33479676	-465,61014
45377	0,37022719	75,628906	-0,33607087	-467,8103
45377	0,37022948	75,829102	-0,33760452	-470,0723
45377	0,37023181	76,029297	-0,33812371	-472,49939
45377	0,37023413	76,229492	-0,34018403	-474,97015
45377	0,37023646	76,429688	-0,34080318	-476,97406
45377	0,37023875	76,629883	-0,34232342	-479,67535
45377	0,37024108	76,830078	-0,34377506	-481,79758
45377	0,3702434	77,030273	-0,34406894	-483,88925
45377	0,37024572	77,230469	-0,34580404	-486,34213
45377	0,37024802	77,430664	-0,34670815	-488,61395
45377	0,37025034	77,630859	-0,34802547	-490,70905
45377	0,37025267	77,831055	-0,34916678	-492,7298
45377	0,37025499	78,03125	-0,35048115	-495,1362
45377	0,37025729	78,231445	-0,35255042	-497,39236
45377	0,37025961	78,431641	-0,35280704	-499,64664
45377	0,37026194	78,631836	-0,35338143	-501,86542
45377	0,37026426	78,832031	-0,35550737	-504,1116
45377	0,37026656	79,032227	-0,3553403	-506,3569
45377	0,37026888	79,232422	-0,35674417	-508,60788
45377	0,37027121	79,432617	-0,35678595	-510,83234
45377	0,37027353	79,632813	-0,35861802	-512,9939
45377	0,37027583	79,833008	-0,36010692	-515,12268
45377	0,37027815	80,033203	-0,36197481	-517,27795
45377	0,37028047	80,233398	-0,36222842	-519,388
45377	0,3702828	80,433594	-0,36305642	-521,69348
45377	0,37028509	80,633789	-0,36404258	-523,97339
45377	0,37028742	80,833984	-0,36604917	-526,43054
45377	0,37028974	81,03418	-0,367098	-528,87317
45377	0,37029207	81,234375	-0,36803341	-531,22723
45377	0,37029436	81,43457	-0,36884353	-533,45734
45377	0,37029669	81,634766	-0,37052339	-535,81116
45377	0,37029901	81,834961	-0,3715767	-538,3205
45377	0,37030134	82,035156	-0,3727732	-540,39117
45377	0,37030363	82,235352	-0,37465	-542,21149
45377	0,37030596	82,435547	-0,37513041	-544,27472
45377	0,37030828	82,635742	-0,37689683	-546,62073
45377	0,3703106	82,835938	-0,37839469	-548,17047
45377	0,3703129	83,036133	-0,37962851	-550,13953
45377	0,37031522	83,236328	-0,3798314	-552,2796
45377	0,37031755	83,436523	-0,38130689	-554,31305
45377	0,37031984	83,636719	-0,38339704	-556,42926
45377	0,37032217	83,836914	-0,3835507	-558,46808
45377	0,37032449	84,037109	-0,38416687	-560,46271
45377	0,37032682	84,237305	-0,38459802	-563,1795
45377	0,37032911	84,4375	-0,38715068	-564,88837
45377	0,37033144	84,637695	-0,38783249	-567,29285
45377	0,37033376	84,837891	-0,38962874	-569,35095
45377	0,37033609	85,038086	-0,39124298	-571,61743
45377	0,37033838	85,238281	-0,39214408	-573,72241
45377	0,3703407	85,438477	-0,39311233	-576,03442
45377	0,37034303	85,638672	-0,39496976	-578,14923
45377	0,37034535	85,838867	-0,39617968	-580,32477
45377	0,37034765	86,039063	-0,39803264	-582,69855
45377	0,37034997	86,239258	-0,39791179	-585,12445
45377	0,3703523	86,439453	-0,398792	-587,30719
45377	0,37035462	86,639648	-0,39987364	-589,58557
45377	0,37035692	86,839844	-0,40220699	-591,97931
45377	0,37035924	87,040039	-0,40223384	-594,22308
45377	0,37036157	87,240234	-0,40307528	-596,58405
45377	0,37036389	87,44043	-0,40517586	-598,66064
45377	0,37036619	87,640625	-0,40609637	-600,98944
45377	0,37036851	87,84082	-0,40723917	-603,34381
45377	0,37037084	88,041016	-0,40908912	-605,64069
45377	0,37037316	88,241211	-0,40950239	-608,14319
45377	0,37037545	88,441406	-0,41159105	-610,24542
45377	0,37037778	88,641602	-0,4117865	-612,5271
45377	0,3703801	88,841797	-0,41288453	-614,64307
45377	0,37038243	89,041992	-0,41489264	-616,60077
45377	0,37038472	89,242188	-0,41578779	-618,70752
45377	0,37038705	89,442383	-0,41817185	-621,06665
45377	0,37038937	89,642578	-0,41840607	-622,96771
45377	0,3703917	89,842773	-0,41979355	-625,29712
45377	0,37039399	90,042969	-0,42071703	-627,62524
45377	0,37039632	90,243164	-0,42208958	-630,42755
45377	0,37039864	90,443359	-0,42345169	-632,76764
45377	0,37040097	90,643555	-0,42441398	-635,30145
45377	0,37040326	90,84375	-0,42610729	-637,50708
45377	0,37040558	91,043945	-0,42667869	-640,19226
45377	0,37040791	91,244141	-0,42889863	-642,60004
45377	0,37041023	91,444336	-0,42897025	-645,07391
45377	0,37041253	91,644531	-0,43088585	-647,6214
45377	0,37041485	91,844727	-0,43058449	-649,7597
45377	0,37041718	92,044922	-0,43314013	-652,05182
45377	0,3704195	92,245117	-0,43425459	-654,47327
45377	0,3704218	92,445313	-0,4352273	-656,91827
45377	0,37042412	92,645508	-0,43748605	-659,005
45377	0,37042645	92,845703	-0,43823946	-661,08105
45377	0,37042877	93,045898	-0,43818724	-663,50067
45377	0,37043107	93,246094	-0,44057429	-665,85834
45377	0,37043339	93,446289	-0,44288525	-667,95703
45377	0,37043571	93,646484	-0,44371772	-670,32452
45377	0,37043804	93,84668	-0,44525588	-672,24054
45377	0,37044033	94,046875	-0,44598842	-674,51978
45377	0,37044266	94,24707	-0,44751015	-677,12366
45377	0,37044498	94,447266	-0,44811437	-679,16687
45377	0,37044731	94,647461	-0,44867384	-681,30457
45377	0,3704496	94,847656	-0,45029703	-683,52783
45377	0,37045193	95,047852	-0,45145774	-685,72784
45377	0,37045425	95,248047	-0,45404917	-687,76575
45377	0,37045658	95,448242	-0,45486075	-689,92969
45377	0,37045887	95,648438	-0,45522627	-691,98694
45377	0,3704612	95,848633	-0,45699567	-694,38037
45377	0,37046352	96,048828	-0,45876956	-696,66052
45377	0,37046584	96,249023	-0,45989594	-699,21399
45377	0,37046814	96,449219	-0,46146244	-701,49774
45377	0,37047046	96,649414	-0,4635511	-704,02173
45377	0,37047279	96,849609	-0,46391362	-706,28131
45377	0,37047511	97,049805	-0,46481475	-708,37616
45377	0,37047741	97,25	-0,46543986	-710,2796
45377	0,37047973	97,450195	-0,46780601	-712,07996
45377	0,37048206	97,650391	-0,46921587	-714,21143
45377	0,37048438	97,850586	-0,47065854	-716,24158
45377	0,37048668	98,050781	-0,47206688	-718,11969
45377	0,370489	98,250977	-0,47285908	-720,35962
45377	0,37049133	98,451172	-0,47391686	-722,44818
45377	0,37049365	98,651367	-0,47586676	-724,30756
45377	0,37049595	98,851563	-0,47733033	-726,62531
45377	0,37049827	99,051758	-0,4780539	-728,71948
45377	0,37050059	99,251953	-0,48007095	-730,82086
45377	0,37050292	99,452148	-0,48018584	-733,32275
45377	0,37050521	99,652344	-0,48210442	-735,52368
45377	0,37050754	99,852539	-0,4835262	-737,50073
45377	0,37050986	100,05273	-0,48526576	-739,81372
45377	0,37051219	100,25293	-0,48668307	-742,20593
45377	0,37051448	100,45313	-0,48772591	-744,6983
45377	0,37051681	100,65332	-0,48918054	-746,63544
45377	0,37051913	100,85352	-0,49054113	-749,03278
45377	0,37052146	101,05371	-0,49239558	-751,29266
45377	0,37052375	101,25391	-0,49328327	-753,43066
45377	0,37052608	101,4541	-0,49396655	-755,7666
45377	0,3705284	101,6543	-0,49580011	-757,99164
45377	0,37053072	101,85449	-0,49746805	-760,27655
45377	0,37053302	102,05469	-0,49837065	-762,4751
45377	0,37053534	102,25488	-0,50004458	-764,67358
45377	0,37053767	102,45508	-0,50179756	-766,85095
45377	0,37053999	102,65527	-0,50325662	-769,00806
45377	0,37054229	102,85547	-0,50386536	-771,19824
45377	0,37054461	103,05566	-0,51024175	-777,2052
45377	0,37054694	103,25586	-0,51042074	-779,59174
45377	0,37054926	103,45605	-0,50859171	-777,00818
45377	0,37055156	103,65625	-0,50982851	-778,67383
45377	0,37055388	103,85645	-0,51206183	-782,34668
45377	0,37055621	104,05664	-0,51701796	-791,59912
45377	0,37055853	104,25684	-0,51414901	-786,39355
45377	0,37056082	104,45703	-0,51573342	-788,48804
45377	0,37056315	104,65723	-0,52099985	-798,1875
45377	0,37056547	104,85742	-0,52060151	-795,77679
45377	0,3705678	105,05762	-0,51973772	-795,18494
45377	0,37057009	105,25781	-0,5211401	-798,71918
45377	0,37057242	105,45801	-0,5258202	-808,71637
45377	0,37057474	105,6582	-0,5251354	-803,38239
45377	0,37057707	105,8584	-0,52657956	-804,3822
45377	0,37057936	106,05859	-0,53132981	-813,78516
45377	0,37058169	106,25879	-0,5297842	-811,04187
45377	0,37058401	106,45898	-0,52976179	-810,78259
45377	0,37058634	106,65918	-0,53560561	-816,15625
45377	0,37058863	106,85938	-0,5374884	-823,09717
45377	0,37059096	107,05957	-0,53400034	-817,37811
45377	0,37059328	107,25977	-0,53773457	-820,409
45377	0,3705956	107,45996	-0,53952336	-830,7832
45377	0,3705979	107,66016	-0,5398277	-824,9035
45377	0,37060022	107,86035	-0,54018128	-826,66779
45377	0,37060255	108,06055	-0,54376632	-837,34332
45377	0,37060487	108,26074	-0,5443213	-831,50531
45377	0,37060717	108,46094	-0,54490316	-832,7865
45377	0,37060949	108,66113	-0,5496459	-844,01483
45377	0,37061182	108,86133	-0,55072308	-840,61768
45377	0,37061414	109,06152	-0,54910135	-838,31274
45377	0,37061644	109,26172	-0,55432302	-849,87341
45377	0,37061876	109,46191	-0,55701441	-846,98016
45377	0,37062109	109,66211	-0,55447668	-845,53088
45377	0,37062341	109,8623	-0,55920005	-856,81732
45377	0,3706257	110,0625	-0,56087697	-854,2561
45377	0,37062803	110,2627	-0,56117237	-853,98669
45377	0,37063035	110,46289	-0,56414574	-863,547
45377	0,37063265	110,66309	-0,56558543	-859,68073
45377	0,37063497	110,86328	-0,56829172	-860,29376
45377	0,3706373	111,06348	-0,56963891	-869,44037
45377	0,37063962	111,26367	-0,57004321	-864,67084
45377	0,37064192	111,46387	-0,57255411	-869,06458
45377	0,37064424	111,66406	-0,57367456	-875,5174
45377	0,37064657	111,86426	-0,5737536	-869,32031
45377	0,37064889	112,06445	-0,57777131	-876,29852
45377	0,37065119	112,26465	-0,57914686	-881,55444
45377	0,37065351	112,46484	-0,57692242	-874,73242
45377	0,37065583	112,66504	-0,58271992	-883,38104
45377	0,37065816	112,86523	-0,58360314	-887,63202
45377	0,37066045	113,06543	-0,58193672	-880,84247
45377	0,37066278	113,26563	-0,5873881	-891,38531
45377	0,3706651	113,46582	-0,58968115	-893,79486
45377	0,37066743	113,66602	-0,58899492	-887,21448
45377	0,37066972	113,86621	-0,59395695	-898,08997
45377	0,37067205	114,06641	-0,59661406	-899,99554
45377	0,37067437	114,2666	-0,59592777	-898,13495
45377	0,3706767	114,4668	-0,59785831	-904,90161
45377	0,37067899	114,66699	-0,5998112	-903,61115
45377	0,37068132	114,86719	-0,60240859	-905,396
45377	0,37068364	115,06738	-0,60394377	-911,78381
45377	0,37068596	115,26758	-0,60478073	-908,4314
45377	0,37068826	115,46777	-0,60702455	-913,02899
45377	0,37069058	115,66797	-0,6093027	-918,31024
45377	0,37069291	115,86816	-0,60876411	-913,78448
45377	0,37069523	116,06836	-0,61239094	-921,92975
45377	0,37069753	116,26855	-0,61366802	-924,68256
45377	0,37069985	116,46875	-0,61361581	-920,02325
45377	0,37070218	116,66895	-0,61889416	-928,54016
45377	0,3707045	116,86914	-0,61922836	-930,76526
45377	0,3707068	117,06934	-0,61804825	-926,19983
45377	0,37070912	117,26953	-0,62486476	-934,8103
45377	0,37071145	117,46973	-0,62486476	-937,02911
45377	0,37071377	117,66992	-0,62773073	-938,19672
45377	0,37071607	117,87012	-0,63082343	-941,51672
45377	0,37071839	118,07031	-0,6313411	-943,45984
45377	0,37072071	118,27051	-0,63304037	-945,72986
45377	0,37072304	118,4707	-0,63564527	-948,74109
45377	0,37072533	118,6709	-0,63633901	-950,54236
45377	0,37072766	118,87109	-0,63970768	-952,90417
45377	0,37072998	119,07129	-0,64186949	-955,8573
45377	0,37073231	119,27148	-0,64328378	-956,96802
45377	0,3707346	119,47168	-0,6453352	-959,96136
45377	0,37073693	119,67188	-0,64802361	-962,41412
45377	0,37073925	119,87207	-0,64894557	-964,08276
45377	0,37074158	120,07227	-0,65251571	-966,79712
45377	0,37074387	120,27246	-0,65427911	-969,13037
45377	0,3707462	120,47266	-0,65542042	-970,72833
45377	0,37074852	120,67285	-0,65879065	-973,6496
45377	0,37075084	120,87305	-0,66118366	-975,71606
45377	0,37075314	121,07324	-0,66241896	-977,46783
45377	0,37075546	121,27344	-0,66619349	-980,03503
45377	0,37075779	121,47363	-0,66799122	-982,14893
45377	0,37076011	121,67383	-0,66941154	-983,86639
45377	0,37076241	121,87402	-0,67199105	-986,96228
45377	0,37076473	122,07422	-0,67385143	-988,65863
45377	0,37076706	122,27441	-0,67641902	-990,6864
45377	0,37076938	122,47461	-0,67844051	-993,43323
45377	0,37077168	122,6748	-0,68092006	-995,27863
45377	0,370774	122,875	-0,68310273	-997,65625
45377	0,37077633	123,0752	-0,68559867	-999,5296
45377	0,37077865	123,27539	-0,68823785	-1001,5574
45377	0,37078094	123,47559	-0,69084573	-1003,8959
45377	0,37078327	123,67578	-0,69284189	-1006,0703
45377	0,37078559	123,87598	-0,6951021	-1008,5261
45377	0,37078792	124,07617	-0,69706696	-1010,985
45377	0,37079021	124,27637	-0,70011938	-1013,2148
45377	0,37079254	124,47656	-0,70202756	-1015,5806
45377	0,37079486	124,67676	-0,70472044	-1018,205
45377	0,37079719	124,87695	-0,70683146	-1020,2187
45377	0,37079948	125,07715	-0,71004355	-1022,1904
45377	0,37080181	125,27734	-0,71220976	-1024,4211
45377	0,37080413	125,47754	-0,71575457	-1026,1321
45377	0,37080646	125,67773	-0,71933365	-1028,172
45377	0,37080875	125,87793	-0,72036302	-1030,1449
45377	0,37081107	126,07813	-0,72322303	-1032,3032
45377	0,3708134	126,27832	-0,72591889	-1034,3375
45377	0,37081572	126,47852	-0,7289176	-1036,5674
45377	0,37081802	126,67871	-0,73115844	-1038,476
45377	0,37082034	126,87891	-0,7342273	-1040,5192
45377	0,37082267	127,0791	-0,73643237	-1042,9457
45377	0,37082499	127,2793	-0,73895067	-1044,8721
45377	0,37082729	127,47949	-0,74321455	-1047,1537
45377	0,37082961	127,67969	-0,74581641	-1049,0062
45377	0,37083194	127,87988	-0,74955511	-1051,6453
45377	0,37083426	128,08008	-0,75151998	-1054,0154
45377	0,37083656	128,28027	-0,75438148	-1056,1162
45377	0,37083888	128,48047	-0,75776207	-1058,5134
45377	0,37084121	128,68066	-0,76061165	-1060,4598
45377	0,37084353	128,88086	-0,76441151	-1062,9078
45377	0,37084582	129,08105	-0,7671656	-1065,1884
45377	0,37084815	129,28125	-0,77016133	-1067,3436
45377	0,37085047	129,48145	-0,77393883	-1069,7755
45377	0,3708528	129,68164	-0,77855629	-1071,8429
45377	0,37085509	129,88184	-0,78104776	-1074,2252
45377	0,37085742	130,08203	-0,7846477	-1076,4286
45377	0,37085974	130,28223	-0,78798509	-1078,8419
45377	0,37086207	130,48242	-0,79112852	-1081,2634
45377	0,37086436	130,68262	-0,79477775	-1083,5171
45377	0,37086669	130,88281	-0,79847616	-1085,8372
45377	0,37086901	131,08301	-0,80126005	-1087,7791
45377	0,37087134	131,2832	-0,80528522	-1090,1638
45377	0,37087363	131,4834	-0,80882847	-1092,1803
45377	0,37087595	131,68359	-0,81407255	-1094,295
45377	0,37087828	131,88379	-0,81740993	-1096,4352
45377	0,3708806	132,08398	-0,82115757	-1098,3544
45377	0,3708829	132,28418	-0,82579595	-1100,6733
45377	0,37088522	132,48438	-0,82960027	-1102,9014
45377	0,37088755	132,68457	-0,83340168	-1105,7242
45377	0,37088987	132,88477	-0,83792216	-1108,1371
45377	0,37089217	133,08496	-0,84199202	-1110,7102
45377	0,37089449	133,28516	-0,8463887	-1113,1906
45377	0,37089682	133,48535	-0,85201615	-1115,5707
45377	0,37089914	133,68555	-0,85610545	-1117,7524
45377	0,37090144	133,88574	-0,86068559	-1120,4103
45377	0,37090376	134,08594	-0,86560589	-1122,4583
45377	0,37090608	134,28613	-0,87015176	-1124,8442
45377	0,37090841	134,48633	-0,87587172	-1127,1163
45377	0,3709107	134,68652	-0,88049662	-1129,5372
45377	0,37091303	134,88672	-0,88577795	-1131,8796
45377	0,37091535	135,08691	-0,89190966	-1134,1095
45377	0,37091768	135,28711	-0,89755505	-1136,2543
45377	0,37091997	135,4873	-0,90398216	-1138,6617
45377	0,3709223	135,6875	-0,91039437	-1140,9497
45377	0,37092462	135,8877	-0,91609794	-1143,0173
45377	0,37092695	136,08789	-0,92285025	-1145,3607
45377	0,37092924	136,28809	-0,93012333	-1147,4279
45377	0,37093157	136,48828	-0,93623114	-1149,5927
45377	0,37093389	136,68848	-0,94557047	-1151,806
45377	0,37093621	136,88867	-0,95311803	-1153,8488
45377	0,37093851	137,08887	-0,96113253	-1155,903
45377	0,37094083	137,28906	-0,96973634	-1158,0178
45377	0,37094316	137,48926	-0,97987831	-1160,2643
45377	0,37094545	137,68945	-0,99095422	-1162,2047
45377	0,37094778	137,88965	-1,0008426	-1164,262
45377	0,3709501	138,08984	-1,0144085	-1165,8466
45377	0,37095243	138,29004	-1,0302659	-1167,6222
45377	0,37095472	138,49023	-1,0463591	-1169,3691
45377	0,37095705	138,69043	-1,0657389	-1171,1055
45377	0,37095937	138,89063	-1,0907269	-1171,7799
45377	0,3709617	139,09082	-1,1224924	-1172,2096
45377	0,37096399	139,29102	-1,1679672	-1169,6935
45377	0,37096632	139,49121	-0,82330745	-328,83878
45377	0,37096864	139,69141	-0,20843098	-0,81997228
45377	0,37097096	139,8916	0,41038561	-0,87823582
45377	0,37097326	140,0918	1,0288277	-0,64413857
45377	0,37097558	140,29199	1,6496329	-0,37144732
45377	0,37097791	140,49219	2,268281	-0,16610932
45377	0,37098023	140,69238	2,8886192	-0,064483404
45377	0,37098253	140,89258	3,509702	0,24441767
45377	0,37098485	141,09277	4,1297584	0,36556411
45377	0,37098718	141,29297	4,7498565	0,60860205
