MTS793|MPT|DEU|1|2|,|.|:|49|1|1|A

Bediener Information						Zeit:	61,728516	s	17.07.2014 12:01:41
Datum : 	17.7.2014
Prüfer : 	Machura, Be
Probenbezeichnung :  	Maack 8.2 Probe BK 01B
Bemerkungen	Kraftgeregelt 3,9 kN/s
Masse :	5744,5
Durchmesser :	100,6
Länge :	300,5
Bediener Information Ende

Datenerfassung						Zeit:	573,74902	s	17.07.2014 12:10:13
Datum	Laufzeit	Ch 1 Kraft Sollwert	Ch 1 Kraft	Ch 1 Weg	1944 B	1281068	2157
d	s	kN	kN	mm	mm	mm	mm
41837	62,244141	-1,2761213	-1,2601242	-23,370342	-0,2092284	-0,038878918	-0,0010473207
41837	62,744141	-1,5688213	-1,5988369	-23,372675	-0,20920688	-0,039243132	-0,0011725202
41837	63,244141	-1,8615212	-1,8693507	-23,375433	-0,20925128	-0,039174352	-0,0013133325
41837	63,744141	-2,1542213	-2,1750796	-23,376575	-0,20925549	-0,039203398	-0,0015004948
41837	64,244141	-2,4469213	-2,3134108	-23,377275	-0,20931041	-0,039304152	-0,0015578866
41837	64,744141	-2,7396214	-2,4721603	-23,378736	-0,20939767	-0,039311472	-0,0015607141
41837	65,244141	-3,0323212	-3,0884259	-23,381393	-0,20949049	-0,039608218	-0,001873862
41837	65,744141	-3,3250213	-3,4794695	-23,383713	-0,20958741	-0,039648678	-0,0020193942
41837	66,244141	-3,6177213	-3,7164614	-23,38549	-0,20967215	-0,039847661	-0,0020977296
41837	66,744141	-3,9104214	-4,0012894	-23,387276	-0,20968461	-0,039992817	-0,0022909194
41837	67,244141	-3,927	-3,9773827	-23,387781	-0,20968166	-0,040011298	-0,0022158436
41837	67,744141	-3,927	-4,0258131	-23,387707	-0,20972186	-0,040034167	-0,002290532
41837	68,244141	-3,927	-4,0022731	-23,387539	-0,20971403	-0,039998531	-0,0022887848
41837	68,744141	-3,927	-3,9444306	-23,387791	-0,20979258	-0,039923798	-0,0022084564
41837	69,244141	-3,927	-3,9802864	-23,388393	-0,209739	-0,039953221	-0,0022854321
41837	69,744141	-3,927	-3,9533339	-23,388243	-0,20969495	-0,040050548	-0,0022203214
41837	70,244141	-3,927	-3,93085	-23,388376	-0,20968276	-0,039927274	-0,0022286065
41837	70,744141	-3,927	-3,9334259	-23,387766	-0,20971692	-0,040022533	-0,0022581518
41837	71,244141	-3,927	-3,9152298	-23,388197	-0,20970649	-0,039935552	-0,0021765418
41837	71,744141	-3,927	-3,9511602	-23,388075	-0,2097622	-0,039951537	-0,0021999665
41837	72,244141	-5,6751447	-5,4476671	-0,0073760748	-0,00046654046	-0,00054898579	-0,0007353425
41837	72,744141	-7,6251445	-7,4444189	-0,017008185	-0,001029782	-0,0014037685	-0,0015780628
41837	73,244141	-9,5751448	-9,5648613	-0,026388466	-0,0018284842	-0,002336706	-0,002392672
41837	73,744141	-11,525145	-11,597548	-0,034797192	-0,0025782138	-0,0033003818	-0,0031427294
41837	74,244141	-13,475144	-13,552772	-0,042425096	-0,0032830685	-0,004084155	-0,0039116964
41837	74,744141	-15,425145	-15,537281	-0,049670041	-0,0039821416	-0,0050166976	-0,0046767257
41837	75,244141	-17,375145	-17,457611	-0,055862963	-0,004698135	-0,0058095735	-0,0053700358
41837	75,744141	-19,325146	-19,396503	-0,062529743	-0,0053961501	-0,0065605082	-0,0062285252
41837	76,244141	-21,275145	-21,353155	-0,068451464	-0,0060760751	-0,0073787645	-0,0070105791
41837	76,744141	-23,225145	-23,304935	-0,074435771	-0,0068194047	-0,0082512312	-0,0077585541
41837	77,244141	-25,175144	-25,225906	-0,080575049	-0,0074505433	-0,0089094695	-0,0084803849
41837	77,744141	-27,125145	-27,220291	-0,086376071	-0,0081251115	-0,0097767394	-0,0093058236
41837	78,244141	-29,075146	-29,158644	-0,09213835	-0,0088077262	-0,010457672	-0,010100782
41837	78,744141	-31,025145	-31,097313	-0,096540153	-0,0094759315	-0,011285016	-0,010805316
41837	79,244141	-32,975143	-33,066433	-0,10226965	-0,010132059	-0,012000032	-0,011628315
41837	79,744141	-34,925144	-34,973843	-0,10748357	-0,010897078	-0,012607289	-0,012324359
41837	80,244141	-36,875145	-36,935284	-0,11249483	-0,011482432	-0,013400864	-0,013166983
41837	80,744141	-38,825146	-38,918236	-0,11797994	-0,012221783	-0,014246868	-0,01394124
41837	81,244141	-40,775146	-40,83765	-0,12220144	-0,012899846	-0,014787639	-0,014686696
41837	81,744141	-42,725147	-42,789566	-0,1273632	-0,013540514	-0,015544342	-0,015419304
41837	82,244141	-44,675144	-44,738262	-0,13291836	-0,014239825	-0,016256176	-0,016193148
41837	82,744141	-46,625145	-46,676079	-0,13810992	-0,014788732	-0,01689663	-0,016957499
41837	83,244141	-48,575146	-48,677895	-0,14238954	-0,015619919	-0,01766013	-0,017745484
41837	83,744141	-50,525146	-50,573891	-0,14726967	-0,016168647	-0,018341668	-0,01842742
41837	84,244141	-52,475147	-52,524387	-0,15237629	-0,016853191	-0,018994629	-0,019286677
41837	84,744141	-54,425144	-54,531353	-0,15656948	-0,017566569	-0,019805275	-0,020105056
41837	85,244141	-56,375145	-56,413517	-0,16114861	-0,018124633	-0,020354055	-0,02068745
41837	85,744141	-58,325146	-58,417233	-0,1662612	-0,018887796	-0,021109752	-0,021525785
41837	86,244141	-60,275146	-60,358788	-0,17023385	-0,019549511	-0,0218268	-0,022250239
41837	86,744141	-62,225147	-62,325714	-0,17540455	-0,020104535	-0,022470132	-0,023033727
41837	87,244141	-64,175148	-64,238052	-0,1805976	-0,020881601	-0,023167644	-0,023787051
41837	87,744141	-66,125145	-66,174889	-0,18470585	-0,021498136	-0,023804404	-0,024469521
41837	88,244141	-68,07515	-68,149101	-0,1888603	-0,022162698	-0,024618693	-0,025287084
41837	88,744141	-70,025146	-70,139557	-0,19329339	-0,022872515	-0,025238227	-0,02610701
41837	89,244141	-71,975143	-72,013695	-0,19790828	-0,023478054	-0,025794148	-0,02677549
41837	89,744141	-73,925148	-73,971085	-0,20303428	-0,024157204	-0,026592702	-0,027627103
41837	90,244141	-75,875145	-75,97934	-0,20701736	-0,024847604	-0,027274329	-0,02835723
41837	90,744141	-77,82515	-77,957298	-0,21124184	-0,025515236	-0,027941868	-0,029069502
41837	91,244141	-79,775146	-79,874718	-0,21535456	-0,026158892	-0,028679397	-0,02986349
41837	91,744141	-81,725143	-81,818314	-0,21963716	-0,026763193	-0,0293414	-0,030558204
41837	92,244141	-83,675148	-83,755714	-0,22378266	-0,027425505	-0,02993533	-0,031327672
41837	92,744141	-85,625145	-85,675163	-0,22822171	-0,028017111	-0,030643787	-0,032097284
41837	93,244141	-87,57515	-87,616989	-0,23260415	-0,028749667	-0,031321354	-0,0328543
41837	93,744141	-89,525146	-89,556473	-0,23626536	-0,029432021	-0,032043159	-0,033561543
41837	94,244141	-91,475143	-91,634857	-0,24000704	-0,030095704	-0,032744296	-0,03442907
41837	94,744141	-93,425148	-93,422722	-0,24421364	-0,03066472	-0,033289954	-0,035019271
41837	95,244141	-95,375145	-95,380768	-0,24861395	-0,031428717	-0,034056708	-0,035860807
41837	95,744141	-97,32515	-97,382378	-0,25342256	-0,031968765	-0,034762472	-0,036583297
41837	96,244141	-99,275146	-99,221336	-0,25635958	-0,032684021	-0,035405904	-0,037216492
41837	96,744141	-101,22514	-101,23726	-0,26129633	-0,033305384	-0,036090977	-0,037988991
41837	97,244141	-103,17515	-103,16648	-0,26485324	-0,033901252	-0,036717024	-0,038730051
41837	97,744141	-105,12514	-105,21137	-0,2688542	-0,034568839	-0,037448674	-0,039539501
41837	98,244141	-107,07515	-107,13345	-0,27321428	-0,035284869	-0,038163677	-0,040353112
41837	98,744141	-109,02515	-109,04227	-0,27716309	-0,035873272	-0,038766887	-0,04093742
41837	99,244141	-110,97514	-111,03383	-0,28160065	-0,036483981	-0,03943288	-0,041783631
41837	99,744141	-112,92515	-112,99933	-0,28489083	-0,037145026	-0,040073019	-0,042495668
41837	100,24414	-114,87514	-114,94262	-0,28936565	-0,037841089	-0,040665809	-0,043178499
41837	100,74414	-116,82515	-116,87011	-0,29358268	-0,038439833	-0,041527394	-0,043917045
41837	101,24414	-118,77515	-118,80495	-0,29740036	-0,039170466	-0,042103127	-0,044721082
41837	101,74414	-120,72515	-120,75343	-0,30150115	-0,039711542	-0,042759418	-0,045377266
41837	102,24414	-122,67515	-122,73251	-0,30526668	-0,04037521	-0,04348452	-0,046182387
41837	102,74414	-124,62514	-124,67033	-0,30926168	-0,041096665	-0,044107307	-0,046899769
41837	103,24414	-126,57515	-126,62204	-0,31325966	-0,041641526	-0,044892486	-0,047670849
41837	103,74414	-128,52515	-128,53291	-0,31683445	-0,042180575	-0,045546997	-0,048383556
41837	104,24414	-130,47514	-130,53064	-0,32082796	-0,042937525	-0,046149842	-0,049111031
41837	104,74414	-132,42514	-132,54851	-0,3249526	-0,043654405	-0,046897843	-0,04988556
41837	105,24414	-134,37515	-134,48868	-0,32822341	-0,044313632	-0,047606666	-0,050583076
41837	105,74414	-136,32515	-136,36542	-0,33208579	-0,04487852	-0,048172839	-0,0512628
41837	106,24414	-138,27515	-138,38609	-0,33643693	-0,045527615	-0,048921291	-0,052063253
41837	106,74414	-140,22514	-140,35794	-0,34026206	-0,046149813	-0,049619585	-0,05284097
41837	107,24414	-142,17514	-142,30392	-0,34416318	-0,046792306	-0,050304569	-0,05349943
41837	107,74414	-144,12515	-144,17407	-0,34764409	-0,047401838	-0,051040478	-0,054302458
41837	108,24414	-146,07515	-146,12424	-0,35106987	-0,048086427	-0,051603727	-0,054974683
41837	108,74414	-148,02515	-148,11789	-0,35471469	-0,048654251	-0,052386314	-0,055724811
41837	109,24414	-149,97514	-150,09291	-0,35871416	-0,049328066	-0,053101905	-0,056535516
41837	109,74414	-151,92516	-151,99893	-0,36239475	-0,049986251	-0,053651609	-0,057199031
41837	110,24414	-153,87515	-153,97369	-0,36643744	-0,050694861	-0,054445438	-0,057945449
41837	110,74414	-155,82515	-155,91049	-0,37018061	-0,05125051	-0,055257462	-0,058663957
41837	111,24414	-157,77515	-157,86365	-0,37414879	-0,051849954	-0,055809639	-0,059413392
41837	111,74414	-159,72514	-159,82729	-0,37814975	-0,052563719	-0,056598529	-0,060154058
41837	112,24414	-161,67516	-161,75505	-0,38187206	-0,053178944	-0,057191528	-0,060881499
41837	112,74414	-163,62515	-163,7027	-0,38529038	-0,053822346	-0,057814993	-0,061576266
41837	113,24414	-165,57515	-165,66144	-0,38929433	-0,054499529	-0,058644831	-0,062322352
41837	113,74414	-167,52515	-167,62654	-0,39318949	-0,055069529	-0,059239984	-0,063100122
41837	114,24414	-169,47514	-169,51596	-0,39615035	-0,055642016	-0,059937052	-0,063765466
41837	114,74414	-171,42516	-171,51738	-0,40027797	-0,056366287	-0,060765713	-0,064551242
41837	115,24414	-173,37515	-173,42905	-0,40442199	-0,056969844	-0,061329767	-0,065282375
41837	115,74414	-175,32515	-175,43158	-0,40784478	-0,057641856	-0,06209594	-0,06609863
41837	116,24414	-177,27515	-177,34462	-0,41183531	-0,058297224	-0,062720113	-0,066696882
41837	116,74414	-179,22514	-179,30569	-0,41426718	-0,058961473	-0,06343241	-0,067475528
41837	117,24414	-181,17516	-181,26425	-0,41823685	-0,059539534	-0,064134084	-0,068270683
41837	117,74414	-183,12515	-183,17955	-0,42207986	-0,060191803	-0,064803518	-0,068916753
41837	118,24414	-185,07515	-185,14529	-0,42574853	-0,060811691	-0,065581776	-0,069661587
41837	118,74414	-187,02515	-187,12787	-0,43014884	-0,061525993	-0,066236839	-0,070429593
41837	119,24414	-188,97514	-189,06458	-0,43340921	-0,062134452	-0,066972546	-0,071153827
41837	119,74414	-190,92516	-190,96895	-0,43686628	-0,062724702	-0,067636564	-0,071815357
41837	120,24414	-192,87515	-192,96416	-0,44030398	-0,063394301	-0,068392962	-0,072644837
41837	120,74414	-194,82515	-194,94627	-0,44427216	-0,063962914	-0,069043234	-0,073395863
41837	121,24414	-196,77515	-196,84464	-0,44722408	-0,064665399	-0,06972339	-0,074064955
41837	121,74414	-198,72514	-198,78963	-0,45091212	-0,065318517	-0,070475332	-0,074842677
41837	122,24414	-200,67516	-200,75313	-0,45491159	-0,065902136	-0,071187399	-0,075552978
41837	122,74414	-202,62515	-202,68622	-0,45791268	-0,066529773	-0,07188414	-0,076274611
41837	123,24414	-204,57515	-204,62561	-0,46137869	-0,067157693	-0,072600335	-0,077023998
41837	123,74414	-206,52515	-206,59334	-0,46556443	-0,067790084	-0,073254973	-0,077810109
41837	124,24414	-208,47514	-208,55743	-0,46926588	-0,068511628	-0,074065097	-0,078528732
41837	124,74414	-210,42516	-210,46564	-0,47309101	-0,069050021	-0,074718378	-0,079209045
41837	125,24414	-212,37515	-212,46576	-0,47694445	-0,069789805	-0,075379141	-0,079988621
41837	125,74414	-214,32515	-214,4213	-0,47982633	-0,070446216	-0,076163575	-0,080808744
41837	126,24414	-216,27515	-216,33289	-0,48341006	-0,070916153	-0,076973587	-0,081454709
41837	126,74414	-218,22514	-218,28493	-0,4877463	-0,071630441	-0,077594079	-0,082202286
41837	127,24414	-220,17516	-220,24596	-0,4915446	-0,072277494	-0,078323655	-0,082968391
41837	127,74414	-222,12515	-222,21426	-0,4948765	-0,072983645	-0,079090536	-0,083767176
41837	128,24414	-224,07515	-224,13516	-0,49812943	-0,073565491	-0,079762943	-0,084434129
41837	128,74414	-226,02515	-226,09476	-0,50202906	-0,074178033	-0,080565184	-0,085230447
41837	129,24414	-227,97514	-228,05936	-0,50539076	-0,074793078	-0,081225306	-0,085966878
41837	129,74414	-229,92516	-229,97818	-0,50906241	-0,07541617	-0,082035765	-0,08665356
41837	130,24414	-231,87515	-231,94186	-0,51296353	-0,076104261	-0,08266262	-0,08741276
41837	130,74414	-233,82515	-233,90085	-0,51646084	-0,076737545	-0,083518945	-0,088196345
41837	131,24414	-235,77515	-235,82214	-0,52007735	-0,077292062	-0,08422552	-0,088868134
41837	131,74414	-237,72514	-237,80353	-0,52375048	-0,077982567	-0,084918968	-0,089636177
41837	132,24414	-239,67516	-239,76675	-0,52699149	-0,078656651	-0,085582487	-0,090447441
41837	132,74414	-241,62515	-241,68513	-0,5311057	-0,079306088	-0,086285524	-0,091155604
41837	133,24414	-243,57515	-243,6481	-0,53433031	-0,079918958	-0,087140143	-0,091943055
41837	133,74414	-245,52515	-245,60765	-0,53752214	-0,080528773	-0,087790221	-0,092767954
41837	134,24414	-247,47514	-247,50702	-0,5415827	-0,081228264	-0,088591069	-0,093357846
41837	134,74414	-249,42516	-249,49275	-0,54493546	-0,081851177	-0,08923056	-0,094158068
41837	135,24414	-251,37515	-251,44424	-0,54870397	-0,082471035	-0,090084441	-0,094935164
41837	135,74414	-253,32515	-253,38777	-0,55239052	-0,08310955	-0,090642154	-0,095621534
41837	136,24414	-255,27515	-255,31129	-0,55620521	-0,08378493	-0,091460407	-0,096378013
41837	136,74414	-257,22516	-257,30255	-0,55932999	-0,084478267	-0,092207655	-0,097110175
41837	137,24414	-259,17514	-259,2597	-0,56317598	-0,085023008	-0,092965789	-0,097849965
41837	137,74414	-261,12515	-261,15863	-0,56593567	-0,085613437	-0,093634836	-0,09857735
41837	138,24414	-263,07516	-263,12695	-0,56983232	-0,086349152	-0,094455928	-0,099379115
41837	138,74414	-265,02515	-265,07242	-0,57305247	-0,087002493	-0,095218934	-0,10009703
41837	139,24414	-266,97516	-267,00946	-0,57755709	-0,087588482	-0,095991381	-0,1009081
41837	139,74414	-268,92514	-268,97153	-0,5807206	-0,088259332	-0,096784145	-0,10166194
41837	140,24414	-270,87515	-270,93033	-0,58392137	-0,088881351	-0,097437643	-0,102427
41837	140,74414	-272,82516	-272,83365	-0,58771521	-0,08949893	-0,098148413	-0,10316397
41837	141,24414	-274,77515	-274,84518	-0,59095621	-0,090212964	-0,099078596	-0,10396648
41837	141,74414	-276,72516	-276,77542	-0,59540421	-0,090841793	-0,099761307	-0,1047174
41837	142,24414	-278,67514	-278,68982	-0,59857219	-0,091399185	-0,10046939	-0,10541047
41837	142,74414	-280,62515	-280,65753	-0,60181022	-0,092051648	-0,1012341	-0,10621326
41837	143,24414	-282,57516	-282,6514	-0,60577691	-0,092726655	-0,10186765	-0,10698199
41837	143,74414	-281,34644	-281,41733	-0,60477257	-0,092542745	-0,10188729	-0,10680757
41837	144,24414	-279,39642	-279,44174	-0,60254335	-0,092200674	-0,10142325	-0,10637562
41837	144,74414	-277,44644	-277,44016	-0,59915483	-0,09172035	-0,10101826	-0,10587761
41837	145,24414	-275,49643	-275,47214	-0,59675574	-0,091328569	-0,10062928	-0,10540258
41837	145,74414	-273,54645	-273,5116	-0,59387237	-0,090832137	-0,10014771	-0,10489917
41837	146,24414	-271,59644	-271,51953	-0,59231222	-0,090399005	-0,099709198	-0,10434628
41837	146,74414	-269,64642	-269,57343	-0,58856755	-0,089953206	-0,099325538	-0,10384621
41837	147,24414	-267,69644	-267,65125	-0,58593005	-0,089531086	-0,098662287	-0,10341859
41837	147,74414	-265,74643	-265,67056	-0,58310777	-0,089026816	-0,098157413	-0,10280035
41837	148,24414	-263,79645	-263,73969	-0,57977289	-0,088510506	-0,097688846	-0,10224195
41837	148,74414	-261,84644	-261,79776	-0,57655275	-0,088074721	-0,097230859	-0,10176504
41837	149,24414	-259,89642	-259,80862	-0,57434142	-0,087550916	-0,096693374	-0,10114345
41837	149,74414	-257,94644	-257,86453	-0,57112277	-0,087123327	-0,09623526	-0,10062121
41837	150,24414	-255,99643	-255,94412	-0,56877136	-0,086679347	-0,095674962	-0,10017701
41837	150,74414	-254,04643	-253,94203	-0,56542158	-0,086140968	-0,095171429	-0,099512711
41837	151,24414	-252,09644	-252,0347	-0,56260079	-0,085715838	-0,094657853	-0,099031284
41837	151,74414	-250,14644	-250,09293	-0,55958331	-0,085197635	-0,094135694	-0,098514639
41837	152,24414	-248,19644	-248,07826	-0,55589974	-0,084729917	-0,093630172	-0,097845256
41837	152,74414	-246,24643	-246,16566	-0,55387318	-0,084267445	-0,093056455	-0,097278297
41837	153,24414	-244,29643	-244,24208	-0,55066496	-0,0837752	-0,09247604	-0,096814662
41837	153,74414	-242,34644	-242,2558	-0,54721236	-0,083192475	-0,091987215	-0,096156098
41837	154,24414	-240,39644	-240,33659	-0,54502636	-0,08273045	-0,091422163	-0,095625162
41837	154,74414	-238,44644	-238,38443	-0,54168999	-0,082267918	-0,091049843	-0,095133439
41837	155,24414	-236,49643	-236,39621	-0,53839684	-0,081786297	-0,090345889	-0,094490118
41837	155,74414	-234,54643	-234,46686	-0,53627789	-0,081210218	-0,089920402	-0,093965039
41837	156,24414	-232,59644	-232,53497	-0,53381473	-0,080716379	-0,089467324	-0,09340243
41837	156,74414	-230,64644	-230,56137	-0,53032339	-0,080304779	-0,088786952	-0,092787296
41837	157,24414	-228,69644	-228,6223	-0,52672774	-0,079744212	-0,088284515	-0,092240348
41837	157,74414	-226,74643	-226,68048	-0,52405298	-0,079309396	-0,087779745	-0,091719486
41837	158,24414	-224,79643	-224,71692	-0,52127689	-0,078838028	-0,08720246	-0,091079548
41837	158,74414	-222,84644	-222,78204	-0,5175963	-0,078356184	-0,086777002	-0,090538383
41837	159,24414	-220,89644	-220,84302	-0,51493198	-0,077791326	-0,086199887	-0,090003684
41837	159,74414	-218,94643	-218,87767	-0,51230341	-0,077279009	-0,085665509	-0,089312777
41837	160,24414	-216,99643	-216,91019	-0,50912499	-0,076788612	-0,085156806	-0,088779196
41837	160,74414	-215,04643	-214,99234	-0,50598234	-0,076301746	-0,084643394	-0,088177718
41837	161,24414	-213,09644	-213,0199	-0,5029276	-0,075808488	-0,083955139	-0,087591447
41837	161,74414	-211,14644	-211,04898	-0,50002635	-0,075257026	-0,083513021	-0,08704564
41837	162,24414	-209,19643	-209,15009	-0,49674958	-0,074814327	-0,082896858	-0,086533755
41837	162,74414	-207,24643	-207,17242	-0,49370676	-0,074187674	-0,08239112	-0,085852027
41837	163,24414	-205,29643	-205,19379	-0,49022138	-0,073745199	-0,08190693	-0,08529754
41837	163,74414	-203,34644	-203,28845	-0,48752278	-0,073194809	-0,081271209	-0,08472959
41837	164,24414	-201,39644	-201,31821	-0,48474967	-0,07279963	-0,080742128	-0,084153295
41837	164,74414	-199,44643	-199,34686	-0,48124343	-0,072266899	-0,080249414	-0,083503217
41837	165,24414	-197,49643	-197,43648	-0,47862381	-0,071757309	-0,079582624	-0,082923241
41837	165,74414	-195,54643	-195,46758	-0,47531426	-0,071226306	-0,07916411	-0,082331017
41837	166,24414	-193,59644	-193,50887	-0,47219396	-0,070708655	-0,078541495	-0,081698626
41837	166,74414	-191,64644	-191,5791	-0,4690513	-0,070169665	-0,07797461	-0,08118581
41837	167,24414	-189,69643	-189,60005	-0,46600252	-0,069632865	-0,077381469	-0,080506682
41837	167,74414	-187,74643	-187,66426	-0,46250671	-0,069125377	-0,076842017	-0,079906985
41837	168,24414	-185,79643	-185,66348	-0,45886636	-0,068558492	-0,076278456	-0,07925389
41837	168,74414	-183,84644	-183,79137	-0,45593083	-0,068086438	-0,075676613	-0,078707784
41837	169,24414	-181,89644	-181,81909	-0,45302659	-0,067584224	-0,075094476	-0,078060105
41837	169,74414	-179,94643	-179,87283	-0,44991374	-0,067072071	-0,074601948	-0,077498421
41837	170,24414	-177,99643	-177,93124	-0,44628084	-0,066587724	-0,074006319	-0,076853774
41837	170,74414	-176,04643	-175,96112	-0,44362098	-0,06592115	-0,073444545	-0,076210141
41837	171,24414	-174,09644	-173,99966	-0,44006109	-0,065465517	-0,07285089	-0,075681984
41837	171,74414	-172,14644	-172,12363	-0,43800324	-0,064924039	-0,072373904	-0,075118408
41837	172,24414	-170,19643	-170,09662	-0,43378025	-0,064408518	-0,071653917	-0,074415393
41837	172,74414	-168,24643	-168,16782	-0,43062419	-0,063933872	-0,071173295	-0,073841132
41837	173,24414	-166,29643	-166,22818	-0,42712837	-0,063341729	-0,070560031	-0,073178068
41837	173,74414	-164,34644	-164,28651	-0,42416155	-0,062794559	-0,069952756	-0,072631806
41837	174,24414	-162,39644	-162,30275	-0,42039007	-0,062286563	-0,06953986	-0,071914956
41837	174,74414	-160,44643	-160,34943	-0,41841418	-0,061758749	-0,068833962	-0,071357273
41837	175,24414	-158,49643	-158,46367	-0,41425377	-0,061207004	-0,068316363	-0,070782594
41837	175,74414	-156,54643	-156,46367	-0,41131079	-0,06062337	-0,067696303	-0,070098236
41837	176,24414	-154,59644	-154,51765	-0,40720403	-0,060134344	-0,067076929	-0,069450408
41837	176,74414	-152,64644	-152,60641	-0,40406883	-0,059612982	-0,066539481	-0,068800129
41837	177,24414	-150,69643	-150,62556	-0,40103942	-0,058997788	-0,066020302	-0,068164304
41837	177,74414	-148,74643	-148,65048	-0,39788187	-0,058422528	-0,065338552	-0,067585021
41837	178,24414	-146,79643	-146,75999	-0,39379895	-0,057879783	-0,064787887	-0,066940665
41837	178,74414	-144,84644	-144,78304	-0,39095283	-0,057264693	-0,064143904	-0,066262223
41837	179,24414	-142,89644	-142,82541	-0,38747936	-0,056799136	-0,063513078	-0,065625295
41837	179,74414	-140,94643	-140,88705	-0,38394332	-0,056234531	-0,063011847	-0,065020449
41837	180,24414	-138,99643	-138,92683	-0,37999451	-0,055625729	-0,06233944	-0,064322345
41837	180,74414	-137,04643	-137,00658	-0,37701428	-0,055135213	-0,061832592	-0,063719116
41837	181,24414	-135,09644	-135,08131	-0,37356317	-0,054569818	-0,061294973	-0,063116953
41837	181,74414	-133,14644	-133,06218	-0,36998242	-0,053942971	-0,060588151	-0,062390141
41837	182,24414	-131,19643	-131,10905	-0,36676377	-0,053418167	-0,060086727	-0,061721567
41837	182,74414	-129,24643	-129,16733	-0,36285818	-0,052901201	-0,059519373	-0,061119337
41837	183,24414	-127,29643	-127,22851	-0,36010891	-0,052236788	-0,058775432	-0,060408629
41837	183,74414	-125,34643	-125,28318	-0,35650134	-0,051743008	-0,058237538	-0,059771609
41837	184,24414	-123,39643	-123,3344	-0,35232902	-0,051133104	-0,05761274	-0,059161678
41837	184,74414	-121,44643	-121,3267	-0,34885108	-0,050571315	-0,056996815	-0,058414064
41837	185,24414	-119,49643	-119,42077	-0,3454119	-0,049987085	-0,056397051	-0,057824895
41837	185,74414	-117,54643	-117,5215	-0,34139156	-0,049386479	-0,055865929	-0,057088345
41837	186,24414	-115,59643	-115,53635	-0,33801943	-0,048768558	-0,055063181	-0,056448396
41837	186,74414	-113,64643	-113,57542	-0,33418536	-0,048167996	-0,054617412	-0,055807587
41837	187,24414	-111,69643	-111,65945	-0,33113509	-0,047617458	-0,054044612	-0,055089075
41837	187,74414	-109,74643	-109,67307	-0,3271535	-0,046947815	-0,05332379	-0,054383479
41837	188,24414	-107,79643	-107,74931	-0,32345951	-0,046403684	-0,052685402	-0,053714879
41837	188,74414	-105,84643	-105,79464	-0,31956732	-0,04573489	-0,052233547	-0,053069975
41837	189,24414	-103,89643	-103,86268	-0,3159076	-0,045103215	-0,051567465	-0,05230974
41837	189,74414	-101,94643	-101,90774	-0,3120631	-0,044542961	-0,050950669	-0,051637724
41837	190,24414	-99,996429	-99,989952	-0,30847639	-0,043884836	-0,050246537	-0,051035549
41837	190,74414	-98,046432	-97,952164	-0,30454397	-0,043276139	-0,049567431	-0,050235078
41837	191,24414	-96,096428	-96,053566	-0,30049831	-0,042608596	-0,049055569	-0,049582426
41837	191,74414	-94,146431	-94,133125	-0,29646158	-0,041982062	-0,048380062	-0,048843864
41837	192,24414	-92,196434	-92,152359	-0,29211491	-0,041324072	-0,047801096	-0,048153803
41837	192,74414	-90,246429	-90,163513	-0,28866231	-0,040647753	-0,047190659	-0,047408879
41837	193,24414	-88,296432	-88,237701	-0,28459728	-0,03994932	-0,046593055	-0,046753384
41837	193,74414	-86,346428	-86,295265	-0,27996153	-0,03932374	-0,045937791	-0,046030141
41837	194,24414	-84,396431	-84,309586	-0,27598143	-0,038730867	-0,045316279	-0,045213848
41837	194,74414	-82,446434	-82,411926	-0,27157217	-0,037990727	-0,044647906	-0,044587098
41837	195,24414	-80,496429	-80,467262	-0,26787668	-0,037380658	-0,044032287	-0,043840941
41837	195,74414	-78,546432	-78,522659	-0,26357919	-0,036716901	-0,043395653	-0,04308217
41837	196,24414	-76,596428	-76,539139	-0,25939494	-0,036010571	-0,042695742	-0,042332657
41837	196,74414	-74,646431	-74,606621	-0,25484115	-0,03530746	-0,04216041	-0,041615076
41837	197,24414	-72,696434	-72,661774	-0,25175065	-0,034584992	-0,041417971	-0,040866744
41837	197,74414	-70,746429	-70,729134	-0,24611652	-0,033949055	-0,040843882	-0,040095653
41837	198,24414	-68,796432	-68,764656	-0,24270415	-0,033246867	-0,040204294	-0,039334126
41837	198,74414	-66,846428	-66,831245	-0,23759156	-0,032512732	-0,039465465	-0,038595881
41837	199,24414	-64,896431	-64,879913	-0,23280084	-0,031771593	-0,03889171	-0,037866436
41837	199,74414	-62,94643	-62,925152	-0,22873133	-0,031087644	-0,038318917	-0,037120648
41837	200,24414	-60,996429	-60,954865	-0,22439808	-0,030373909	-0,03763983	-0,036232546
41837	200,74414	-59,046429	-59,046757	-0,22002459	-0,029737867	-0,036852352	-0,035502344
41837	201,24414	-57,096432	-57,051731	-0,21483302	-0,028920569	-0,03614023	-0,034769811
41837	201,74414	-55,146431	-55,157055	-0,2103582	-0,028158568	-0,035596173	-0,033984281
41837	202,24414	-53,19643	-53,142654	-0,20513386	-0,027419172	-0,034798376	-0,033107176
41837	202,74414	-51,246429	-51,216022	-0,20066798	-0,02668301	-0,034086138	-0,03232773
41837	203,24414	-49,296429	-49,274143	-0,1955241	-0,025909506	-0,033418894	-0,031589143
41837	203,74414	-47,346428	-47,339119	-0,19022673	-0,025231116	-0,032802302	-0,030724593
41837	204,24414	-45,396431	-45,371887	-0,18559992	-0,024465285	-0,032059263	-0,029834688
41837	204,74414	-43,44643	-43,422806	-0,1807034	-0,023670413	-0,031297624	-0,029072322
41837	205,24414	-41,496429	-41,525898	-0,17588288	-0,022878982	-0,030538671	-0,028267246
41837	205,74414	-39,546429	-39,508343	-0,17012954	-0,022044428	-0,029754058	-0,02732775
41837	206,24414	-37,596428	-37,562744	-0,16500652	-0,021301322	-0,028991342	-0,026497727
41837	206,74414	-35,646431	-35,664379	-0,16027093	-0,020525716	-0,02827011	-0,025647158
41837	207,24414	-33,69643	-33,64978	-0,15404373	-0,019706987	-0,027439456	-0,024705626
41837	207,74414	-31,746429	-31,724405	-0,14879704	-0,018829681	-0,026710354	-0,023902941
41837	208,24414	-29,796429	-29,818176	-0,14295727	-0,018006302	-0,025825184	-0,0231287
41837	208,74414	-27,84643	-27,818808	-0,13761371	-0,017167322	-0,025056314	-0,022202831
41837	209,24414	-25,896429	-25,88249	-0,13155788	-0,01635576	-0,024202846	-0,021329142
41837	209,74414	-23,946428	-23,939213	-0,12515783	-0,015473403	-0,02331952	-0,02041886
41837	210,24414	-21,996429	-21,957478	-0,11885166	-0,014576815	-0,022521742	-0,019454304
41837	210,74414	-20,046429	-20,038338	-0,11227727	-0,013777614	-0,021634065	-0,018585939
41837	211,24414	-18,09643	-18,12261	-0,10608137	-0,012934096	-0,020553097	-0,01768193
41837	211,74414	-16,146429	-16,143309	-0,09907037	-0,012045003	-0,019614454	-0,016651694
41837	212,24414	-14,196429	-14,177457	-0,091663003	-0,0111093	-0,018529925	-0,015659023
41837	212,74414	-12,246428	-12,261077	-0,084222853	-0,010259159	-0,017361488	-0,014706984
41837	213,24414	-10,296429	-10,256638	-0,075101852	-0,0093455315	-0,016412195	-0,013565823
41837	213,74414	-8,3464289	-8,3255062	-0,066661835	-0,0085058957	-0,01500714	-0,012552287
41837	214,24414	-6,3964286	-6,4229221	-0,055900216	-0,0076625869	-0,013871098	-0,011447813
41837	214,74414	-4,4464288	-4,5072641	-0,044593215	-0,006916523	-0,012352198	-0,010208845
41837	215,24414	-5,3399882	-4,9352589	-0,045144558	-0,0068349019	-0,012190323	-0,010181032
41837	215,74414	-7,2899885	-7,1962028	-0,055147707	-0,0074326918	-0,013031248	-0,011148732
41837	216,24414	-9,2399883	-9,2314663	-0,063399971	-0,00806465	-0,013940692	-0,01185222
41837	216,74414	-11,189988	-11,193144	-0,070697069	-0,0085932761	-0,014631456	-0,012713056
41837	217,24414	-13,139989	-13,195236	-0,077515841	-0,009252429	-0,01551519	-0,013583381
41837	217,74414	-15,089989	-15,138332	-0,084885955	-0,0099727958	-0,016287401	-0,014318835
41837	218,24414	-17,039989	-17,131128	-0,090691447	-0,010632239	-0,017108351	-0,015135977
41837	218,74414	-18,989988	-19,062178	-0,097364187	-0,011340708	-0,017905109	-0,015915141
41837	219,24414	-20,939989	-20,985027	-0,10282993	-0,011965983	-0,018667635	-0,016719677
41837	219,74414	-22,889988	-22,971613	-0,10968745	-0,012704514	-0,019530173	-0,017558794
41837	220,24414	-24,839989	-24,943892	-0,11510849	-0,013359539	-0,020331651	-0,018415052
41837	220,74414	-26,789989	-26,840393	-0,12015253	-0,014075123	-0,021006998	-0,019098587
41837	221,24414	-28,739988	-28,814211	-0,12537688	-0,01480367	-0,021786053	-0,019994643
41837	221,74414	-30,689989	-30,771	-0,13136119	-0,01549679	-0,02259054	-0,020801809
41837	222,24414	-32,639988	-32,727528	-0,13631433	-0,01612372	-0,023168985	-0,021580677
41837	222,74414	-34,589989	-34,688663	-0,14125556	-0,016900532	-0,023962528	-0,022373434
41837	223,24414	-36,539989	-36,658909	-0,14668852	-0,017613269	-0,024755001	-0,02321633
41837	223,74414	-38,48999	-38,56768	-0,15187114	-0,01829461	-0,025447749	-0,023923188
41837	224,24414	-40,439991	-40,518536	-0,15674233	-0,01894372	-0,026207544	-0,024756903
41837	224,74414	-42,389988	-42,470364	-0,1619488	-0,019613616	-0,026880909	-0,025478963
41837	225,24414	-44,339989	-44,395714	-0,16634017	-0,020274185	-0,027584456	-0,026351651
41837	225,74414	-46,289989	-46,337402	-0,17097741	-0,021036826	-0,028401311	-0,027123136
41837	226,24414	-48,23999	-48,30341	-0,17646253	-0,021673121	-0,029041581	-0,02791677
41837	226,74414	-50,189991	-50,24435	-0,18089712	-0,02232375	-0,029744908	-0,028695552
41837	227,24414	-52,139988	-52,19915	-0,18516034	-0,02296143	-0,030457459	-0,029531769
41837	227,74414	-54,089989	-54,163849	-0,19055903	-0,023618467	-0,031137884	-0,030290915
41837	228,24414	-56,039989	-56,085701	-0,19421726	-0,024271451	-0,031834956	-0,03107301
41837	228,74414	-57,98999	-58,04229	-0,19936413	-0,024981253	-0,032539826	-0,031823702
41837	229,24414	-59,939991	-59,983528	-0,20329356	-0,025710605	-0,033211458	-0,032535918
41837	229,74414	-61,889988	-61,956215	-0,20781308	-0,026388802	-0,033869456	-0,03330775
41837	230,24414	-63,839989	-63,922077	-0,21315217	-0,027007915	-0,034515381	-0,03411258
41837	230,74414	-65,789993	-65,807373	-0,21741837	-0,027644835	-0,035283748	-0,034711599
41837	231,24414	-67,73999	-67,75737	-0,22184849	-0,028271414	-0,035927899	-0,035581321
41837	231,74414	-69,689987	-69,721825	-0,22664964	-0,028913043	-0,036558416	-0,036341
41837	232,24414	-71,639992	-71,637894	-0,2308771	-0,029599719	-0,037297133	-0,037075464
41837	232,74414	-73,589989	-73,64679	-0,23518354	-0,030241959	-0,038025271	-0,037851218
41837	233,24414	-75,539993	-75,563156	-0,23892373	-0,030867539	-0,038560219	-0,038541332
41837	233,74414	-77,48999	-77,517593	-0,24379641	-0,031565569	-0,039297476	-0,039353266
41837	234,24414	-79,439987	-79,51899	-0,24726391	-0,032160141	-0,039887805	-0,040090561
41837	234,74414	-81,389992	-81,438522	-0,25250465	-0,03285443	-0,04047237	-0,04077924
41837	235,24414	-83,339989	-83,389168	-0,25559813	-0,033448614	-0,041157547	-0,041534461
41837	235,74414	-85,289993	-85,377373	-0,26020408	-0,03417071	-0,041933965	-0,042318877
41837	236,24414	-87,23999	-87,298157	-0,26456863	-0,034781955	-0,042452015	-0,042992271
41837	236,74414	-89,189987	-89,252998	-0,26785731	-0,035339527	-0,043174911	-0,04375726
41837	237,24414	-91,139992	-91,210449	-0,27240068	-0,035884686	-0,043776825	-0,044479135
41837	237,74414	-93,089989	-93,111191	-0,27714521	-0,036562689	-0,044421237	-0,045125391
41837	238,24414	-95,039993	-95,11393	-0,28017014	-0,037250869	-0,045099203	-0,045959793
41837	238,74414	-96,98999	-97,0933	-0,28431714	-0,037875749	-0,045855321	-0,046670597
41837	239,24414	-98,939987	-98,939178	-0,28864443	-0,038471811	-0,046392988	-0,047292415
41837	239,74414	-100,88999	-100,96941	-0,29249787	-0,039127834	-0,046962395	-0,048050664
41837	240,24414	-102,83999	-102,89123	-0,29641241	-0,039715208	-0,047690712	-0,048755616
41837	240,74414	-104,78999	-104,8381	-0,30028224	-0,040231101	-0,048337713	-0,049475878
41837	241,24414	-106,73999	-106,83442	-0,30431598	-0,040955774	-0,048958588	-0,050207864
41837	241,74414	-108,68999	-108,7282	-0,30785054	-0,041492499	-0,04961133	-0,050953411
41837	242,24414	-110,63999	-110,6476	-0,3114894	-0,042147465	-0,050118871	-0,05156355
41837	242,74414	-112,58999	-112,60778	-0,31602234	-0,042684682	-0,05084262	-0,052282225
41837	243,24414	-114,53999	-114,60616	-0,31957328	-0,04329396	-0,051456384	-0,053058378
41837	243,74414	-116,48999	-116,59913	-0,32348037	-0,043961369	-0,052217245	-0,053708758
41837	244,24414	-118,43999	-118,48731	-0,32722652	-0,044492669	-0,052837059	-0,054377895
41837	244,74414	-120,38999	-120,47034	-0,33105761	-0,045072861	-0,053427905	-0,055152949
41837	245,24414	-122,33999	-122,37841	-0,33453107	-0,045709692	-0,054013923	-0,055762593
41837	245,74414	-124,28999	-124,30358	-0,33851713	-0,046284162	-0,054743059	-0,056499157
41837	246,24414	-126,23999	-126,30701	-0,34188479	-0,046897836	-0,055274218	-0,057206254
41837	246,74414	-128,18999	-128,1604	-0,34508109	-0,047378398	-0,055945054	-0,05783068
41837	247,24414	-130,13998	-130,19035	-0,3492102	-0,04802721	-0,056697853	-0,05854952
41837	247,74414	-132,09	-132,16443	-0,35273135	-0,0486679	-0,057205215	-0,059300661
41837	248,24414	-134,03999	-134,05211	-0,35594553	-0,049155764	-0,057814434	-0,059910741
41837	248,74414	-135,98999	-136,01889	-0,36044568	-0,04973916	-0,058534347	-0,060604289
41837	249,24414	-137,93999	-137,9389	-0,36360025	-0,050333403	-0,05908253	-0,061269715
41837	249,74414	-139,88998	-139,96518	-0,36768466	-0,05097907	-0,059796594	-0,061957195
41837	250,24414	-141,84	-141,91389	-0,37148446	-0,051477171	-0,06029509	-0,062661938
41837	250,74414	-143,78999	-143,77884	-0,37403852	-0,05206912	-0,060827091	-0,063226901
41837	251,24414	-145,73999	-145,79337	-0,37707239	-0,052664332	-0,061606832	-0,063989006
41837	251,74414	-147,68999	-147,77026	-0,38163066	-0,053184129	-0,062229097	-0,064598463
41837	252,24414	-149,64	-149,66263	-0,38548708	-0,053787492	-0,062817231	-0,065292776
41837	252,74414	-151,59	-151,66977	-0,38849413	-0,054407559	-0,063477524	-0,065993696
41837	253,24414	-153,53999	-153,58678	-0,39224774	-0,054912843	-0,064046212	-0,066631876
41837	253,74414	-155,48999	-155,5347	-0,39530545	-0,055586271	-0,064748444	-0,067280337
41837	254,24414	-157,43999	-157,50343	-0,39826781	-0,056101777	-0,065412372	-0,067997351
41837	254,74414	-159,39	-159,45514	-0,40225983	-0,05666513	-0,065915734	-0,068562508
41837	255,24414	-161,34	-161,43117	-0,40613562	-0,057255127	-0,066525057	-0,069306359
41837	255,74414	-163,28999	-163,44565	-0,40973425	-0,057824768	-0,067252636	-0,070061088
41837	256,24414	-165,23999	-165,29448	-0,41319132	-0,058373399	-0,067814469	-0,070564359
41837	256,74414	-167,18999	-167,19614	-0,41636527	-0,058891766	-0,068472818	-0,071251184
41837	257,24414	-169,14	-169,22096	-0,41954666	-0,059441648	-0,069123991	-0,071914628
41837	257,74414	-171,09	-171,11687	-0,42379349	-0,060030334	-0,069625616	-0,07258784
41837	258,24414	-173,03999	-173,09685	-0,42605996	-0,060659565	-0,07026659	-0,073293731
41837	258,74414	-174,98999	-175,05893	-0,43016225	-0,061164953	-0,070835523	-0,073841743
41837	259,24414	-176,93999	-176,98026	-0,4331097	-0,061662517	-0,071561851	-0,074521124
41837	259,74414	-178,89	-178,96664	-0,43681115	-0,06228257	-0,072204813	-0,075266726
41837	260,24414	-180,84	-180,89362	-0,44008642	-0,062838815	-0,072657079	-0,075791702
41837	260,74414	-182,78999	-182,86322	-0,44330806	-0,063432269	-0,073317014	-0,076521441
41837	261,24414	-184,73999	-184,78133	-0,44631064	-0,06387078	-0,074020348	-0,077179365
41837	261,74414	-186,68999	-186,7636	-0,45072734	-0,06451384	-0,074479051	-0,077818498
41837	262,24414	-188,64	-188,68059	-0,45309216	-0,065014683	-0,075164594	-0,078397803
41837	262,74414	-190,59	-190,6503	-0,45656562	-0,06557063	-0,075834267	-0,079111397
41837	263,24414	-192,53999	-192,62845	-0,46037734	-0,066141121	-0,076283641	-0,079814985
41837	263,74414	-194,48999	-194,52757	-0,46391338	-0,066708483	-0,076949134	-0,080409959
41837	264,24414	-196,43999	-196,48624	-0,46673715	-0,067164995	-0,077522337	-0,081062034
41837	264,74414	-198,39	-198,46536	-0,47021955	-0,067763753	-0,078168973	-0,081824541
41837	265,24414	-200,34	-200,3813	-0,47377497	-0,068386026	-0,078758121	-0,082314089
41837	265,74414	-202,28999	-202,38045	-0,47703236	-0,068881072	-0,079283126	-0,083065674
41837	266,24414	-204,23999	-204,30635	-0,47995746	-0,069429852	-0,080017745	-0,083702818
41837	266,74414	-206,18999	-206,22903	-0,48366785	-0,069933213	-0,080618262	-0,084338531
41837	267,24414	-208,14	-208,18501	-0,48698634	-0,070534952	-0,081169844	-0,084970884
41837	267,74414	-210,09	-210,14951	-0,48998743	-0,071085535	-0,081859507	-0,085643679
41837	268,24414	-212,03999	-212,04857	-0,49322993	-0,071663149	-0,082479961	-0,086230583
41837	268,74414	-213,98999	-214,04799	-0,49647838	-0,072181307	-0,082975872	-0,086921021
41837	269,24414	-215,93999	-215,994	-0,49970746	-0,072736211	-0,083613358	-0,087520272
41837	269,74414	-217,89	-217,94608	-0,50269961	-0,073264934	-0,084161989	-0,088170409
41837	270,24414	-219,84	-219,9227	-0,50591379	-0,073796473	-0,084870927	-0,088866383
41837	270,74414	-221,78999	-221,82718	-0,50965548	-0,074382178	-0,085395254	-0,089432575
41837	271,24414	-223,73999	-223,79001	-0,51312745	-0,074927919	-0,085912451	-0,090081148
41837	271,74414	-225,68999	-225,75844	-0,51582456	-0,075420164	-0,086621955	-0,090760261
41837	272,24414	-227,64	-227,68858	-0,51925778	-0,076020949	-0,087302767	-0,091380462
41837	272,74414	-229,59	-229,68991	-0,52276552	-0,07656417	-0,087797046	-0,092096597
41837	273,24414	-231,53999	-231,59245	-0,52619576	-0,077165566	-0,088485487	-0,092640176
41837	273,74414	-233,48999	-233,53577	-0,52980185	-0,077667095	-0,088977315	-0,093298927
41837	274,24414	-235,43999	-235,49677	-0,53258091	-0,078158028	-0,089507438	-0,093928829
41837	274,74414	-237,39	-237,45279	-0,53581446	-0,078713857	-0,090151727	-0,094596535
41837	275,24414	-239,34	-239,42383	-0,53916425	-0,07925918	-0,090694346	-0,095260538
41837	275,74414	-241,28999	-241,33316	-0,54246634	-0,079818599	-0,091436386	-0,095843315
41837	276,24414	-243,23999	-243,29976	-0,5460158	-0,080443747	-0,091992177	-0,096525177
41837	276,74414	-245,18999	-245,22951	-0,54873228	-0,080896787	-0,092542462	-0,097078428
41837	277,24414	-247,14	-247,18402	-0,55202842	-0,081444077	-0,093281329	-0,097790852
41837	277,74414	-249,09	-249,16878	-0,55535287	-0,081990547	-0,093848057	-0,098442033
41837	278,24414	-251,03999	-251,07454	-0,55815279	-0,0826061	-0,094339281	-0,099030018
41837	278,74414	-252,98999	-253,06953	-0,56175888	-0,083150811	-0,095083699	-0,099753991
41837	279,24414	-254,93999	-254,97876	-0,56461394	-0,083674543	-0,095729642	-0,10033271
41837	279,74414	-256,88998	-256,94574	-0,56746155	-0,084237747	-0,09625569	-0,10101941
41837	280,24414	-258,84	-258,88889	-0,57129413	-0,084741779	-0,096910506	-0,10170944
41837	280,74414	-260,79001	-260,8551	-0,5749613	-0,085239507	-0,097395353	-0,10224583
41837	281,24414	-262,73999	-262,80142	-0,57814866	-0,085846044	-0,098095305	-0,10300979
41837	281,74414	-264,69	-264,72586	-0,58101565	-0,08630956	-0,098711893	-0,10357284
41837	282,24414	-266,63998	-266,69095	-0,58397502	-0,086920045	-0,099283777	-0,10421214
41837	282,74414	-268,59	-268,63254	-0,58791786	-0,087570585	-0,099946529	-0,10490099
41837	283,24414	-270,54001	-270,57974	-0,59138089	-0,088102542	-0,10061158	-0,10559197
41837	283,74414	-272,48999	-272,52264	-0,59398413	-0,088584356	-0,10118669	-0,1062226
41837	284,24414	-274,44	-274,48557	-0,59697628	-0,089197449	-0,10186101	-0,10689548
41837	284,74414	-276,38998	-276,45694	-0,60099959	-0,08980488	-0,10249509	-0,10758911
41837	285,24414	-278,34	-278,39438	-0,60412139	-0,090326808	-0,10315721	-0,10826634
41837	285,74414	-277,72794	-277,82468	-0,60342997	-0,090209849	-0,10317249	-0,10822914
41837	286,24414	-275,77792	-275,78519	-0,60058087	-0,089833759	-0,10264393	-0,10766438
41837	286,74414	-273,82794	-273,80914	-0,59801638	-0,08943937	-0,10215647	-0,10715885
41837	287,24414	-271,87793	-271,87872	-0,59529543	-0,088893123	-0,1017561	-0,10671626
41837	287,74414	-269,92792	-269,85382	-0,59292018	-0,08844652	-0,1011413	-0,1060863
41837	288,24414	-267,97794	-267,94455	-0,58982372	-0,08799427	-0,10082036	-0,10567559
41837	288,74414	-266,02792	-265,97366	-0,5870223	-0,087578572	-0,10030127	-0,10503213
41837	289,24414	-264,07794	-264,01865	-0,58389604	-0,08712364	-0,099714145	-0,10455482
41837	289,74414	-262,12793	-262,05685	-0,58106184	-0,086619534	-0,099237159	-0,10400344
41837	290,24414	-260,17792	-260,10931	-0,57790577	-0,086164616	-0,098782226	-0,1034102
41837	290,74414	-258,22794	-258,16815	-0,57546049	-0,085616477	-0,098271109	-0,10291255
41837	291,24414	-256,27792	-256,18204	-0,57298392	-0,085143916	-0,097727172	-0,10225433
41837	291,74414	-254,32793	-254,28477	-0,56975633	-0,084613435	-0,097148202	-0,10178443
41837	292,24414	-252,37793	-252,2937	-0,56646317	-0,084193312	-0,096512511	-0,10120424
41837	292,74414	-250,42793	-250,35371	-0,56406111	-0,083732672	-0,096156001	-0,10066018
41837	293,24414	-248,47794	-248,40778	-0,56061298	-0,083185948	-0,095562078	-0,10015513
41837	293,74414	-246,52792	-246,44653	-0,55817664	-0,082702018	-0,095130965	-0,099520594
41837	294,24414	-244,57793	-244,47653	-0,55428296	-0,082246594	-0,09460815	-0,09900634
41837	294,74414	-242,62793	-242,55486	-0,55194646	-0,08174444	-0,094023682	-0,098456994
41837	295,24414	-240,67793	-240,57069	-0,54855496	-0,081285663	-0,093539916	-0,097790584
41837	295,74414	-238,72794	-238,64262	-0,54626316	-0,080708943	-0,093024164	-0,097291887
41837	296,24414	-236,77792	-236,70956	-0,54313093	-0,080268152	-0,092428029	-0,096688017
41837	296,74414	-234,82793	-234,76143	-0,54055303	-0,079796351	-0,091996424	-0,096191883
41837	297,24414	-232,87793	-232,83156	-0,53746402	-0,079273857	-0,091486722	-0,095623083
41837	297,74414	-230,92793	-230,83234	-0,53437352	-0,078735031	-0,090868764	-0,094974741
41837	298,24414	-228,97794	-228,89577	-0,53082258	-0,078342132	-0,090274587	-0,094492577
41837	298,74414	-227,02792	-226,93376	-0,5282104	-0,077814676	-0,089795053	-0,093907416
41837	299,24414	-225,07793	-225,00797	-0,52561462	-0,07728333	-0,089210987	-0,093308121
41837	299,74414	-223,12793	-223,07802	-0,52226037	-0,076845579	-0,088723145	-0,092829965
41837	300,24414	-221,17793	-221,07712	-0,51961392	-0,076375701	-0,088255137	-0,092122912
41837	300,74414	-219,22794	-219,15622	-0,51625371	-0,075782634	-0,087628953	-0,091583416
41837	301,24414	-217,27792	-217,17899	-0,51320791	-0,075345971	-0,087104343	-0,090957657
41837	301,74414	-215,32793	-215,25357	-0,51021725	-0,074796788	-0,086646721	-0,090398967
41837	302,24414	-213,37793	-213,33681	-0,50716549	-0,074326746	-0,086009957	-0,089863643
41837	302,74414	-211,42793	-211,33717	-0,50398558	-0,073829629	-0,085481904	-0,089197114
41837	303,24414	-209,47792	-209,39378	-0,50125867	-0,073295273	-0,08498954	-0,088658236
41837	303,74414	-207,52792	-207,45763	-0,49723685	-0,072850607	-0,084371068	-0,08811029
41837	304,24414	-205,57793	-205,51237	-0,49453229	-0,072358005	-0,083801284	-0,087493353
41837	304,74414	-203,62793	-203,5883	-0,49183071	-0,071810476	-0,083211295	-0,086892135
41837	305,24414	-201,67793	-201,56754	-0,4878208	-0,071257718	-0,082612447	-0,086275347
41837	305,74414	-199,72792	-199,6517	-0,48524141	-0,070722051	-0,082147814	-0,08573541
41837	306,24414	-197,77792	-197,70215	-0,48223734	-0,070213042	-0,081590921	-0,085094109
41837	306,74414	-195,82793	-195,75018	-0,47902018	-0,069755055	-0,08104863	-0,084559396
41837	307,24414	-193,87793	-193,86269	-0,47578216	-0,069255732	-0,080611885	-0,083997875
41837	307,74414	-191,92793	-191,84758	-0,47304034	-0,068713911	-0,079901688	-0,083343089
41837	308,24414	-189,97792	-189,91742	-0,46934336	-0,068178363	-0,079382055	-0,082798332
41837	308,74414	-188,02792	-187,97708	-0,46662986	-0,067619897	-0,078840181	-0,08211793
41837	309,24414	-186,07793	-186,0061	-0,46356618	-0,067189299	-0,078173734	-0,081556559
41837	309,74414	-184,12793	-184,08179	-0,45990348	-0,066619255	-0,077716708	-0,08098188
41837	310,24414	-182,17793	-182,11998	-0,457187	-0,066065334	-0,077098422	-0,080298431
41837	310,74414	-180,22792	-180,17453	-0,45375377	-0,065633841	-0,076626524	-0,079752609
41837	311,24414	-178,27792	-178,23077	-0,45050234	-0,065054141	-0,076016992	-0,079070471
41837	311,74414	-176,32793	-176,28046	-0,4478544	-0,064543866	-0,075370453	-0,078521304
41837	312,24414	-174,37793	-174,36752	-0,44477433	-0,064012729	-0,074923128	-0,077928565
41837	312,74414	-172,42793	-172,3698	-0,44116825	-0,063475303	-0,074282102	-0,077197589
41837	313,24414	-170,47792	-170,51218	-0,43849051	-0,062971838	-0,073727965	-0,076662302
41837	313,74414	-168,52792	-168,48561	-0,4346773	-0,062437974	-0,073166579	-0,076052077
41837	314,24414	-166,57793	-166,54221	-0,43154657	-0,061850272	-0,072463788	-0,075349808
41837	314,74414	-164,62793	-164,58986	-0,42805225	-0,061252497	-0,071999095	-0,074818201
41837	315,24414	-162,67793	-162,66745	-0,42511523	-0,060767688	-0,07144507	-0,074177295
41837	315,74414	-160,72792	-160,71083	-0,42160302	-0,060270943	-0,070818238	-0,073568128
41837	316,24414	-158,77792	-158,86093	-0,418818	-0,059833102	-0,070278548	-0,073020451
41837	316,74414	-156,82793	-156,77916	-0,41489899	-0,059156738	-0,0697551	-0,072261631
41837	317,24414	-154,87793	-154,84674	-0,41178614	-0,058597617	-0,069028951	-0,071670607
41837	317,74414	-152,92793	-152,98625	-0,40854067	-0,058122493	-0,06849549	-0,07110557
41837	318,24414	-150,97792	-150,93202	-0,40513724	-0,057562746	-0,067868628	-0,07041464
41837	318,74414	-149,02792	-149,02934	-0,40106475	-0,056972824	-0,0673673	-0,069830298
41837	319,24414	-147,07793	-147,04109	-0,39850175	-0,056462564	-0,066743053	-0,069070779
41837	319,74414	-145,12793	-145,10428	-0,39487332	-0,055883236	-0,066065371	-0,068554461
41837	320,24414	-143,17793	-143,17989	-0,39166957	-0,055317424	-0,065550305	-0,06791342
41837	320,74414	-141,22792	-141,18248	-0,38801581	-0,05472555	-0,064940698	-0,067183651
41837	321,24414	-139,27792	-139,2831	-0,38509667	-0,054232977	-0,064284712	-0,066588894
41837	321,74414	-137,32793	-137,33105	-0,38104057	-0,053634085	-0,06372755	-0,06594152
41837	322,24414	-135,37793	-135,34201	-0,37786663	-0,053099431	-0,063163392	-0,065208219
41837	322,74414	-133,42793	-133,36432	-0,37364215	-0,052479483	-0,062429577	-0,064613469
41837	323,24414	-131,47792	-131,41812	-0,37065297	-0,051963456	-0,06193886	-0,063879758
41837	323,74414	-129,52792	-129,48662	-0,36697984	-0,051351123	-0,061328687	-0,063267432
41837	324,24414	-127,57793	-127,54143	-0,36389828	-0,050775595	-0,06068822	-0,062579148
41837	324,74414	-125,62793	-125,61218	-0,36055595	-0,050231032	-0,060111687	-0,061972365
41837	325,24414	-123,67793	-123,69543	-0,35653561	-0,049686261	-0,059430115	-0,061298713
41837	325,74414	-121,72793	-121,6535	-0,35280287	-0,049108721	-0,058892533	-0,060577419
41837	326,24414	-119,77792	-119,78017	-0,34967214	-0,048473559	-0,058292091	-0,059994027
41837	326,74414	-117,82793	-117,79095	-0,34607947	-0,047816925	-0,057607874	-0,059331898
41837	327,24414	-115,87792	-115,8373	-0,3421694	-0,047263093	-0,057019472	-0,058630448
41837	327,74414	-113,92793	-113,90714	-0,33850968	-0,046726488	-0,056491405	-0,057968173
41837	328,24414	-111,97793	-111,91745	-0,33523291	-0,046043269	-0,055742443	-0,057243939
41837	328,74414	-110,02792	-109,99763	-0,33047944	-0,045492329	-0,055238687	-0,056634169
41837	329,24414	-108,07793	-108,09553	-0,32737106	-0,044795804	-0,054473668	-0,055900428
41837	329,74414	-106,12792	-106,05045	-0,32347143	-0,044214748	-0,053964138	-0,05516516
41837	330,24414	-104,17793	-104,19295	-0,32029897	-0,043607675	-0,053362839	-0,054570813
41837	330,74414	-102,22793	-102,19389	-0,31578541	-0,042983405	-0,05267366	-0,053764906
41837	331,24414	-100,27792	-100,25779	-0,31223446	-0,04239244	-0,05208046	-0,05308824
41837	331,74414	-98,327927	-98,314484	-0,30883104	-0,041818954	-0,05146271	-0,052393623
41837	332,24414	-96,377922	-96,339005	-0,30356646	-0,041045852	-0,050742991	-0,051649697
41837	332,74414	-94,427925	-94,413063	-0,30076802	-0,040454186	-0,050193578	-0,051037651
41837	333,24414	-92,477928	-92,417282	-0,29739588	-0,039926104	-0,049640223	-0,050194532
41837	333,74414	-90,527924	-90,458374	-0,29150844	-0,039176919	-0,048922416	-0,049547229
41837	334,24414	-88,577927	-88,563606	-0,28877407	-0,038549893	-0,048251517	-0,048852574
41837	334,74414	-86,627922	-86,587234	-0,28445572	-0,037876196	-0,047638848	-0,048057079
41837	335,24414	-84,677925	-84,612534	-0,279966	-0,037197538	-0,046917476	-0,047405675
41837	335,74414	-82,727928	-82,72316	-0,275895	-0,036517002	-0,046338797	-0,046595842
41837	336,24414	-80,777924	-80,7556	-0,27164966	-0,03587354	-0,04570346	-0,045906618
41837	336,74414	-78,827927	-78,784866	-0,26733577	-0,035147928	-0,045055263	-0,045174994
41837	337,24414	-76,877922	-76,840462	-0,26371181	-0,034504093	-0,044415802	-0,044353701
41837	337,74414	-74,927925	-74,893471	-0,25938749	-0,033828937	-0,043722954	-0,043651044
41837	338,24414	-72,977928	-72,959358	-0,25503039	-0,033176892	-0,043166429	-0,042898692
41837	338,74414	-71,027924	-71,008484	-0,25067925	-0,032523029	-0,042521354	-0,042185828
41837	339,24414	-69,077927	-69,011192	-0,24681389	-0,031712122	-0,041802004	-0,041357063
41837	339,74414	-67,127922	-67,097725	-0,24178028	-0,031010367	-0,041097131	-0,040617716
41837	340,24414	-65,177925	-65,132675	-0,23747981	-0,030325226	-0,040437046	-0,039804503
41837	340,74414	-63,227924	-63,202328	-0,23284554	-0,029677041	-0,039809495	-0,039047405
41837	341,24414	-61,277924	-61,291084	-0,22815615	-0,028953634	-0,039187443	-0,038279906
41837	341,74414	-59,327923	-59,26318	-0,22250116	-0,028154232	-0,038332514	-0,037460197
41837	342,24414	-57,377926	-57,3652	-0,21836907	-0,027445726	-0,037752707	-0,036723778
41837	342,74414	-55,427925	-55,432274	-0,21392256	-0,026754744	-0,037041496	-0,035828263
41837	343,24414	-53,477924	-53,445053	-0,20913631	-0,026026063	-0,036249764	-0,035057724
41837	343,74414	-51,527924	-51,463913	-0,20405054	-0,025269009	-0,035599716	-0,034249175
41837	344,24414	-49,577923	-49,540066	-0,19887537	-0,024565794	-0,034930557	-0,033377972
41837	344,74414	-47,627926	-47,598862	-0,19374043	-0,023755006	-0,034092285	-0,032579854
41837	345,24414	-45,677925	-45,68182	-0,18861592	-0,023005642	-0,033413768	-0,031762544
41837	345,74414	-43,727924	-43,660557	-0,18449128	-0,022291742	-0,032666251	-0,030923778
41837	346,24414	-41,777924	-41,705952	-0,17877966	-0,021472372	-0,031897649	-0,029997889
41837	346,74414	-39,827923	-39,818199	-0,17341226	-0,020709403	-0,03116703	-0,029184993
41837	347,24414	-37,877922	-37,843456	-0,16809106	-0,019938864	-0,030337512	-0,028240144
41837	347,74414	-35,927925	-35,90036	-0,16281754	-0,019115143	-0,029644914	-0,02738528
41837	348,24414	-33,977924	-33,950363	-0,15766323	-0,018345468	-0,028870337	-0,026466245
41837	348,74414	-32,027924	-31,995819	-0,1516372	-0,017609276	-0,027948968	-0,025623197
41837	349,24414	-30,077923	-30,051107	-0,14652312	-0,016736679	-0,027159251	-0,024683632
41837	349,74414	-28,127924	-28,105597	-0,14039427	-0,015963726	-0,026432432	-0,02376971
41837	350,24414	-26,177923	-26,187601	-0,1342833	-0,015114196	-0,025369983	-0,02295237
41837	350,74414	-24,227924	-24,169777	-0,12809336	-0,014258355	-0,024555679	-0,021869615
41837	351,24414	-22,277924	-22,231119	-0,12211055	-0,013396554	-0,023603301	-0,020937238
41837	351,74414	-20,327923	-20,301279	-0,11555105	-0,012578376	-0,022558659	-0,020017803
41837	352,24414	-18,377924	-18,344234	-0,10896176	-0,011816606	-0,021612063	-0,019007381
41837	352,74414	-16,427923	-16,433443	-0,10183901	-0,01100082	-0,020640533	-0,017998476
41837	353,24414	-14,477923	-14,391028	-0,094889104	-0,010141559	-0,019449115	-0,016893134
41837	353,74414	-12,527924	-12,488122	-0,086684525	-0,009393461	-0,018464997	-0,015920438
41837	354,24414	-10,577923	-10,545811	-0,078259408	-0,008633703	-0,017181249	-0,014779307
41837	354,74414	-8,627923	-8,6432934	-0,06993413	-0,007914789	-0,015962513	-0,013667192
41837	355,24414	-6,6779232	-6,6713562	-0,060394406	-0,0071869195	-0,014532208	-0,012529016
41837	355,74414	-4,7279229	-4,7741199	-0,048668683	-0,0065278262	-0,013168141	-0,011287857
41837	356,24414	-3,927	-4,0650015	-0,043456256	-0,0062456205	-0,012411021	-0,010706265
41837	356,74414	-3,927	-3,8754809	-0,041750073	-0,0061124116	-0,012319416	-0,010392528
41837	357,24414	-3,927	-3,7806127	-0,041051209	-0,0059639886	-0,012079544	-0,01032614
41837	357,74414	-3,927	-3,7613921	-0,040923059	-0,0059557036	-0,011984048	-0,010238014
41837	358,24414	-3,927	-3,780596	-0,040584803	-0,0059532449	-0,011949804	-0,010167334
41837	358,74414	-3,927	-3,8766396	-0,040340424	-0,0059501976	-0,011854965	-0,010255396
41837	359,24414	-3,927	-3,8561709	-0,040595233	-0,0058439001	-0,011849334	-0,010120101
41837	359,74414	-3,927	-3,8849413	-0,039866567	-0,0058155358	-0,011753358	-0,01015687
41837	360,24414	-3,927	-3,8925781	-0,040437281	-0,0057924315	-0,011876278	-0,010112122
41837	360,74414	-3,927	-3,9008167	-0,04029423	-0,0058114901	-0,011802195	-0,010095663
41837	361,24414	-3,927	-3,9106832	-0,039978325	-0,0057905763	-0,011739269	-0,010134585
41837	361,74414	-3,927	-3,8916039	-0,040127337	-0,0057629794	-0,01176882	-0,010041568
41837	362,24414	-3,927	-3,9149635	-0,040249527	-0,0057095513	-0,011693193	-0,01007108
41837	362,74414	-3,927	-3,9011631	-0,03978461	-0,0057358369	-0,011637066	-0,009981744
41837	363,24414	-3,927	-3,8937218	-0,0402987	-0,0057053342	-0,011620414	-0,01001687
41837	363,74414	-3,927	-3,910074	-0,040464103	-0,0057128817	-0,011773303	-0,010002203
41837	364,24414	-3,927	-3,9102883	-0,039216876	-0,0056316033	-0,011665668	-0,010004826
41837	364,74414	-3,927	-3,9604864	-0,039751828	-0,0057008043	-0,011612073	-0,01005464
41837	365,24414	-3,927	-3,8962066	-0,039930642	-0,0056554526	-0,011542376	-0,0098866634
41837	365,74414	-3,927	-3,9266758	-0,039754808	-0,0056319907	-0,01159679	-0,0099371262
41837	366,24414	-3,927	-3,9268136	-0,039151311	-0,0056925565	-0,011630382	-0,009864632
41837	366,74414	-3,927	-3,918551	-0,040180981	-0,005618453	-0,011478329	-0,009909384
41837	367,24414	-3,927	-3,9422474	-0,039741397	-0,0056051835	-0,011606136	-0,0099497065
41837	367,74414	-3,927	-3,8974452	-0,039753318	-0,0055910423	-0,01150368	-0,0098472983
41837	368,24414	-3,927	-3,9148293	-0,039122999	-0,0056161731	-0,011549009	-0,0098809861
41837	368,74414	-3,927	-3,9189253	-0,039176643	-0,0055873021	-0,011469325	-0,0098882802
41837	369,24414	-3,927	-3,9475002	-0,039663911	-0,0056510121	-0,011594752	-0,0098863728
41837	369,74414	-3,927	-3,9683058	-0,039429963	-0,0055597126	-0,011494629	-0,0098486505
41837	370,24414	-3,927	-3,8973484	-0,039511919	-0,005524531	-0,011515452	-0,0098045543
41837	370,74414	-3,927	-3,9433334	-0,039613247	-0,0055462718	-0,011488898	-0,009813305
41837	371,24414	-3,927	-3,9493906	-0,039704144	-0,0056496933	-0,011325575	-0,0097988583
41837	371,74414	-3,927	-3,9320831	-0,039455295	-0,0054823011	-0,011430491	-0,0098114274
41837	372,24414	-3,927	-3,9474554	-0,039088726	-0,0055395365	-0,011429127	-0,0098237507
41837	372,74414	-3,927	-3,9063654	-0,039698184	-0,005544655	-0,011472642	-0,0097279698
41837	373,24414	-3,927	-3,8875005	-0,039175153	-0,0054701269	-0,011415947	-0,0097457394
41837	373,74414	-3,927	-3,9025004	-0,038458407	-0,0055655688	-0,011402907	-0,0097432919
41837	374,24414	-3,927	-3,938267	-0,039041042	-0,0054942593	-0,011392629	-0,0097536407
41837	374,74414	-3,927	-3,9419849	-0,03913492	-0,0055345148	-0,011429893	-0,0097956955
41837	375,24414	-3,927	-3,9095151	-0,038814545	-0,00547079	-0,011367561	-0,0096795373
41837	375,74414	-3,927	-3,9362628	-0,039288402	-0,0054967999	-0,011409277	-0,0097263828
41837	376,24414	-3,927	-3,9300973	-0,039196014	-0,0054709464	-0,011358913	-0,0097193271
41837	376,74414	-3,927	-3,9207487	-0,039151311	-0,0054991543	-0,011297638	-0,0096933618
41837	377,24414	-3,927	-3,9232745	-0,038599968	-0,005519852	-0,011308024	-0,0097597688
41837	377,74414	-3,927	-3,9217603	-0,03875643	-0,0054774657	-0,011335319	-0,0096936859
41837	378,24414	-3,927	-3,9023142	-0,038965046	-0,005416058	-0,011316875	-0,0097250417
41837	378,74414	-3,927	-3,9411635	-0,038701296	-0,0054637119	-0,011320755	-0,0096954964
41837	379,24414	-3,927	-3,9254613	-0,038444996	-0,0053854808	-0,011322359	-0,0096856207
41837	379,74414	-3,927	-3,9079561	-0,038816035	-0,0054324791	-0,011266222	-0,0097050555
41837	380,24414	-3,927	-3,9202404	-0,038674474	-0,0054488629	-0,011361435	-0,0096251778
41837	380,74414	-3,927	-3,9552748	-0,038932264	-0,005366981	-0,011284161	-0,0097065233
41837	381,24414	-3,927	-3,8987286	-0,038851798	-0,0053406581	-0,011295356	-0,009599112
41837	381,74414	-3,927	-3,8920789	-0,038546324	-0,0054042041	-0,011156589	-0,0096670166
41837	382,24414	-3,927	-3,8817897	-0,038266182	-0,0054207668	-0,011174694	-0,009602271
41837	382,74414	-3,927	-3,9805808	-0,039458275	-0,0054013655	-0,011291096	-0,009663146
41837	383,24414	-3,927	-3,9399917	-0,038711727	-0,0054215938	-0,011210164	-0,0096058175
41837	383,74414	-3,927	-3,9687009	-0,03862083	-0,00532718	-0,011237325	-0,0095994622
41837	384,24414	-3,927	-3,9617364	-0,039081275	-0,0053142607	-0,011264432	-0,0096157342
41837	384,74414	-3,927	-3,9606597	-0,038675964	-0,0053123161	-0,011180036	-0,0096919239
41837	385,24414	-3,927	-3,9166994	-0,038659573	-0,0053537041	-0,011252755	-0,0096326321
41837	385,74414	-3,927	-3,9273276	-0,03887862	-0,0053130686	-0,011247354	-0,0096299574
41837	386,24414	-5,0467267	-4,916059	-0,043134391	-0,0055100098	-0,011557611	-0,01010057
41837	386,74414	-6,9967265	-6,279448	-0,048747659	-0,0057868138	-0,012244768	-0,010667469
41837	387,24414	-8,9467268	-9,0658836	-0,061242282	-0,006584242	-0,013499875	-0,011920843
41837	387,74414	-10,896727	-11,061794	-0,070226192	-0,0072789043	-0,014304921	-0,012800049
41837	388,24414	-12,846726	-12,98081	-0,076213479	-0,0079678595	-0,015149251	-0,01367794
41837	388,74414	-14,796727	-14,940964	-0,083486736	-0,0085934773	-0,016029732	-0,014483646
41837	389,24414	-16,746727	-16,884899	-0,089500844	-0,0092692971	-0,016851367	-0,015348423
41837	389,74414	-18,696728	-18,861958	-0,0962466	-0,0098943934	-0,017852906	-0,01624012
41837	390,24414	-20,646727	-20,75651	-0,10198206	-0,010626227	-0,018610176	-0,017022889
41837	390,74414	-22,596727	-22,724945	-0,10776967	-0,011331834	-0,019480217	-0,017912209
41837	391,24414	-24,546726	-24,677406	-0,11414289	-0,012130432	-0,020284507	-0,018821809
41837	391,74414	-26,496727	-26,568419	-0,1197502	-0,012788616	-0,021009065	-0,019535728
41837	392,24414	-28,446728	-28,554472	-0,1253739	-0,013556786	-0,021870531	-0,020427085
41837	392,74414	-30,396727	-30,471193	-0,13097674	-0,014220566	-0,022683155	-0,021252364
41837	393,24414	-32,346725	-32,44352	-0,13582706	-0,014968105	-0,023385942	-0,022121724
41837	393,74414	-34,296726	-34,410557	-0,14185309	-0,015679277	-0,024280794	-0,022953533
41837	394,24414	-36,246727	-36,311687	-0,14647394	-0,016394593	-0,024964496	-0,023724098
41837	394,74414	-38,196728	-38,272121	-0,15141219	-0,017142497	-0,025652915	-0,024597049
41837	395,24414	-40,146729	-40,195229	-0,15648007	-0,017768554	-0,026422303	-0,025366688
41837	395,74414	-42,096729	-42,187111	-0,1612097	-0,01844842	-0,027196739	-0,026210431
41837	396,24414	-44,046726	-44,120766	-0,16633868	-0,019220419	-0,02798219	-0,027042748
41837	396,74414	-45,996727	-46,089397	-0,17179102	-0,019903682	-0,02875923	-0,02784537
41837	397,24414	-47,946728	-48,051167	-0,17636567	-0,020623885	-0,029410262	-0,028740484
41837	397,74414	-49,896729	-49,91452	-0,18140525	-0,021352254	-0,030148212	-0,029467206
41837	398,24414	-51,846729	-51,914894	-0,18651932	-0,022033758	-0,030945707	-0,030315841
41837	398,74414	-53,796726	-53,835705	-0,19077212	-0,022676028	-0,031640716	-0,031069199
41837	399,24414	-55,746727	-55,812782	-0,19533783	-0,023383997	-0,03237446	-0,031935159
41837	399,74414	-57,696728	-57,767559	-0,20041019	-0,024064071	-0,033081099	-0,032648861
41837	400,24414	-59,646729	-59,688259	-0,20447224	-0,024640448	-0,033699874	-0,033441462
41837	400,74414	-61,596729	-61,718987	-0,20909905	-0,025495328	-0,034413092	-0,034314729
41837	401,24414	-63,546726	-63,644253	-0,21401346	-0,026105948	-0,035144269	-0,034969594
41837	401,74414	-65,496727	-65,628548	-0,21815151	-0,026764892	-0,035867378	-0,03581734
41837	402,24414	-67,446732	-67,565437	-0,2227515	-0,027476929	-0,03654062	-0,036582984
41837	402,74414	-69,396729	-69,451706	-0,22677034	-0,028072111	-0,037246466	-0,037314132
41837	403,24414	-71,346725	-71,487961	-0,23165941	-0,028779365	-0,037946954	-0,038183216
41837	403,74414	-73,29673	-73,333717	-0,23576468	-0,029435731	-0,038597062	-0,038845018
41837	404,24414	-75,246727	-75,30983	-0,2403602	-0,030153625	-0,039311435	-0,039650403
41837	404,74414	-77,196732	-77,2808	-0,24435967	-0,030766167	-0,040063001	-0,040332329
41837	405,24414	-79,146729	-79,199326	-0,24919659	-0,03139355	-0,040632993	-0,041123528
41837	405,74414	-81,096725	-81,259514	-0,25331527	-0,03207799	-0,041325469	-0,041953437
41837	406,24414	-83,04673	-83,109978	-0,25723279	-0,032749452	-0,041987084	-0,042642515
41837	406,74414	-84,996727	-85,087639	-0,26135743	-0,033404715	-0,042760834	-0,043428637
41837	407,24414	-86,946732	-87,064453	-0,2655983	-0,0340418	-0,043317422	-0,044171184
41837	407,74414	-88,896729	-88,973938	-0,27006716	-0,034638144	-0,043962535	-0,044881731
41837	408,24414	-90,846725	-90,93222	-0,27441531	-0,03530208	-0,044774219	-0,045700558
41837	408,74414	-92,79673	-92,874367	-0,27746558	-0,035928838	-0,045198429	-0,046330929
41837	409,24414	-94,746727	-94,75238	-0,2824232	-0,036545672	-0,04597858	-0,047119629
41837	409,74414	-96,696732	-96,702263	-0,28616488	-0,037151627	-0,046708114	-0,047742557
41837	410,24414	-98,646729	-98,704735	-0,29036105	-0,037828527	-0,047329064	-0,04854827
41837	410,74414	-100,59673	-100,63863	-0,29373616	-0,038404964	-0,047876704	-0,049280237
41837	411,24414	-102,54673	-102,59784	-0,29803365	-0,039003797	-0,04871903	-0,050001513
41837	411,74414	-104,49673	-104,55553	-0,30261427	-0,039615475	-0,049263239	-0,050741997
41837	412,24414	-106,44673	-106,48569	-0,30631721	-0,040224187	-0,049991615	-0,051439386
41837	412,74414	-108,39673	-108,44827	-0,30924231	-0,040802769	-0,050676137	-0,052198872
41837	413,24414	-110,34673	-110,37851	-0,31394958	-0,041436009	-0,051213712	-0,052915581
41837	413,74414	-112,29673	-112,35699	-0,31723827	-0,042091675	-0,051965319	-0,053599063
41837	414,24414	-114,24673	-114,28265	-0,32170862	-0,042657278	-0,052506953	-0,054299936
41837	414,74414	-116,19673	-116,29312	-0,32509863	-0,043311037	-0,053165518	-0,05511684
41837	415,24414	-118,14673	-118,20402	-0,32880008	-0,043907128	-0,053888224	-0,055662349
41837	415,74414	-120,09673	-120,16507	-0,33311844	-0,04457242	-0,054534756	-0,056431651
41837	416,24414	-122,04673	-122,09962	-0,33726394	-0,045060106	-0,055089794	-0,057113398
41837	416,74414	-123,99673	-124,07379	-0,34065843	-0,045708708	-0,055848941	-0,057886891
41837	417,24414	-125,94673	-126,02165	-0,34392774	-0,046261959	-0,05640962	-0,05861377
41837	417,74414	-127,89673	-127,96448	-0,34780651	-0,046864383	-0,057072528	-0,059241332
41837	418,24414	-129,84673	-129,92528	-0,35170019	-0,047473036	-0,057715721	-0,059952799
41837	418,74414	-131,79672	-131,83897	-0,35555661	-0,048133425	-0,0582629	-0,060602896
41837	419,24414	-133,74673	-133,80113	-0,35901666	-0,048685648	-0,059027635	-0,06134339
41837	419,74414	-135,69673	-135,73817	-0,36235899	-0,049171947	-0,059614532	-0,061974756
41837	420,24414	-137,64673	-137,71288	-0,36616027	-0,049736641	-0,060279362	-0,062693693
41837	420,74414	-139,59673	-139,67273	-0,36945492	-0,050444849	-0,060919695	-0,06338603
41837	421,24414	-141,54672	-141,58206	-0,37305206	-0,05090221	-0,061480612	-0,064039677
41837	421,74414	-143,49673	-143,57933	-0,3772378	-0,051514201	-0,062145323	-0,064765662
41837	422,24414	-145,44673	-145,48671	-0,38024634	-0,052178927	-0,062840693	-0,06541574
41837	422,74414	-147,39673	-147,47881	-0,38367659	-0,052667774	-0,063408375	-0,066127628
41837	423,24414	-149,34673	-149,43475	-0,38756132	-0,053328477	-0,064065374	-0,066839941
41837	423,74414	-151,29674	-151,3205	-0,39107502	-0,053885736	-0,06465143	-0,067355841
41837	424,24414	-153,24673	-153,30203	-0,39495081	-0,054497696	-0,065256819	-0,068102747
41837	424,74414	-155,19673	-155,25058	-0,39811283	-0,055045687	-0,065944515	-0,068735212
41837	425,24414	-157,14673	-157,23131	-0,40153414	-0,055601172	-0,066548027	-0,069473304
41837	425,74414	-159,09673	-159,18571	-0,40578097	-0,056280009	-0,067221016	-0,070149273
41837	426,24414	-161,04674	-161,09044	-0,40883869	-0,056725837	-0,067935131	-0,070727743
41837	426,74414	-162,99673	-163,036	-0,41246861	-0,057265215	-0,06836769	-0,071474262
41837	427,24414	-164,94673	-164,99728	-0,41545331	-0,057851158	-0,069035701	-0,072099879
41837	427,74414	-166,89673	-166,91927	-0,41884035	-0,058382221	-0,069632165	-0,072789013
41837	428,24414	-168,84673	-168,94574	-0,4224956	-0,059016682	-0,070215978	-0,073452152
41837	428,74414	-170,79674	-170,88483	-0,42560399	-0,059511207	-0,070882156	-0,074047767
41837	429,24414	-172,74673	-172,80843	-0,42909831	-0,060159691	-0,071509652	-0,074793324
41837	429,74414	-174,69673	-174,75366	-0,43252558	-0,060628392	-0,072209656	-0,075406276
41837	430,24414	-176,64673	-176,69154	-0,43586046	-0,061252005	-0,072798632	-0,076090664
41837	430,74414	-178,59673	-178,63168	-0,43949336	-0,061820649	-0,073322311	-0,076690175
41837	431,24414	-180,54674	-180,60887	-0,44286996	-0,062298991	-0,073957659	-0,077425942
41837	431,74414	-182,49673	-182,54042	-0,44622272	-0,062875472	-0,074589036	-0,078017697
41837	432,24414	-184,44673	-184,48943	-0,44953227	-0,063552104	-0,075108618	-0,078632325
41837	432,74414	-186,39673	-186,47112	-0,45269728	-0,064027928	-0,075815201	-0,079322129
41837	433,24414	-188,34673	-188,39532	-0,45606643	-0,064575993	-0,076498203	-0,079995587
41837	433,74414	-190,29674	-190,37077	-0,45981705	-0,065067567	-0,077019393	-0,080688015
41837	434,24414	-192,24673	-192,29462	-0,46298057	-0,065653376	-0,077681825	-0,081396431
41837	434,74414	-194,19673	-194,24467	-0,46607703	-0,066207059	-0,078232691	-0,082006335
41837	435,24414	-196,14673	-196,18576	-0,46924204	-0,066833548	-0,078804538	-0,08263132
41837	435,74414	-198,09673	-198,20418	-0,47301054	-0,067433678	-0,079480506	-0,083335534
41837	436,24414	-200,04674	-200,10542	-0,47595948	-0,067864753	-0,080150977	-0,083907276
41837	436,74414	-201,99673	-202,02888	-0,47924966	-0,068435378	-0,080622017	-0,084568486
41837	437,24414	-203,94673	-204,01683	-0,48241764	-0,06893038	-0,081252903	-0,085156739
41837	437,74414	-205,89673	-205,93227	-0,48611015	-0,069556437	-0,08184211	-0,085858122
41837	438,24414	-207,84673	-207,88022	-0,48988461	-0,069993593	-0,082503043	-0,086502865
41837	438,74414	-209,79674	-209,88469	-0,4924342	-0,070624389	-0,083139881	-0,087144271
41837	439,24414	-211,74673	-211,82248	-0,4958421	-0,071192242	-0,083692685	-0,087819681
41837	439,74414	-213,69673	-213,75073	-0,49884766	-0,071727492	-0,084227942	-0,088409498
41837	440,24414	-215,64673	-215,68726	-0,50218552	-0,072230972	-0,08487355	-0,089068018
41837	440,74414	-217,59673	-217,68443	-0,50534606	-0,072720923	-0,085415863	-0,08976391
41837	441,24414	-219,54674	-219,54637	-0,50899386	-0,07334543	-0,08612527	-0,090304047
41837	441,74414	-221,49673	-221,56526	-0,51287562	-0,073903613	-0,086692348	-0,091024712
41837	442,24414	-223,44673	-223,53279	-0,51524192	-0,0744408	-0,087274432	-0,091624334
41837	442,74414	-225,39673	-225,48596	-0,5185619	-0,074988596	-0,087873779	-0,092299193
41837	443,24414	-227,34673	-227,40105	-0,52193403	-0,075504921	-0,088414378	-0,092940353
41837	443,74414	-229,29674	-229,368	-0,52549243	-0,075971328	-0,088978402	-0,093521327
41837	444,24414	-231,24673	-231,3326	-0,52885711	-0,076644786	-0,08961156	-0,094220527
41837	444,74414	-233,19673	-233,23055	-0,53216815	-0,077110924	-0,090241335	-0,094777033
41837	445,24414	-235,14673	-235,17758	-0,53442717	-0,077685617	-0,090889417	-0,095466278
41837	445,74414	-237,09673	-237,20345	-0,53775907	-0,07824602	-0,091483511	-0,096107706
41837	446,24414	-239,04674	-239,10216	-0,54126084	-0,07873898	-0,092020608	-0,096679136
41837	446,74414	-240,99673	-241,07922	-0,54477006	-0,079306491	-0,09261591	-0,097385526
41837	447,24414	-242,94673	-242,97453	-0,54791123	-0,079781078	-0,093232989	-0,097888947
41837	447,74414	-244,89673	-244,98318	-0,55075884	-0,080430813	-0,093829975	-0,098644584
41837	448,24414	-246,84673	-246,8965	-0,55409968	-0,080914639	-0,094413668	-0,099258348
41837	448,74414	-248,79674	-248,81718	-0,55716038	-0,081463151	-0,095013797	-0,099829435
41837	449,24414	-250,74673	-250,83559	-0,56046695	-0,081986658	-0,095566019	-0,10052993
41837	449,74414	-252,69673	-252,72821	-0,56375116	-0,082515724	-0,096233055	-0,10106213
41837	450,24414	-254,64673	-254,71175	-0,56630075	-0,083104961	-0,096724838	-0,10176718
41837	450,74414	-256,59674	-256,61426	-0,56953877	-0,083633743	-0,097386591	-0,10235345
41837	451,24414	-258,54672	-258,60321	-0,57291538	-0,084193029	-0,098022342	-0,10300694
41837	451,74414	-260,49673	-260,51779	-0,57624578	-0,084729083	-0,098516248	-0,10363267
41837	452,24414	-262,44675	-262,5072	-0,5791828	-0,085253067	-0,099236876	-0,10435738
41837	452,74414	-264,39673	-264,48154	-0,5830273	-0,08581429	-0,099862479	-0,1048985
41837	453,24414	-266,34674	-266,40051	-0,58562607	-0,086355381	-0,1004465	-0,10558113
41837	453,74414	-268,29672	-268,40509	-0,58921278	-0,086908169	-0,10109189	-0,10628065
41837	454,24414	-270,24673	-270,28522	-0,59171766	-0,087442346	-0,1015575	-0,10682015
41837	454,74414	-272,19675	-272,28421	-0,59510916	-0,087963723	-0,10222809	-0,10746576
41837	455,24414	-274,14673	-274,189	-0,59824586	-0,088553675	-0,10292694	-0,10813473
41837	455,74414	-276,09674	-276,15765	-0,60209036	-0,08915142	-0,10348221	-0,10880285
41837	456,24414	-278,04672	-278,12256	-0,60564429	-0,089636065	-0,10417894	-0,1094894
41837	456,74414	-279	-279,06769	-0,6074518	-0,089928903	-0,104472	-0,10979999
41837	457,24414	-279	-279,05716	-0,60741156	-0,09002886	-0,10450598	-0,1099153
41837	457,74414	-279	-279,03268	-0,60748905	-0,090008534	-0,10465864	-0,11000873
41837	458,24414	-279	-279,03134	-0,6076172	-0,090148933	-0,10476307	-0,11010903
41837	458,74414	-279	-279,02222	-0,60751289	-0,090152062	-0,10471673	-0,1101606
41837	459,24414	-279	-279,02905	-0,60791224	-0,090238906	-0,10481898	-0,11012664
41837	459,74414	-279	-279,02002	-0,60813129	-0,090194575	-0,10489843	-0,11021931
41837	460,24414	-279	-279,01334	-0,60836524	-0,090263627	-0,10484634	-0,11028201
41837	460,74414	-279	-279,01639	-0,60878545	-0,090255328	-0,10493754	-0,11027771
41837	461,24414	-279	-279,01312	-0,60856491	-0,090296142	-0,1050577	-0,11031395
41837	461,74414	-279	-278,98141	-0,60860366	-0,090339847	-0,10503482	-0,11028441
41837	462,24414	-279	-279,00989	-0,60900599	-0,090392806	-0,10500175	-0,1103374
41837	462,74414	-279	-279,02258	-0,60861558	-0,09045846	-0,10513654	-0,11041129
41837	463,24414	-279	-278,97818	-0,60867518	-0,090375714	-0,10505171	-0,11038195
41837	463,74414	-279	-278,98563	-0,60857534	-0,090494551	-0,10513169	-0,11046851
41837	464,24414	-279	-278,99341	-0,60939789	-0,09040805	-0,10516476	-0,11044642
41837	464,74414	-279	-278,98929	-0,60927421	-0,090453692	-0,10516375	-0,11051188
41837	465,24414	-279	-278,99954	-0,60887188	-0,090511285	-0,1053467	-0,11059258
41837	465,74414	-279	-278,99625	-0,60910434	-0,090528853	-0,10519228	-0,11056673
41837	466,24414	-279	-279,02722	-0,609532	-0,090556182	-0,10526885	-0,11058535
41837	466,74414	-279	-278,99255	-0,60950518	-0,090563871	-0,1053087	-0,11061217
41837	467,24414	-279	-279,00711	-0,61001778	-0,090548687	-0,10524026	-0,11066898
41837	467,74414	-279	-279,01447	-0,61010122	-0,090581663	-0,10543521	-0,11072157
41837	468,24414	-279	-278,99225	-0,60995221	-0,090615682	-0,10540009	-0,11065048
41837	468,74414	-279	-278,98483	-0,60927868	-0,090658925	-0,1053828	-0,11070735
41837	469,24414	-279	-279,00272	-0,60942173	-0,090684123	-0,1054619	-0,11071847
41837	469,74414	-279	-278,97916	-0,61003715	-0,090718888	-0,10538968	-0,11073092
41837	470,24414	-279	-279,01993	-0,6095618	-0,09064699	-0,10549369	-0,11085739
41837	470,74414	-279	-278,98224	-0,60968846	-0,090607531	-0,10547878	-0,11075401
41837	471,24414	-279	-279,01077	-0,60961097	-0,090700991	-0,10562734	-0,110847
41837	471,74414	-279	-278,99722	-0,61038136	-0,090693213	-0,10553461	-0,11082473
41837	472,24414	-279	-278,98145	-0,60996562	-0,090757109	-0,10556314	-0,11086343
41837	472,74414	-279	-279,02844	-0,61004907	-0,090741657	-0,10564016	-0,11089646
41837	473,24414	-279	-278,98535	-0,61037391	-0,090774514	-0,10560366	-0,11085948
41837	473,74414	-279	-278,98083	-0,61029643	-0,090770982	-0,10573506	-0,11093131
41837	474,24414	-279	-278,99985	-0,6104365	-0,090881415	-0,1056048	-0,11091827
41837	474,74414	-279	-278,96829	-0,61032176	-0,090773217	-0,10564791	-0,11090702
41837	475,24414	-279	-279,01831	-0,6100148	-0,090791993	-0,10569806	-0,11096634
41837	475,74414	-279	-278,99905	-0,60999542	-0,090831779	-0,10570525	-0,11097108
41837	476,24414	-279	-278,98694	-0,610286	-0,09079393	-0,10573266	-0,11099073
41837	476,74414	-279	-279,03714	-0,60984194	-0,090906762	-0,1057355	-0,11108728
41837	477,24414	-279	-278,98413	-0,61108917	-0,09084437	-0,10564151	-0,11099918
41837	477,74414	-279	-279,01941	-0,61047971	-0,090842642	-0,10574927	-0,11108749
41837	478,24414	-279	-279,01791	-0,61088502	-0,090884052	-0,10585482	-0,11105865
41837	478,74414	-279	-278,98328	-0,61073005	-0,090914883	-0,10579193	-0,11103448
41837	479,24414	-279	-279,01706	-0,61040074	-0,090920798	-0,10582692	-0,11109671
41837	479,74414	-279	-278,99329	-0,61094612	-0,090941586	-0,10576682	-0,11107983
41837	480,24414	-279	-278,98727	-0,61055124	-0,090933092	-0,10580178	-0,1111825
41837	480,74414	-279	-279,00739	-0,61166883	-0,090965204	-0,10589192	-0,11114758
41837	481,24414	-279	-278,99966	-0,61046779	-0,090933077	-0,10583248	-0,11112043
41837	481,74414	-279	-279,02448	-0,61056465	-0,090980731	-0,10595835	-0,1112067
41837	482,24414	-279	-278,96915	-0,61053187	-0,090963803	-0,10584388	-0,11111215
41837	482,74414	-279	-279,00201	-0,61054826	-0,091014244	-0,10589004	-0,11113451
41837	483,24414	-279	-279,02185	-0,61064065	-0,091012664	-0,10587176	-0,11120742
41837	483,74414	-279	-278,9826	-0,61089098	-0,091079287	-0,10596946	-0,11119509
41837	484,24414	-279	-279,02847	-0,61099976	-0,091111504	-0,10593726	-0,11131039
41837	484,74414	-279	-278,96146	-0,61108917	-0,091079108	-0,10589413	-0,11121263
41837	485,24414	-279	-278,99185	-0,6113112	-0,091070287	-0,10592864	-0,11121778
41837	485,74414	-279	-279,02649	-0,61137974	-0,091082744	-0,10594882	-0,11128007
41837	486,24414	-279	-278,98691	-0,61166435	-0,091143496	-0,10594625	-0,11122398
41837	486,74414	-277,75977	-277,80038	-0,60975701	-0,090850331	-0,1056936	-0,110921
41837	487,24414	-275,25977	-275,19827	-0,60560703	-0,09022636	-0,10493014	-0,11026396
41837	487,74414	-272,75977	-272,71014	-0,60187727	-0,089624472	-0,10439924	-0,10956384
41837	488,24414	-270,25977	-270,19638	-0,59796423	-0,089005999	-0,10365847	-0,10890612
41837	488,74414	-267,75977	-267,64255	-0,59436709	-0,088343583	-0,10294721	-0,10810046
41837	489,24414	-265,25977	-265,13843	-0,59083551	-0,087766357	-0,10244744	-0,10737228
41837	489,74414	-262,75977	-262,68256	-0,5873099	-0,087135293	-0,10167884	-0,10670969
41837	490,24414	-260,25977	-260,1326	-0,58313012	-0,08654473	-0,10098542	-0,10596065
41837	490,74414	-257,75977	-257,65305	-0,57972372	-0,085952215	-0,10039177	-0,10528628
41837	491,24414	-255,25977	-255,11174	-0,57610869	-0,085286327	-0,099583127	-0,10446403
41837	491,74414	-252,75977	-252,66582	-0,57235956	-0,084629767	-0,098945335	-0,1038754
41837	492,24414	-250,25977	-250,13521	-0,56888312	-0,084035449	-0,098298229	-0,10305396
41837	492,74414	-247,75977	-247,65874	-0,56481659	-0,083387591	-0,097617038	-0,10241009
41837	493,24414	-245,25977	-245,20569	-0,56067854	-0,08274857	-0,096944153	-0,1016447
41837	493,74414	-242,75977	-242,67609	-0,55660307	-0,082113408	-0,096288659	-0,10095748
41837	494,24414	-240,25977	-240,18007	-0,55322349	-0,081506304	-0,09558896	-0,10024343
41837	494,74414	-237,75977	-237,63844	-0,54924041	-0,080887504	-0,094906814	-0,099434838
41837	495,24414	-235,25977	-235,13928	-0,54560155	-0,080255978	-0,094248809	-0,098732203
41837	495,74414	-232,75977	-232,66481	-0,54180175	-0,079602532	-0,093626581	-0,098008379
41837	496,24414	-230,25977	-230,13365	-0,53765476	-0,078966968	-0,092877626	-0,097244993
41837	496,74414	-227,75977	-227,72847	-0,53402334	-0,078352802	-0,092182703	-0,096588776
41837	497,24414	-225,25977	-225,10522	-0,52984506	-0,07758034	-0,091456667	-0,095749423
41837	497,74414	-222,75977	-222,66045	-0,52612275	-0,07707756	-0,090818495	-0,095049098
41837	498,24414	-220,25977	-220,12814	-0,52278489	-0,076340355	-0,090078592	-0,094251782
41837	498,74414	-217,75977	-217,6582	-0,51882863	-0,075794823	-0,089487448	-0,093556948
41837	499,24414	-215,25977	-215,16162	-0,51516593	-0,075066797	-0,088701971	-0,092793912
41837	499,74414	-212,75977	-212,64291	-0,51075369	-0,074408002	-0,088000983	-0,092066526
41837	500,24414	-210,25977	-210,16969	-0,50671697	-0,07375624	-0,087418541	-0,091338441
41837	500,74414	-207,75977	-207,63356	-0,50312579	-0,073141865	-0,086585216	-0,090486795
41837	501,24414	-205,25977	-205,1629	-0,49892217	-0,072506286	-0,085986294	-0,08978682
41837	501,74414	-202,75977	-202,63235	-0,49472153	-0,071819566	-0,08509627	-0,08897543
41837	502,24414	-200,25977	-200,14401	-0,49096793	-0,071161129	-0,084494181	-0,088258363
41837	502,74414	-197,75977	-197,63571	-0,48628896	-0,070428409	-0,083786696	-0,0874281
41837	503,24414	-195,25977	-195,15009	-0,48266351	-0,06986361	-0,08302705	-0,086710505
41837	503,74414	-192,75977	-192,67986	-0,47860295	-0,06916333	-0,082362331	-0,086000554
41837	504,24414	-190,25977	-190,13588	-0,47496408	-0,068525828	-0,081625879	-0,085188612
41837	504,74414	-187,75977	-187,67072	-0,4704237	-0,067850642	-0,080875024	-0,084483847
41837	505,24414	-185,25977	-185,12569	-0,46653152	-0,067163967	-0,080180116	-0,08361005
41837	505,74414	-182,75977	-182,61816	-0,46265125	-0,066445567	-0,079509348	-0,082913369
41837	506,24414	-180,25977	-180,14201	-0,45822859	-0,065825529	-0,078756005	-0,082068227
41837	506,74414	-177,75977	-177,6969	-0,4539296	-0,06514255	-0,077990025	-0,08133027
41837	507,24414	-175,25977	-175,15994	-0,45088977	-0,064502098	-0,077268071	-0,080423914
41837	507,74414	-172,75977	-172,66995	-0,44600666	-0,063819863	-0,076526254	-0,079678118
41837	508,24414	-170,25977	-170,14659	-0,44187456	-0,063092433	-0,075747535	-0,078888148
41837	508,74414	-167,75977	-167,64424	-0,43760538	-0,062449671	-0,074961856	-0,078092359
41837	509,24414	-165,25977	-165,1837	-0,43393224	-0,061754845	-0,074273735	-0,077358931
41837	509,74414	-162,75977	-162,66019	-0,42923391	-0,061072223	-0,073493667	-0,076505952
41837	510,24414	-160,25977	-160,18962	-0,42512864	-0,060311265	-0,072707109	-0,075722441
41837	510,74414	-157,75977	-157,66342	-0,42098761	-0,059596829	-0,071999028	-0,074861988
41837	511,24414	-155,25977	-155,14355	-0,41651726	-0,058998786	-0,071371965	-0,074129827
41837	511,74414	-152,75977	-152,66762	-0,41212589	-0,058254264	-0,070483603	-0,073248915
41837	512,24414	-150,25977	-150,17946	-0,40774494	-0,057537965	-0,069775611	-0,072475843
41837	512,74414	-147,75977	-147,69595	-0,40379912	-0,056846254	-0,069041371	-0,071573332
41837	513,24414	-145,25977	-145,16469	-0,39957613	-0,056135736	-0,068288468	-0,07084918
41837	513,74414	-142,75977	-142,66069	-0,39493889	-0,055403538	-0,067491077	-0,069997936
41837	514,24414	-140,25977	-140,1871	-0,39053559	-0,054723762	-0,066668049	-0,069062412
41837	514,74414	-137,75977	-137,7278	-0,38633645	-0,054027073	-0,065981381	-0,068375647
41837	515,24414	-135,25977	-135,15288	-0,38170218	-0,053193472	-0,065208271	-0,067394584
41837	515,74414	-132,75977	-132,7072	-0,37709922	-0,052589975	-0,064407557	-0,066664867
41837	516,24414	-130,25977	-130,18236	-0,37227571	-0,05183924	-0,063574195	-0,065784231
41837	516,74414	-127,75977	-127,74158	-0,36808699	-0,051062979	-0,062896237	-0,064902909
41837	517,24414	-125,25977	-125,20128	-0,36379844	-0,050406016	-0,061951771	-0,064051472
41837	517,74414	-122,75977	-122,63154	-0,35944581	-0,049539812	-0,061260067	-0,063108236
41837	518,24414	-120,25977	-120,19871	-0,35457015	-0,048888676	-0,060310252	-0,062318575
41837	518,74414	-117,75977	-117,63014	-0,34932941	-0,047979616	-0,059645213	-0,061462864
41837	519,24414	-115,25977	-115,17044	-0,34491271	-0,047305129	-0,058962375	-0,060593873
41837	519,74414	-112,75977	-112,72774	-0,340949	-0,046492271	-0,057988964	-0,059736751
41837	520,24414	-110,25977	-110,20232	-0,33472478	-0,045746334	-0,057335757	-0,058852185
41837	520,74414	-107,75977	-107,7188	-0,33064038	-0,044968687	-0,056573234	-0,057997443
41837	521,24414	-105,25977	-105,19746	-0,32579452	-0,044151805	-0,055636734	-0,057009865
41837	521,74414	-102,75977	-102,6194	-0,3208071	-0,043353088	-0,054873176	-0,05615833
41837	522,24414	-100,25977	-100,08179	-0,31530261	-0,042570226	-0,054019868	-0,055134501
41837	522,74414	-97,759766	-97,629227	-0,3105998	-0,041769572	-0,053136095	-0,054335076
41837	523,24414	-95,259766	-95,149284	-0,30559748	-0,040970154	-0,052408069	-0,053376403
41837	523,74414	-92,759766	-92,642319	-0,30043125	-0,040120386	-0,051557124	-0,052404303
41837	524,24414	-90,259766	-90,18689	-0,29505193	-0,03922499	-0,050710492	-0,05157588
41837	524,74414	-87,759766	-87,65934	-0,28966963	-0,038441353	-0,049964406	-0,05053911
41837	525,24414	-85,259766	-85,238426	-0,28511584	-0,037682153	-0,049104273	-0,049670756
41837	525,74414	-82,759766	-82,623619	-0,27974546	-0,03665594	-0,048279133	-0,048619308
41837	526,24414	-80,259766	-80,184174	-0,27412772	-0,035886906	-0,047475539	-0,04773514
41837	526,74414	-77,759766	-77,605721	-0,26875436	-0,034981079	-0,046548098	-0,046705551
41837	527,24414	-75,259766	-75,243172	-0,263533	-0,034166612	-0,045807309	-0,045823656
41837	527,74414	-72,759766	-72,771324	-0,25770217	-0,033257715	-0,044859901	-0,044757865
41837	528,24414	-70,259766	-70,204735	-0,25141537	-0,032375462	-0,044088043	-0,04386143
41837	528,74414	-67,759766	-67,757698	-0,24610311	-0,031545155	-0,043186799	-0,042755276
41837	529,24414	-65,259766	-65,175278	-0,23994148	-0,030620135	-0,042287219	-0,04179997
41837	529,74414	-62,759766	-62,740902	-0,23470074	-0,029659785	-0,041415472	-0,040882118
41837	530,24414	-60,259766	-60,166832	-0,22837073	-0,028697856	-0,040438376	-0,039692611
41837	530,74414	-57,759766	-57,68977	-0,2226606	-0,027788438	-0,039536983	-0,038752291
41837	531,24414	-55,259766	-55,210178	-0,21695495	-0,026881374	-0,038655579	-0,037679031
41837	531,74414	-52,759766	-52,750774	-0,21072626	-0,02591873	-0,037777863	-0,036654904
41837	532,24414	-50,259766	-50,19474	-0,20459741	-0,024982043	-0,036791451	-0,035642192
41837	532,74414	-47,759766	-47,68079	-0,19688904	-0,02403561	-0,035836868	-0,034419872
41837	533,24414	-45,259766	-45,190388	-0,19004047	-0,023058884	-0,034847438	-0,033369657
41837	533,74414	-42,759766	-42,713646	-0,18433779	-0,022043295	-0,033888813	-0,032337494
41837	534,24414	-40,259766	-40,195747	-0,17668754	-0,02109281	-0,032952882	-0,031144692
41837	534,74414	-37,759766	-37,715008	-0,17106086	-0,020072319	-0,031829543	-0,029989695
41837	535,24414	-35,259766	-35,180447	-0,16380697	-0,019031964	-0,030845039	-0,028789008
41837	535,74414	-32,759766	-32,743565	-0,15591085	-0,0179924	-0,029759303	-0,027622953
41837	536,24414	-30,259766	-30,238871	-0,14863759	-0,016945042	-0,028573792	-0,02646351
41837	536,74414	-27,759766	-27,691624	-0,1412943	-0,015959673	-0,027543303	-0,025250481
41837	537,24414	-25,259766	-25,202826	-0,13407767	-0,014808223	-0,026305851	-0,024094503
41837	537,74414	-22,759766	-22,678146	-0,12556762	-0,013799608	-0,025159784	-0,022694338
41837	538,24414	-20,259766	-20,183416	-0,11719614	-0,012763828	-0,023878381	-0,021528307
41837	538,74414	-17,759766	-17,68302	-0,10868609	-0,011684328	-0,022523727	-0,020201232
41837	539,24414	-15,259766	-15,256934	-0,099597871	-0,010692783	-0,021281816	-0,018884216
41837	539,74414	-12,759766	-12,718867	-0,089918077	-0,0097494274	-0,019765127	-0,017454032
41837	540,24414	-10,259766	-10,25226	-0,078672171	-0,0087802708	-0,018126694	-0,016012385
41837	540,74414	-7,7597656	-7,7701788	-0,067061186	-0,0078785121	-0,016380871	-0,014544938
41837	541,24414	-5,2597656	-5,2558312	-0,0532493	-0,006976217	-0,01452077	-0,012846559
41837	541,74414	-3,927	-3,9617531	-0,043217838	-0,0065319613	-0,013259877	-0,011830829
41837	542,24414	-3,927	-4,0013099	-0,043663383	-0,0064317882	-0,013206035	-0,011712406
41837	542,74414	-3,927	-3,8885288	-0,042562187	-0,0063108727	-0,013004409	-0,011587024
41837	543,24414	-3,927	-3,7603695	-0,040823221	-0,0062825233	-0,012928644	-0,011417106
41837	543,74414	-3,927	-3,7755239	-0,041367114	-0,0062449723	-0,012919854	-0,011393111
41837	544,24414	-3,927	-3,826026	-0,041355193	-0,0062775686	-0,012804527	-0,011329759
41837	544,74414	-3,927	-3,8528628	-0,041763484	-0,0062658042	-0,01284492	-0,011323649
41837	545,24414	-3,927	-3,8694274	-0,041113794	-0,006181553	-0,012800984	-0,011296965
41837	545,74414	-3,927	-3,8881321	-0,041431189	-0,0061223805	-0,012802787	-0,011301532
41837	546,24414	-3,927	-3,9334614	-0,042057037	-0,0061459392	-0,012760861	-0,011335585
41837	546,74414	-3,927	-3,9454215	-0,042332709	-0,0060233697	-0,012591736	-0,011222716
41837	547,24414	-3,927	-3,9667432	-0,042045116	-0,006126523	-0,012616098	-0,011282638
41837	547,74414	-3,927	-3,9578583	-0,040863454	-0,006117478	-0,012678171	-0,011205632
41837	548,24414	-3,927	-3,965879	-0,041477382	-0,0060410276	-0,012566932	-0,011204973
41837	548,74414	-3,927	-3,9243157	-0,040988624	-0,0060201138	-0,012659661	-0,011173762
41837	549,24414	-3,927	-3,876323	-0,041085482	-0,0060382262	-0,012602709	-0,011137374
41837	549,74414	-3,927	-3,923552	-0,040462613	-0,0060435161	-0,012594515	-0,011132706
41837	550,24414	-3,927	-3,9149616	-0,040911138	-0,0059928894	-0,012438372	-0,011076447
41837	550,74414	-3,927	-3,9428399	-0,041121244	-0,0059982613	-0,012420535	-0,011092007
41837	551,24414	-3,927	-3,8998575	-0,04041642	-0,0058737844	-0,0124809	-0,01102319
41837	551,74414	-3,927	-3,9312785	-0,041013956	-0,0059046745	-0,012564786	-0,011054598
41837	552,24414	-3,927	-3,9093177	-0,040745735	-0,0058947355	-0,012445306	-0,011059362
41837	552,74414	-3,927	-3,91482	-0,040695071	-0,0059316009	-0,012506243	-0,011052623
41837	553,24414	-3,927	-3,9581285	-0,040695071	-0,0059236139	-0,012563011	-0,011114392
41837	553,74414	-3,927	-3,9138961	-0,040142238	-0,0059031621	-0,012398049	-0,011029195
41837	554,24414	-3,927	-3,970921	-0,040957332	-0,0058928803	-0,012506887	-0,011099823
41837	554,74414	-3,927	-3,8966722	-0,039702654	-0,0058235899	-0,012562232	-0,01093623
41837	555,24414	-3,927	-3,9548035	-0,03990531	-0,0058324561	1,642989	-0,011077825
41837	555,74414	-3,927	-3,9151814	-0,039973855	-0,0058706403	-2,2219322	-0,01096838
41837	556,24414	-3,927	-3,9292686	-0,040073693	-0,0058257356	0,61995316	-0,010997746
41837	556,74414	-3,927	-3,8574469	-0,039890409	-0,0058478415	0,79770011	-0,010901473
41837	557,24414	-3,927	-3,9209669	-0,040118396	-0,0058716014	0,73340213	-0,010958213
41837	557,74414	-3,927	-3,8974304	-0,040623546	-0,0057840049	0,20502451	-0,010881301
41837	558,24414	-3,927	-3,895443	-0,03952384	-0,0058091581	-0,023208745	-0,010902386
41837	558,74414	-3,927	-3,9391966	-0,040373206	-0,0058227032	-0,043488469	-0,010872353
41837	559,24414	-3,927	-3,8985424	-0,039590895	-0,0057674497	-0,039435409	-0,010906424
41837	559,74414	-3,927	-3,9336233	-0,040155649	-0,00579983	-0,039116994	-0,010913081
41837	560,24414	-3,927	-3,8846898	-0,039413571	-0,0057298616	-0,037620783	-0,010895334
41837	560,74414	-3,927	-3,9432905	-0,03926903	-0,0057899952	-0,038313087	-0,010895472
41837	561,24414	-3,927	-3,8906336	-0,039677322	-0,0057645962	-0,038329791	-0,010827661
41837	561,74414	-3,927	-3,9680264	-0,040538609	-0,0056756139	-0,038294967	-0,010858089
41837	562,24414	-3,927	-3,9650519	-0,040487945	-0,01221393	-0,038273145	-0,010843761
41837	562,74414	-3,927	-3,9360263	-0,03951937	0,79573214	-0,038335267	-0,010842737
41837	563,24414	-3,927	-3,9532557	-0,039917231	1,0608075	-0,03828349	-0,010857753
41837	563,74414	-3,927	-3,9214454	-0,03991574	0,83800703	-0,03831334	-0,010768775
41837	564,24414	-3,927	-3,9021802	-0,039824843	1,158471	-0,038383432	-0,010855973
41837	564,74414	-3,927	-3,9119573	-0,039681792	1,8308508	-0,038254377	-0,010785785
41837	565,24414	-3,927	-3,9105752	-0,039727986	1,8021004	-0,038298819	-2,5366886
41837	565,74414	-3,927	-3,9408226	-0,039814413	1,7951694	-0,038232867	0,29418868
41837	566,24414	-3,927	-3,9056242	-0,039364398	1,783084	-0,038219813	0,74039954
41837	566,74414	-3,927	-3,9011185	-0,039727986	1,769073	-0,038298141	0,80897379
41837	567,24414	-3,927	-3,9556007	-0,039544702	1,7469747	-0,038239986	0,78175163
41837	567,74414	-3,927	-3,9108732	-0,039605796	1,7201296	-0,038232706	0,76758671
41837	568,24414	-3,927	-3,9221737	-0,039416552	1,699156	-0,038251251	0,79770428
41837	568,74414	-3,927	-3,9387476	-0,039079785	1,6732687	-0,03817324	0,77343959
41837	569,24414	-3,927	-3,9120092	-0,039595366	1,6712754	-0,03815819	1,7198104
41837	569,74414	-3,927	-3,9325171	-0,03927052	1,6700455	-0,038322367	1,5483956
41837	570,24414	-3,927	-3,9027855	-0,039355457	1,6690228	-0,038208529	1,4472364
41837	570,74414	-3,927	-3,9004385	-0,039172173	1,6679311	-0,038287073	0,42618871
41837	571,24414	-3,927	-3,9256289	-0,039249659	1,6668248	-0,03812547	0,41266847
41837	571,74414	-3,927	-3,9069374	-0,039185584	1,6657549	-0,038216878	-0,026655374
41837	572,24414	-3,927	-3,9284508	-0,039565563	1,6646463	-0,038141515	-0,025041634
41837	572,74414	-3,927	-3,9311965	-0,039210916	1,6637568	-0,038135327	-0,024205986
41837	573,24414	-3,927	-3,9413424	-0,038392842	1,6623574	-0,038128391	-0,027970999
41837	573,74414	-3,927	-3,8913825	-0,039549172	1,6610763	-0,038137875	-0,023468968

Datenerfassung						Zeit:	581,13477	s	17.07.2014 12:10:21
Datum	Laufzeit	Ch 1 Kraft Sollwert	Ch 1 Kraft	Ch 1 Weg	1944 B	1281068	2157
d	s	kN	kN	mm	mm	mm	mm
41837	574,24414	-3,927	-3,9434526	-0,038981438	1,6605473	-0,038168889	-0,02309775
41837	574,74414	-3,927	-3,8929601	-0,039187074	1,6598892	-0,038203973	-0,023146007
41837	575,24414	-3,927	-3,9210637	-0,039122999	1,6594169	-0,038186617	-0,023226492
41837	575,74414	-3,927	-3,9064829	-0,039470196	1,6588445	-0,038123861	-0,02323018
41837	576,24414	-3,927	-3,9317272	-0,040027499	1,6571006	-0,038195055	-0,02329227
41837	576,74414	-3,927	-3,9487145	-0,038984418	1,6545984	-0,038022809	-0,023223072
41837	577,24414	-3,927	-3,9452929	-0,039188564	1,6527914	-0,038217094	-0,023237579
41837	577,74414	-3,927	-3,9210095	-0,038604438	1,6519649	-0,03813855	-0,023259498
41837	578,24414	-3,927	-3,9316583	-0,039194524	1,6511385	-0,038085122	-0,023205329
41837	578,74414	-3,927	-3,9612167	-0,038999319	1,650353	-0,038159251	-0,023289535
41837	579,24414	-3,927	-3,9278417	-0,039364398	1,6494334	-0,038038157	-0,023218237
41837	579,74414	-3,927	-3,8741865	-0,038073957	1,6488755	-0,038167659	-0,023248155
41837	580,24414	-3,927	-3,8804021	-0,038155913	1,6484315	-0,038167946	-0,023174863
41837	580,74414	0	0,071238726	0,078171492	1,6477363	-0,03812528	-0,023211438

Datenerfassung						Zeit:	581,14453	s	17.07.2014 12:10:21
Ch 1 Kraft	Ch 1 W2TK Mittel	1944 A	1944 B	1281068
kN	mm	mm	mm	mm
0,11163764	2,0351043	0,0044745798	2,8514354	1,7016858
-283,05881	2,0349443	-0,00034102146	-0,52014983	-2,4419193
