MTS793|MPT|DEU|1|2|,|.|:|49|1|1|A

Bediener Information			Würfeldruckfestigkeit (150mm)			Zeit:	71,000977	s	28.01.2015 10:33:47
Datum	27.02.2015
Prüfer:	Kh
Probebezeichnung	Wolf 8.2 Probe 2
Protokoll Seite	146
Durchmesser [mm]:	100
Höhe [mm]:	98,6
Masse [g]:	5328
Bediener Information Ende

Datenerfassung						Zeit:	172,12207	s	28.01.2015 10:35:28
Ch 1 Weg	Ch 1 Kraft
mm	kN
0,00083744526	0,09403564
-6,6933961	-354,12192

Datenerfassung						Zeit:	172,12988	s	28.01.2015 10:35:28
Datum	Tageszeit	Laufzeit	Ch 1 Kraft Sollwert	Ch 1 Kraft	Ch 1 Weg
d	d	s	kN	kN	mm
42032	0,44002584	81,230469	-1,750293	-1,4235973	-0,0027924776
42032	0,44002813	81,430664	-2,5310547	-2,3105497	-0,0092983246
42032	0,44003046	81,630859	-3,3118165	-2,7156584	-0,018170476
42032	0,44003278	81,831055	-4,0925784	-3,2979007	-0,04144311
42032	0,4400351	82,03125	-4,8733401	-4,725337	-0,06172359
42032	0,4400374	82,231445	-5,6541018	-5,5518003	-0,070002675
42032	0,44003972	82,431641	-6,4348636	-5,9860816	-0,074088573
42032	0,44004205	82,631836	-7,2156253	-6,5599756	-0,077617168
42032	0,44004437	82,832031	-7,996387	-7,7525024	-0,083857775
42032	0,44004667	83,032227	-8,7771482	-8,9842367	-0,090792775
42032	0,44004899	83,232422	-9,55791	-9,7147408	-0,094103813
42032	0,44005132	83,432617	-10,338672	-10,40236	-0,09779036
42032	0,44005364	83,632813	-11,119433	-11,151703	-0,10116994
42032	0,44005594	83,833008	-11,900195	-11,868201	-0,10396838
42032	0,44005826	84,033203	-12,680957	-12,69414	-0,10835528
42032	0,44006059	84,233398	-13,46172	-13,457734	-0,11120737
42032	0,44006291	84,433594	-14,242481	-14,378579	-0,11492968
42032	0,44006521	84,633789	-15,023243	-15,163157	-0,11895299
42032	0,44006753	84,833984	-15,804005	-15,965547	-0,12114942
42032	0,44006985	85,03418	-16,584766	-16,733406	-0,12353957
42032	0,44007218	85,234375	-17,365528	-17,629906	-0,12737215
42032	0,44007447	85,43457	-18,14629	-18,394543	-0,13017356
42032	0,4400768	85,634766	-18,927052	-19,149857	-0,13305545
42032	0,44007912	85,834961	-19,707813	-19,924757	-0,13588369
42032	0,44008145	86,035156	-20,488575	-20,676237	-0,13775229
42032	0,44008374	86,235352	-21,269337	-21,43877	-0,1411289
42032	0,44008607	86,435547	-22,050098	-22,216835	-0,14362633
42032	0,44008839	86,635742	-22,83086	-23,017691	-0,14637113
42032	0,44009072	86,835938	-23,611622	-23,732153	-0,14886558
42032	0,44009301	87,036133	-24,392384	-24,556892	-0,15119016
42032	0,44009534	87,236328	-25,173145	-25,323174	-0,15375912
42032	0,44009766	87,436523	-25,953907	-26,113873	-0,15619695
42032	0,44009998	87,636719	-26,734669	-26,837492	-0,15894771
42032	0,44010228	87,836914	-27,51543	-27,67322	-0,16115606
42032	0,4401046	88,037109	-28,296192	-28,406046	-0,16308129
42032	0,44010693	88,237305	-29,076954	-29,200563	-0,16596019
42032	0,44010925	88,4375	-29,857716	-29,929394	-0,16812682
42032	0,44011155	88,637695	-30,638477	-30,773489	-0,17082691
42032	0,44011387	88,837891	-31,419239	-31,463646	-0,17285347
42032	0,4401162	89,038086	-32,200001	-32,302433	-0,17465651
42032	0,44011852	89,238281	-32,980762	-33,090752	-0,17711818
42032	0,44012082	89,438477	-33,761524	-33,843597	-0,18008649
42032	0,44012314	89,638672	-34,542286	-34,589813	-0,182423
42032	0,44012547	89,838867	-35,323048	-35,390144	-0,18369853
42032	0,44012779	90,039063	-36,103809	-36,190586	-0,18686652
42032	0,44013008	90,239258	-36,884571	-36,95919	-0,18887222
42032	0,44013241	90,439453	-37,665333	-37,732246	-0,19057393
42032	0,44013473	90,639648	-38,446095	-38,521217	-0,1929462
42032	0,44013706	90,839844	-39,226856	-39,262863	-0,19549727
42032	0,44013935	91,040039	-40,007618	-40,052925	-0,19724667
42032	0,44014168	91,240234	-40,78838	-40,848251	-0,19906163
42032	0,440144	91,44043	-41,569141	-41,601898	-0,20205975
42032	0,44014633	91,640625	-42,349903	-42,380592	-0,20397604
42032	0,44014862	91,84082	-43,130665	-43,165672	-0,20588338
42032	0,44015095	92,041016	-43,911427	-43,988579	-0,20876825
42032	0,44015327	92,241211	-44,692188	-44,731319	-0,21010339
42032	0,4401556	92,441406	-45,47295	-45,528507	-0,21276474
42032	0,44015789	92,641602	-46,253712	-46,335579	-0,21551549
42032	0,44016021	92,841797	-47,034473	-47,088703	-0,21737814
42032	0,44016254	93,041992	-47,815235	-47,856426	-0,21934807
42032	0,44016486	93,242188	-48,595997	-48,675869	-0,22172332
42032	0,44016716	93,442383	-49,376759	-49,463882	-0,22351742
42032	0,44016948	93,642578	-50,15752	-50,223362	-0,22541583
42032	0,44017181	93,842773	-50,938282	-50,997635	-0,22702515
42032	0,44017413	94,042969	-51,719044	-51,800781	-0,22896528
42032	0,44017643	94,243164	-52,499805	-52,543072	-0,23209155
42032	0,44017875	94,443359	-53,280567	-53,356117	-0,23370385
42032	0,44018108	94,643555	-54,061329	-54,125935	-0,23651421
42032	0,4401834	94,84375	-54,842091	-54,927391	-0,23843348
42032	0,4401857	95,043945	-55,622852	-55,671772	-0,23991764
42032	0,44018802	95,244141	-56,403614	-56,503544	-0,24186969
42032	0,44019035	95,444336	-57,184376	-57,246418	-0,24465621
42032	0,44019267	95,644531	-57,965137	-58,073643	-0,24612546
42032	0,44019496	95,844727	-58,745899	-58,785088	-0,24852455
42032	0,44019729	96,044922	-59,526661	-59,614532	-0,25072992
42032	0,44019961	96,245117	-60,307423	-60,335209	-0,25202334
42032	0,44020194	96,445313	-61,088184	-61,163876	-0,25468469
42032	0,44020423	96,645508	-61,868946	-61,897785	-0,25663972
42032	0,44020656	96,845703	-62,649708	-62,733536	-0,25837421
42032	0,44020888	97,045898	-63,43047	-63,463104	-0,26088059
42032	0,44021121	97,246094	-64,211235	-64,312904	-0,26193261
42032	0,4402135	97,446289	-64,991997	-65,058975	-0,26470423
42032	0,44021583	97,646484	-65,772758	-65,842163	-0,26670098
42032	0,44021815	97,84668	-66,55352	-66,6203	-0,26838481
42032	0,44022048	98,046875	-67,334282	-67,428467	-0,27103126
42032	0,44022277	98,24707	-68,115044	-68,164742	-0,27247667
42032	0,44022509	98,447266	-68,895805	-68,960632	-0,27480721
42032	0,44022742	98,647461	-69,676567	-69,733658	-0,27651191
42032	0,44022974	98,847656	-70,457329	-70,540047	-0,27876198
42032	0,44023204	99,047852	-71,238091	-71,28521	-0,28085709
42032	0,44023436	99,248047	-72,018852	-72,091599	-0,28281808
42032	0,44023669	99,448242	-72,799614	-72,842552	-0,28417408
42032	0,44023901	99,648438	-73,580376	-73,640648	-0,28670132
42032	0,44024131	99,848633	-74,361137	-74,426224	-0,28898716
42032	0,44024363	100,04883	-75,141899	-75,181297	-0,29043257
42032	0,44024596	100,24902	-75,922661	-75,965256	-0,29273927
42032	0,44024828	100,44922	-76,703423	-76,724495	-0,29410422
42032	0,44025058	100,64941	-77,484184	-77,545372	-0,29653609
42032	0,4402529	100,84961	-78,264946	-78,327019	-0,29920936
42032	0,44025522	101,0498	-79,045708	-79,092903	-0,30040741
42032	0,44025755	101,25	-79,826469	-79,853386	-0,30261278
42032	0,44025984	101,4502	-80,607231	-80,686356	-0,30495524
42032	0,44026217	101,65039	-81,387993	-81,419083	-0,30592382
42032	0,44026449	101,85059	-82,168755	-82,232285	-0,30830801
42032	0,44026679	102,05078	-82,949516	-82,991005	-0,31053424
42032	0,44026911	102,25098	-83,730278	-83,802422	-0,31252205
42032	0,44027144	102,45117	-84,51104	-84,542946	-0,31420588
42032	0,44027376	102,65137	-85,291801	-85,361671	-0,31636953
42032	0,44027606	102,85156	-86,072563	-86,135742	-0,3189683
42032	0,44027838	103,05176	-86,853325	-86,908966	-0,32064021
42032	0,44028071	103,25195	-87,634087	-87,656616	-0,32247007
42032	0,44028303	103,45215	-88,414848	-88,497498	-0,32421947
42032	0,44028533	103,65234	-89,19561	-89,228874	-0,32673478
42032	0,44028765	103,85254	-89,976372	-90,031975	-0,32827258
42032	0,44028997	104,05273	-90,757133	-90,804977	-0,32989681
42032	0,4402923	104,25293	-91,537895	-91,599411	-0,33187866
42032	0,44029459	104,45313	-92,318657	-92,335442	-0,33380985
42032	0,44029692	104,65332	-93,099419	-93,176765	-0,33528209
42032	0,44029924	104,85352	-93,88018	-93,931465	-0,33785403
42032	0,44030157	105,05371	-94,660942	-94,723885	-0,34036636
42032	0,44030386	105,25391	-95,441704	-95,476524	-0,34117401
42032	0,44030619	105,4541	-96,222466	-96,292717	-0,34426451
42032	0,44030851	105,6543	-97,003227	-97,035492	-0,34533441
42032	0,44031084	105,85449	-97,783989	-97,850769	-0,34753382
42032	0,44031313	106,05469	-98,564751	-98,61644	-0,34933686
42032	0,44031546	106,25488	-99,345512	-99,44162	-0,35134554
42032	0,44031778	106,45508	-100,12627	-100,16331	-0,35344362
42032	0,4403201	106,65527	-100,90704	-100,99548	-0,35535097
42032	0,4403224	106,85547	-101,6878	-101,74529	-0,35698116
42032	0,44032472	107,05566	-102,46856	-102,56126	-0,35873055
42032	0,44032705	107,25586	-103,24932	-103,26704	-0,36142468
42032	0,44032937	107,45605	-104,03008	-104,12951	-0,36257803
42032	0,44033167	107,65625	-104,81084	-104,86463	-0,36512911
42032	0,44033399	107,85645	-105,59161	-105,65074	-0,36718547
42032	0,44033632	108,05664	-106,37237	-106,42655	-0,36853254
42032	0,44033864	108,25684	-107,15313	-107,26329	-0,37059784
42032	0,44034094	108,45703	-107,93389	-107,97235	-0,37219524
42032	0,44034326	108,65723	-108,71465	-108,79028	-0,3744483
42032	0,44034559	108,85742	-109,49541	-109,5607	-0,37617385
42032	0,44034791	109,05762	-110,27618	-110,34231	-0,37830174
42032	0,4403502	109,25781	-111,05694	-111,05767	-0,37989914
42032	0,44035253	109,45801	-111,8377	-111,88189	-0,38177073
42032	0,44035485	109,6582	-112,61846	-112,63515	-0,38408339
42032	0,44035718	109,8584	-113,39922	-113,40799	-0,38599968
42032	0,44035947	110,05859	-114,17999	-114,18539	-0,38741529
42032	0,4403618	110,25879	-114,96075	-115,00347	-0,38965642
42032	0,44036412	110,45898	-115,74151	-115,73053	-0,39117634
42032	0,44036645	110,65918	-116,52227	-116,59643	-0,39319098
42032	0,44036874	110,85938	-117,30303	-117,37617	-0,39483011
42032	0,44037107	111,05957	-118,08379	-118,1596	-0,39698482
42032	0,44037339	111,25977	-118,86456	-118,91177	-0,39882362
42032	0,44037572	111,45996	-119,64532	-119,74624	-0,40081739
42032	0,44037801	111,66016	-120,42608	-120,49957	-0,40301979
42032	0,44038033	111,86035	-121,20684	-121,27872	-0,40526092
42032	0,44038266	112,06055	-121,9876	-122,03191	-0,40669739
42032	0,44038498	112,26074	-122,76836	-122,86441	-0,4082799
42032	0,44038728	112,46094	-123,54913	-123,61025	-0,41042566
42032	0,4403896	112,66113	-124,32989	-124,40309	-0,41302145
42032	0,44039193	112,86133	-125,11065	-125,17335	-0,41422546
42032	0,44039425	113,06152	-125,89141	-125,98144	-0,41624904
42032	0,44039655	113,26172	-126,67217	-126,72503	-0,41795373
42032	0,44039887	113,46191	-127,45293	-127,51356	-0,42005479
42032	0,4404012	113,66211	-128,23369	-128,30843	-0,42222142
42032	0,44040352	113,8623	-129,01445	-129,08896	-0,42376816
42032	0,44040582	114,0625	-129,79521	-129,86633	-0,42569935
42032	0,44040814	114,2627	-130,57597	-130,664	-0,42716265
42032	0,44041047	114,46289	-131,35674	-131,41566	-0,42982697
42032	0,44041279	114,66309	-132,1375	-132,20363	-0,43170452
42032	0,44041508	114,86328	-132,91826	-133,0032	-0,43349862
42032	0,44041741	115,06348	-133,69902	-133,77444	-0,4355073
42032	0,44041973	115,26367	-134,47978	-134,55283	-0,43752789
42032	0,44042206	115,46387	-135,26054	-135,34259	-0,43901503
42032	0,44042435	115,66406	-136,04131	-136,13277	-0,44101477
42032	0,44042668	115,86426	-136,82207	-136,86388	-0,44329464
42032	0,440429	116,06445	-137,60283	-137,6908	-0,44398606
42032	0,44043133	116,26465	-138,38359	-138,43451	-0,44707358
42032	0,44043362	116,46484	-139,16435	-139,24948	-0,44821799
42032	0,44043595	116,66504	-139,94511	-139,95013	-0,4512459
42032	0,44043827	116,86523	-140,72588	-140,80461	-0,4522711
42032	0,4404406	117,06543	-141,50664	-141,55664	-0,45430362
42032	0,44044289	117,26563	-142,2874	-142,35373	-0,4565686
42032	0,44044521	117,46582	-143,06816	-143,12955	-0,45831203
42032	0,44044754	117,66602	-143,84892	-143,92647	-0,46011508
42032	0,44044986	117,86621	-144,62968	-144,6772	-0,46141446
42032	0,44045216	118,06641	-145,41045	-145,43912	-0,46426058
42032	0,44045448	118,2666	-146,19121	-146,25102	-0,46563148
42032	0,44045681	118,4668	-146,97197	-147,02608	-0,4673332
42032	0,44045913	118,66699	-147,75273	-147,79793	-0,46982169
42032	0,44046143	118,86719	-148,53349	-148,59047	-0,4712373
42032	0,44046375	119,06738	-149,31425	-149,37717	-0,47322214
42032	0,44046608	119,26758	-150,09502	-150,12479	-0,475052
42032	0,4404684	119,46777	-150,87578	-150,93034	-0,47784448
42032	0,4404707	119,66797	-151,65654	-151,72383	-0,4794091
42032	0,44047302	119,86816	-152,4373	-152,50607	-0,48182011
42032	0,44047534	120,06836	-153,21806	-153,26611	-0,48239529
42032	0,44047767	120,26855	-153,99883	-154,07454	-0,48391521
42032	0,44047996	120,46875	-154,77959	-154,84688	-0,48707724
42032	0,44048229	120,66895	-155,56035	-155,62038	-0,48870742
42032	0,44048461	120,86914	-156,34111	-156,38972	-0,49100518
42032	0,44048694	121,06934	-157,12187	-157,20757	-0,49228072
42032	0,44048923	121,26953	-157,90263	-157,94304	-0,49439967
42032	0,44049156	121,46973	-158,6834	-158,75067	-0,49591959
42032	0,44049388	121,66992	-159,46416	-159,52736	-0,49832761
42032	0,44049621	121,87012	-160,24492	-160,32472	-0,50026774
42032	0,4404985	122,07031	-161,02568	-161,07018	-0,50204992
42032	0,44050083	122,27051	-161,80644	-161,88686	-0,50418973
42032	0,44050315	122,4707	-162,5872	-162,6496	-0,50617456
42032	0,44050547	122,6709	-163,36797	-163,4174	-0,50743818
42032	0,44050777	122,87109	-164,14873	-164,1824	-0,50953925
42032	0,44051009	123,07129	-164,92949	-164,97646	-0,51082373
42032	0,44051242	123,27148	-165,71025	-165,68301	-0,51396191
42032	0,44051474	123,47168	-166,49101	-166,48106	-0,51468909
42032	0,44051704	123,67188	-167,27177	-167,28433	-0,51648617
42032	0,44051936	123,87207	-168,05254	-168,07269	-0,51888227
42032	0,44052169	124,07227	-168,8333	-168,82394	-0,52088499
42032	0,44052401	124,27246	-169,61406	-169,64703	-0,5227387
42032	0,44052631	124,47266	-170,39482	-170,42435	-0,52499771
42032	0,44052863	124,67285	-171,17558	-171,21912	-0,52686334
42032	0,44053096	124,87305	-171,95634	-171,96684	-0,52882731
42032	0,44053328	125,07324	-172,73711	-172,79449	-0,53025484
42032	0,44053558	125,27344	-173,51787	-173,52611	-0,53247809
42032	0,4405379	125,47363	-174,29863	-174,34187	-0,53429008
42032	0,44054022	125,67383	-175,07939	-175,11894	-0,53626001
42032	0,44054255	125,87402	-175,86015	-175,93576	-0,53837001
42032	0,44054484	126,07422	-176,64091	-176,62697	-0,54071844
42032	0,44054717	126,27441	-177,42168	-177,48726	-0,54139197
42032	0,44054949	126,47461	-178,20244	-178,25261	-0,54460168
42032	0,44055182	126,6748	-178,9832	-179,04669	-0,54584444
42032	0,44055411	126,875	-179,76396	-179,769	-0,54782331
42032	0,44055644	127,0752	-180,54472	-180,60843	-0,54992735
42032	0,44055876	127,27539	-181,32549	-181,33609	-0,55114627
42032	0,44056109	127,47559	-182,10625	-182,16472	-0,55395067
42032	0,44056338	127,67578	-182,88701	-182,91658	-0,55544674
42032	0,44056571	127,87598	-183,66777	-183,74998	-0,55749118
42032	0,44056803	128,07617	-184,44853	-184,45927	-0,55909455
42032	0,44057035	128,27637	-185,22929	-185,31386	-0,56099594
42032	0,44057265	128,47656	-186,01006	-186,05115	-0,56326389
42032	0,44057497	128,67676	-186,79082	-186,86424	-0,5658716
42032	0,4405773	128,87695	-187,57158	-187,61678	-0,56720674
42032	0,44057959	129,07715	-188,35236	-188,46239	-0,56906044
42032	0,44058192	129,27734	-189,13312	-189,17522	-0,57142675
42032	0,44058424	129,47754	-189,91388	-190,00079	-0,57325065
42032	0,44058657	129,67773	-190,69464	-190,76651	-0,57559609
42032	0,44058886	129,87793	-191,4754	-191,57515	-0,57721436
42032	0,44059119	130,07813	-192,25616	-192,28276	-0,57863295
42032	0,44059351	130,27832	-193,03693	-193,12573	-0,58142245
42032	0,44059584	130,47852	-193,81769	-193,86972	-0,58270097
42032	0,44059813	130,67871	-194,59845	-194,66864	-0,58442652
42032	0,44060045	130,87891	-195,37921	-195,43687	-0,58681071
42032	0,44060278	131,0791	-196,15997	-196,23637	-0,58860779
42032	0,4406051	131,2793	-196,94073	-196,98737	-0,59038699
42032	0,4406074	131,47949	-197,7215	-197,806	-0,59322119
42032	0,44060972	131,67969	-198,50226	-198,55965	-0,59409738
42032	0,44061205	131,87988	-199,28302	-199,37621	-0,59673786
42032	0,44061437	132,08008	-200,06378	-200,10341	-0,59827268
42032	0,44061667	132,28027	-200,84454	-200,92973	-0,60076118
42032	0,44061899	132,48047	-201,62531	-201,67422	-0,60279369
42032	0,44062132	132,68066	-202,40607	-202,48705	-0,60475171
42032	0,44062364	132,88086	-203,18683	-203,22383	-0,60636103
42032	0,44062594	133,08105	-203,96759	-204,0648	-0,60835481
42032	0,44062826	133,28125	-204,74835	-204,78459	-0,61042011
42032	0,44063058	133,48145	-205,52911	-205,56262	-0,61201155
42032	0,44063291	133,68164	-206,30988	-206,34583	-0,61455369
42032	0,4406352	133,88184	-207,09064	-207,15491	-0,61664581
42032	0,44063753	134,08203	-207,8714	-207,89275	-0,61814785
42032	0,44063985	134,28223	-208,65216	-208,75874	-0,62039196
42032	0,44064218	134,48242	-209,43292	-209,49905	-0,62253177
42032	0,44064447	134,68262	-210,21368	-210,2692	-0,62366724
42032	0,4406468	134,88281	-210,99445	-211,06923	-0,62581897
42032	0,44064912	135,08301	-211,77521	-211,87631	-0,62816739
42032	0,44065145	135,2832	-212,55597	-212,65297	-0,63049197
42032	0,44065374	135,4834	-213,33673	-213,3772	-0,63218772
42032	0,44065607	135,68359	-214,11749	-214,12735	-0,63393414
42032	0,44065839	135,88379	-214,89825	-214,94908	-0,63667297
42032	0,44066072	136,08398	-215,67902	-215,75182	-0,63806772
42032	0,44066301	136,28418	-216,45978	-216,55275	-0,64125359
42032	0,44066533	136,48438	-217,24054	-217,32515	-0,64289868
42032	0,44066766	136,68457	-218,0213	-218,09427	-0,64463913
42032	0,44066998	136,88477	-218,80206	-218,87003	-0,64673722
42032	0,44067228	137,08496	-219,58282	-219,65636	-0,64842701
42032	0,4406746	137,28516	-220,36359	-220,43507	-0,65015256
42032	0,44067693	137,48535	-221,14435	-221,19083	-0,65303147
42032	0,44067925	137,68555	-221,92511	-221,95081	-0,65499544
42032	0,44068155	137,88574	-222,70587	-222,78323	-0,65695047
42032	0,44068387	138,08594	-223,48663	-223,54285	-0,65874755
42032	0,4406862	138,28613	-224,2674	-224,29597	-0,66114068
42032	0,44068852	138,48633	-225,04816	-225,15253	-0,66369176
42032	0,44069082	138,68652	-225,82892	-225,91011	-0,66556334
42032	0,44069314	138,88672	-226,60968	-226,66458	-0,66724718
42032	0,44069546	139,08691	-227,39044	-227,47095	-0,66910982
42032	0,44069779	139,28711	-228,1712	-228,26222	-0,67158043
42032	0,44070008	139,4873	-228,95197	-229,01083	-0,67360401
42032	0,44070241	139,6875	-229,73273	-229,77081	-0,67597032
42032	0,44070473	139,8877	-230,51349	-230,58977	-0,67774653
42032	0,44070706	140,08789	-231,29425	-231,35393	-0,68019331
42032	0,44070935	140,28809	-232,07501	-232,10365	-0,68197846
42032	0,44071168	140,48828	-232,85577	-232,89645	-0,68396032
42032	0,440714	140,68848	-233,63654	-233,72472	-0,6866008
42032	0,44071633	140,88867	-234,4173	-234,47081	-0,68827271
42032	0,44071862	141,08887	-235,19806	-235,21651	-0,69029629
42032	0,44072095	141,28906	-235,97882	-236,06882	-0,69335997
42032	0,44072327	141,48926	-236,75958	-236,7858	-0,6955564
42032	0,44072559	141,68945	-237,54034	-237,58081	-0,69670975
42032	0,44072789	141,88965	-238,32111	-238,35938	-0,69947839
42032	0,44073021	142,08984	-239,10187	-239,17958	-0,70098341
42032	0,44073254	142,29004	-239,88263	-239,88806	-0,70367455
42032	0,44073486	142,49023	-240,66339	-240,67302	-0,70553124
42032	0,44073716	142,69043	-241,44415	-241,48854	-0,70780516
42032	0,44073948	142,89063	-242,22491	-242,26639	-0,7101953
42032	0,44074181	143,09082	-243,00568	-242,99654	-0,71255863
42032	0,44074413	143,29102	-243,78644	-243,83437	-0,71396232
42032	0,44074643	143,49121	-244,5672	-244,59596	-0,71658492
42032	0,44074875	143,69141	-245,34796	-245,40523	-0,71914792
42032	0,44075108	143,8916	-246,12872	-246,18694	-0,72092414
42032	0,4407534	144,0918	-246,90948	-246,9332	-0,72359145
42032	0,4407557	144,29199	-247,69025	-247,73514	-0,72573125
42032	0,44075802	144,49219	-248,47101	-248,52118	-0,72717667
42032	0,44076034	144,69238	-249,25177	-249,29205	-0,72992444
42032	0,44076267	144,89258	-250,03253	-250,08424	-0,73231161
42032	0,44076496	145,09277	-250,81329	-250,87202	-0,73414147
42032	0,44076729	145,29297	-251,59406	-251,62	-0,73698759
42032	0,44076961	145,49316	-252,37482	-252,45116	-0,73887706
42032	0,44077194	145,69336	-253,15558	-253,1693	-0,74186325
42032	0,44077423	145,89355	-253,93634	-253,99086	-0,74347854
42032	0,44077656	146,09375	-254,7171	-254,75252	-0,74608028
42032	0,44077888	146,29395	-255,49786	-255,56833	-0,74787438
42032	0,44078121	146,49414	-256,27863	-256,30737	-0,75077116
42032	0,4407835	146,69434	-257,05939	-257,16016	-0,75188577
42032	0,44078583	146,89453	-257,84015	-257,86469	-0,7550627
42032	0,44078815	147,09473	-258,62091	-258,6413	-0,75690448
42032	0,44079047	147,29492	-259,40167	-259,43439	-0,75958967
42032	0,44079277	147,49512	-260,18243	-260,24554	-0,76187849
42032	0,44079509	147,69531	-260,9632	-260,99054	-0,76431036
42032	0,44079742	147,89551	-261,74396	-261,76517	-0,76699257
42032	0,44079974	148,0957	-262,52472	-262,58154	-0,76849759
42032	0,44080204	148,2959	-263,30548	-263,30463	-0,77086985
42032	0,44080436	148,49609	-264,08624	-264,12012	-0,7732749
42032	0,44080669	148,69629	-264,867	-264,88367	-0,77579021
42032	0,44080901	148,89648	-265,64777	-265,72549	-0,77876151
42032	0,44081131	149,09668	-266,42853	-266,42188	-0,78125
42032	0,44081363	149,29688	-267,20929	-267,26343	-0,78318715
42032	0,44081596	149,49707	-267,99005	-268,03418	-0,78566372
42032	0,44081828	149,69727	-268,77081	-268,8588	-0,7883966
42032	0,44082057	149,89746	-269,55157	-269,60242	-0,79068244
42032	0,4408229	150,09766	-270,33234	-270,40024	-0,79265237
42032	0,44082522	150,29785	-271,1131	-271,17868	-0,79537332
42032	0,44082755	150,49805	-271,89386	-271,96191	-0,79772472
42032	0,44082984	150,69824	-272,67462	-272,68814	-0,80013871
42032	0,44083217	150,89844	-273,45538	-273,47516	-0,80213845
42032	0,44083449	151,09863	-274,23615	-274,25531	-0,8048296
42032	0,44083682	151,29883	-275,01691	-275,03537	-0,80708265
42032	0,44083911	151,49902	-275,79767	-275,86145	-0,80996454
42032	0,44084144	151,69922	-276,57843	-276,56592	-0,81240833
42032	0,44084376	151,89941	-277,35919	-277,36292	-0,81496537
42032	0,44084609	152,09961	-278,13995	-278,19281	-0,81808865
42032	0,44084838	152,2998	-278,92072	-278,93811	-0,81961751
42032	0,4408507	152,5	-279,70148	-279,7157	-0,82289279
42032	0,44085303	152,7002	-280,48224	-280,58032	-0,82545877
42032	0,44085535	152,90039	-281,263	-281,29959	-0,82734823
42032	0,44085765	153,10059	-282,04376	-282,1377	-0,83022714
42032	0,44085997	153,30078	-282,82452	-282,89099	-0,83305538
42032	0,4408623	153,50098	-283,60529	-283,66812	-0,83496869
42032	0,44086462	153,70117	-284,38605	-284,4198	-0,83827972
42032	0,44086692	153,90137	-285,16681	-285,21576	-0,83988309
42032	0,44086924	154,10156	-285,94757	-286,01001	-0,84297955
42032	0,44087157	154,30176	-286,72833	-286,82059	-0,84585845
42032	0,44087389	154,50195	-287,50909	-287,5636	-0,84852278
42032	0,44087619	154,70215	-288,28986	-288,36765	-0,851807
42032	0,44087851	154,90234	-289,07062	-289,09113	-0,85384548
42032	0,44088084	155,10254	-289,85138	-289,90427	-0,85692108
42032	0,44088316	155,30273	-290,63214	-290,70209	-0,85883141
42032	0,44088545	155,50293	-291,4129	-291,4978	-0,8625567
42032	0,44088778	155,70313	-292,19366	-292,21008	-0,86496472
42032	0,4408901	155,90332	-292,97443	-293,09314	-0,86768866
42032	0,4408924	156,10352	-293,75519	-293,8208	-0,87061226
42032	0,44089472	156,30371	-294,53595	-294,61301	-0,87316036
42032	0,44089705	156,50391	-295,31671	-295,3855	-0,87598562
42032	0,44089937	156,7041	-296,09747	-296,18167	-0,87930858
42032	0,44090167	156,9043	-296,87823	-296,96796	-0,88197589
42032	0,44090399	157,10449	-297,659	-297,72116	-0,88476241
42032	0,44090632	157,30469	-298,43976	-298,49933	-0,88780522
42032	0,44090864	157,50488	-299,22052	-299,29236	-0,89043379
42032	0,44091094	157,70508	-300,00128	-300,04596	-0,89308321
42032	0,44091326	157,90527	-300,78204	-300,81107	-0,89636147
42032	0,44091558	158,10547	-301,56281	-301,63873	-0,89917183
42032	0,44091791	158,30566	-302,34357	-302,36539	-0,90215802
42032	0,4409202	158,50586	-303,12433	-303,15915	-0,90508461
42032	0,44092253	158,70605	-303,90509	-303,97211	-0,90811551
42032	0,44092485	158,90625	-304,68585	-304,70203	-0,91131032
42032	0,44092718	159,10645	-305,46661	-305,46844	-0,91427565
42032	0,44092947	159,30664	-306,24738	-306,27219	-0,9168148
42032	0,4409318	159,50684	-307,02814	-307,07126	-0,92045367
42032	0,44093412	159,70703	-307,8089	-307,86237	-0,92353523
42032	0,44093645	159,90723	-308,58966	-308,61679	-0,92693567
42032	0,44093874	160,10742	-309,37042	-309,39157	-0,92942119
42032	0,44094107	160,30762	-310,15118	-310,17947	-0,93306601
42032	0,44094339	160,50781	-310,93195	-310,93939	-0,93643665
42032	0,44094571	160,70801	-311,71271	-311,73511	-0,9396255
42032	0,44094801	160,9082	-312,49347	-312,5134	-0,9424299
42032	0,44095033	161,1084	-313,27423	-313,31308	-0,94572306
42032	0,44095266	161,30859	-314,05499	-314,09525	-0,94959736
42032	0,44095498	161,50879	-314,83575	-314,88901	-0,95250905
42032	0,44095728	161,70898	-315,61652	-315,66373	-0,95666945
42032	0,4409596	161,90918	-316,39728	-316,44333	-0,95942914
42032	0,44096193	162,10938	-317,17804	-317,22263	-0,96242726
42032	0,44096425	162,30957	-317,9588	-317,98892	-0,96572638
42032	0,44096655	162,50977	-318,73956	-318,79288	-0,97042918
42032	0,44096887	162,70996	-319,52032	-319,5144	-0,97330511
42032	0,4409712	162,91016	-320,30109	-320,30057	-0,97683072
42032	0,44097352	163,11035	-321,08185	-321,082	-0,98066032
42032	0,44097582	163,31055	-321,86261	-321,85818	-0,98416209
42032	0,44097814	163,51074	-322,64337	-322,6701	-0,98788142
42032	0,44098046	163,71094	-323,42413	-323,40582	-0,99127889
42032	0,44098279	163,91113	-324,2049	-324,1944	-0,99511147
42032	0,44098508	164,11133	-324,98566	-325,00067	-0,99895597
42032	0,44098741	164,31152	-325,76642	-325,78461	-1,003167
42032	0,44098973	164,51172	-326,54718	-326,53055	-1,0066062
42032	0,44099206	164,71191	-327,32794	-327,35553	-1,0109305
42032	0,44099435	164,91211	-328,1087	-328,12476	-1,0149837
42032	0,44099668	165,1123	-328,88947	-328,9212	-1,0188341
42032	0,440999	165,3125	-329,67023	-329,66928	-1,0227352
42032	0,44100133	165,5127	-330,45099	-330,51984	-1,0269254
42032	0,44100362	165,71289	-331,23175	-331,23218	-1,0312706
42032	0,44100595	165,91309	-332,01251	-332,06412	-1,0356098
42032	0,44100827	166,11328	-332,79327	-332,79922	-1,0397911
42032	0,44101059	166,31348	-333,57404	-333,62686	-1,0444462
42032	0,44101289	166,51367	-334,3548	-334,36078	-1,048404
42032	0,44101521	166,71387	-335,13556	-335,16031	-1,0535747
42032	0,44101754	166,91406	-335,91632	-335,95123	-1,0578543
42032	0,44101986	167,11426	-336,69708	-336,75632	-1,062575
42032	0,44102216	167,31445	-337,47784	-337,49127	-1,0672301
42032	0,44102448	167,51465	-338,25861	-338,314	-1,0722518
42032	0,44102681	167,71484	-339,03937	-339,06757	-1,0774195
42032	0,44102913	167,91504	-339,82013	-339,85718	-1,0823578
42032	0,44103143	168,11523	-340,60089	-340,63666	-1,0870248
42032	0,44103375	168,31543	-341,38165	-341,43204	-1,0924727
42032	0,44103608	168,51563	-342,16241	-342,17697	-1,0991752
42032	0,4410384	168,71582	-342,94318	-342,96759	-1,1035711
42032	0,44104069	168,91602	-343,72394	-343,76233	-1,1095107
42032	0,44104302	169,11621	-344,5047	-344,51962	-1,1155695
42032	0,44104534	169,31641	-345,28546	-345,27521	-1,1225104
42032	0,44104767	169,5166	-346,06622	-346,09106	-1,1288255
42032	0,44104996	169,7168	-346,84698	-346,87216	-1,1351824
42032	0,44105229	169,91699	-347,62775	-347,62692	-1,1427969
42032	0,44105461	170,11719	-348,40851	-348,42108	-1,1503875
42032	0,44105694	170,31738	-349,18927	-349,20026	-1,1587113
42032	0,44105923	170,51758	-349,97003	-349,94827	-1,1663824
42032	0,44106156	170,71777	-350,75079	-350,71487	-1,1759073
42032	0,44106388	170,91797	-351,53156	-351,47232	-1,186052
42032	0,44106621	171,11816	-352,31232	-352,21729	-1,1972696
42032	0,4410685	171,31836	-353,09308	-352,95242	-1,2111574
42032	0,44107082	171,51855	-353,87384	-353,63071	-1,2278348
42032	0,44107315	171,71875	-354,6546	-354,07654	-1,2504727
42032	0,44107547	171,91895	-355,43536	-351,25381	-1,3091087
42032	0,44107777	172,11914	-356,15137	0,10281429	-6,843832
