MTS793|MPT|DEU|1|2|,|.|:|49|1|1|A

Bediener Information			Würfeldruckfestigkeit (150mm)			Zeit:	12,948242	s	13.03.2024 10:04:57
Datum	13.03.2024
Prüfer: 	Azubi
Probe	20240306_7188_M07_W03
Protokoll Seite	-
Breite [mm]:	150
Höhe [mm]:	150
Länge Einfüllseite [mm]:	149,5
Masse [g]:	7873
Bediener Information Ende

Datenerfassung						Zeit:	141,99023	s	13.03.2024 10:07:06
Ch 1 Weg	Ch 1 Prüfkraft
mm	kN
4,9020514	2,9860823
-1,0543437	-1154,876

Datenerfassung						Zeit:	141,99512	s	13.03.2024 10:07:06
Datum	Tageszeit	Laufzeit	Ch 1 Weg	Ch 1 Prüfkraft
d	d	s	mm	kN
45364	0,40218544	37,821289	-0,0024467232	-15,498659
45364	0,40218773	38,021484	-0,0054096454	-17,647108
45364	0,40219006	38,22168	-0,0079279803	-19,800625
45364	0,40219238	38,421875	-0,01075663	-22,099575
45364	0,40219471	38,62207	-0,013701649	-24,225971
45364	0,402197	38,822266	-0,015906684	-26,424339
45364	0,40219933	39,022461	-0,020155627	-28,526596
45364	0,40220165	39,222656	-0,022330824	-30,997208
45364	0,40220398	39,422852	-0,024840208	-33,470501
45364	0,40220627	39,623047	-0,027704664	-35,5966
45364	0,4022086	39,823242	-0,030285658	-38,024597
45364	0,40221092	40,023438	-0,033639461	-40,880104
45364	0,40221325	40,223633	-0,035859413	-42,908005
45364	0,40221554	40,423828	-0,039383292	-45,307835
45364	0,40221786	40,624023	-0,040764794	-47,683678
45364	0,40222019	40,824219	-0,043304015	-50,139389
45364	0,40222251	41,024414	-0,045518003	-52,257439
45364	0,40222481	41,224609	-0,048495844	-54,875275
45364	0,40222713	41,424805	-0,05193916	-57,1632
45364	0,40222946	41,625	-0,053950246	-59,596111
45364	0,40223178	41,825195	-0,057480093	-61,793884
45364	0,40223408	42,025391	-0,060872681	-63,989571
45364	0,4022364	42,225586	-0,064163826	-65,840149
45364	0,40223873	42,425781	-0,067028277	-68,189758
45364	0,40224105	42,625977	-0,071912773	-70,365479
45364	0,40224335	42,826172	-0,075174078	-72,665024
45364	0,40224567	43,026367	-0,077957973	-74,754471
45364	0,402248	43,226563	-0,081953295	-77,19558
45364	0,40225032	43,426758	-0,084883392	-79,652779
45364	0,40225261	43,626953	-0,088478878	-81,639847
45364	0,40225494	43,827148	-0,0920505	-83,94014
45364	0,40225726	44,027344	-0,094858266	-86,315681
45364	0,40225959	44,227539	-0,09794949	-88,239723
45364	0,40226188	44,427734	-0,10199255	-90,416481
45364	0,40226421	44,62793	-0,10440049	-92,854912
45364	0,40226653	44,828125	-0,10768864	-95,030182
45364	0,40226886	45,02832	-0,10916264	-97,043922
45364	0,40227115	45,228516	-0,1138323	-99,284012
45364	0,40227348	45,428711	-0,11596274	-101,86445
45364	0,4022758	45,628906	-0,11904502	-104,19484
45364	0,40227813	45,829102	-0,12127989	-106,16582
45364	0,40228042	46,029297	-0,12331186	-107,71196
45364	0,40228274	46,229492	-0,12520659	-109,67773
45364	0,40228507	46,429688	-0,12961367	-112,24117
45364	0,40228739	46,629883	-0,13074155	-114,20351
45364	0,40228969	46,830078	-0,13355528	-115,93413
45364	0,40229201	47,030273	-0,13654506	-118,35825
45364	0,40229434	47,230469	-0,13856807	-120,58776
45364	0,40229666	47,430664	-0,14136092	-122,3616
45364	0,40229896	47,630859	-0,14349136	-124,20918
45364	0,40230128	47,831055	-0,14633195	-126,8452
45364	0,40230361	48,03125	-0,14882343	-129,05891
45364	0,40230593	48,231445	-0,15106428	-131,2327
45364	0,40230823	48,431641	-0,15258303	-132,94037
45364	0,40231055	48,631836	-0,15526846	-135,66013
45364	0,40231287	48,832031	-0,15715422	-138,32788
45364	0,4023152	49,032227	-0,16007239	-140,73904
45364	0,40231749	49,232422	-0,16211033	-142,43137
45364	0,40231982	49,432617	-0,1629816	-144,53661
45364	0,40232214	49,632813	-0,16736482	-147,21524
45364	0,40232447	49,833008	-0,16897607	-149,74486
45364	0,40232676	50,033203	-0,17165852	-151,64297
45364	0,40232909	50,233398	-0,17230004	-153,63287
45364	0,40233141	50,433594	-0,17433201	-156,43399
45364	0,40233374	50,633789	-0,17659076	-158,91235
45364	0,40233603	50,833984	-0,17800806	-160,91254
45364	0,40233836	51,03418	-0,18053237	-163,06487
45364	0,40234068	51,234375	-0,18288958	-165,54843
45364	0,402343	51,43457	-0,18499614	-168,22885
45364	0,4023453	51,634766	-0,18722804	-170,42484
45364	0,40234762	51,834961	-0,18818584	-172,50444
45364	0,40234995	52,035156	-0,19129497	-174,88074
45364	0,40235227	52,235352	-0,19277194	-178,13306
45364	0,40235457	52,435547	-0,19520673	-180,48969
45364	0,40235689	52,635742	-0,19733121	-182,46587
45364	0,40235922	52,835938	-0,19845909	-184,69896
45364	0,40236154	53,036133	-0,19928859	-187,2417
45364	0,40236384	53,236328	-0,20306012	-190,21492
45364	0,40236616	53,436523	-0,20360018	-192,28677
45364	0,40236849	53,636719	-0,2054054	-194,17297
45364	0,40237081	53,836914	-0,20636618	-196,7534
45364	0,40237311	54,037109	-0,20915306	-199,44426
45364	0,40237543	54,237305	-0,21099108	-201,84796
45364	0,40237775	54,4375	-0,21213686	-203,41139
45364	0,40238008	54,637695	-0,21282314	-205,42007
45364	0,40238237	54,837891	-0,21518631	-208,14265
45364	0,4023847	55,038086	-0,21748087	-210,81206
45364	0,40238702	55,238281	-0,21923237	-212,38831
45364	0,40238935	55,438477	-0,22159852	-214,46851
45364	0,40239164	55,638672	-0,22253545	-216,625
45364	0,40239397	55,838867	-0,22547151	-219,39929
45364	0,40239629	56,039063	-0,22506869	-221,52196
45364	0,40239862	56,239258	-0,22586836	-223,23888
45364	0,40240091	56,439453	-0,22703801	-225,28093
45364	0,40240324	56,639648	-0,2290103	-227,95972
45364	0,40240556	56,839844	-0,23158234	-229,98061
45364	0,40240788	57,040039	-0,23253717	-231,90361
45364	0,40241018	57,240234	-0,23362924	-234,08499
45364	0,4024125	57,44043	-0,23489438	-236,41731
45364	0,40241483	57,640625	-0,23771706	-239,05199
45364	0,40241715	57,84082	-0,23868082	-240,61333
45364	0,40241945	58,041016	-0,23933131	-242,35439
45364	0,40242177	58,241211	-0,24078442	-244,78163
45364	0,4024241	58,441406	-0,24202567	-247,1843
45364	0,40242642	58,641602	-0,24452612	-249,04724
45364	0,40242872	58,841797	-0,24526609	-250,83508
45364	0,40243104	59,041992	-0,24699074	-253,03911
45364	0,40243337	59,242188	-0,24845579	-255,40215
45364	0,40243569	59,442383	-0,24994172	-257,69855
45364	0,40243798	59,642578	-0,2511979	-258,90109
45364	0,40244031	59,842773	-0,25221241	-261,47705
45364	0,40244263	60,042969	-0,25433388	-263,66125
45364	0,40244496	60,243164	-0,25535136	-266,27328
45364	0,40244725	60,443359	-0,25511268	-267,9762
45364	0,40244958	60,643555	-0,25780407	-270,36902
45364	0,4024519	60,84375	-0,26005682	-272,63339
45364	0,40245423	61,043945	-0,2608923	-275,44821
45364	0,40245652	61,244141	-0,26280791	-277,51352
45364	0,40245885	61,444336	-0,26318386	-279,20258
45364	0,40246117	61,644531	-0,26431772	-281,57172
45364	0,40246347	61,844727	-0,26633477	-284,16199
45364	0,40246579	62,044922	-0,26831302	-286,66983
45364	0,40246812	62,245117	-0,26981091	-288,23282
45364	0,40247044	62,445313	-0,26922905	-290,54205
45364	0,40247273	62,645508	-0,26995713	-293,27686
45364	0,40247506	62,845703	-0,27323034	-296,10883
45364	0,40247738	63,045898	-0,27415833	-298,30972
45364	0,40247971	63,246094	-0,27523845	-300,09161
45364	0,402482	63,446289	-0,27576062	-302,36374
45364	0,40248433	63,646484	-0,27747333	-305,31061
45364	0,40248665	63,84668	-0,27939191	-307,64069
45364	0,40248898	64,046875	-0,28043327	-309,46548
45364	0,40249127	64,24707	-0,2805765	-311,76697
45364	0,4024936	64,447266	-0,28247717	-314,45917
45364	0,40249592	64,647461	-0,28436294	-317,27982
45364	0,40249825	64,847656	-0,28512082	-319,41217
45364	0,40250054	65,047852	-0,28580114	-321,41638
45364	0,40250286	65,248047	-0,28714684	-324,10425
45364	0,40250519	65,448242	-0,28958759	-326,88287
45364	0,40250751	65,648438	-0,29064685	-329,45569
45364	0,40250981	65,848633	-0,29141966	-331,40625
45364	0,40251213	66,048828	-0,29233271	-333,35773
45364	0,40251446	66,249023	-0,29341581	-336,24899
45364	0,40251678	66,449219	-0,29545972	-338,86459
45364	0,40251908	66,649414	-0,29757226	-340,67313
45364	0,4025214	66,849609	-0,29728284	-342,61475
45364	0,40252373	67,049805	-0,29872102	-345,01996
45364	0,40252605	67,25	-0,3004218	-347,61932
45364	0,40252835	67,450195	-0,30137661	-349,73944
45364	0,40253067	67,650391	-0,30247766	-351,63071
45364	0,40253299	67,850586	-0,30327433	-353,49396
45364	0,40253532	68,050781	-0,30493033	-356,3739
45364	0,40253761	68,250977	-0,30653265	-358,83423
45364	0,40253994	68,451172	-0,30777091	-360,95764
45364	0,40254226	68,651367	-0,30930758	-362,66086
45364	0,40254459	68,851563	-0,31034297	-364,86337
45364	0,40254688	69,051758	-0,31063539	-367,46765
45364	0,40254921	69,251953	-0,31135148	-369,53119
45364	0,40255153	69,452148	-0,3130075	-371,194
45364	0,40255386	69,652344	-0,31444868	-373,22339
45364	0,40255615	69,852539	-0,31564519	-375,9603
45364	0,40255848	70,052734	-0,31627178	-378,64786
45364	0,4025608	70,25293	-0,31765032	-380,60571
45364	0,40256312	70,453125	-0,31825304	-382,15558
45364	0,40256542	70,65332	-0,32068783	-384,57986
45364	0,40256774	70,853516	-0,32231998	-387,09219
45364	0,40257007	71,053711	-0,32271084	-389,2171
45364	0,40257239	71,253906	-0,32307488	-390,65848
45364	0,40257469	71,454102	-0,32550967	-392,63184
45364	0,40257701	71,654297	-0,32550967	-394,92319
45364	0,40257934	71,854492	-0,327106	-397,19577
45364	0,40258166	72,054688	-0,32914096	-399,5202
45364	0,40258396	72,254883	-0,32868445	-401,1048
45364	0,40258628	72,455078	-0,33124456	-402,91708
45364	0,40258861	72,655273	-0,33378676	-405,60107
45364	0,40259093	72,855469	-0,33334216	-407,87335
45364	0,40259323	73,055664	-0,33455062	-410,18719
45364	0,40259555	73,255859	-0,33520108	-411,77881
45364	0,40259787	73,456055	-0,33620065	-414,06464
45364	0,4026002	73,65625	-0,33744788	-416,315
45364	0,40260249	73,856445	-0,34001395	-418,61963
45364	0,40260482	74,056641	-0,34027654	-421,4881
45364	0,40260714	74,256836	-0,3403362	-423,34314
45364	0,40260947	74,457031	-0,34119257	-425,44675
45364	0,40261176	74,657227	-0,34361243	-427,76001
45364	0,40261409	74,857422	-0,34568021	-429,86209
45364	0,40261641	75,057617	-0,34423605	-432,43954
45364	0,40261874	75,257813	-0,34635454	-434,98422
45364	0,40262103	75,458008	-0,34905192	-437,21851
45364	0,40262336	75,658203	-0,34911755	-439,13614
45364	0,40262568	75,858398	-0,35045132	-441,76157
45364	0,402628	76,058594	-0,35166872	-444,54288
45364	0,4026303	76,258789	-0,35373947	-446,59061
45364	0,40263262	76,458984	-0,35397223	-448,49109
45364	0,40263495	76,65918	-0,35419899	-450,47504
45364	0,40263727	76,859375	-0,35632643	-453,11804
45364	0,40263957	77,05957	-0,35839424	-456,0293
45364	0,40264189	77,259766	-0,35918492	-458,23569
45364	0,40264422	77,459961	-0,35956389	-460,10477
45364	0,40264654	77,660156	-0,36125869	-462,87177
45364	0,40264884	77,860352	-0,36119601	-465,48691
45364	0,40265116	78,060547	-0,36314744	-467,85126
45364	0,40265349	78,260742	-0,36436483	-470,64255
45364	0,40265581	78,460938	-0,36491683	-472,61115
45364	0,4026581	78,661133	-0,36524802	-474,75229
45364	0,40266043	78,861328	-0,36733073	-477,32498
45364	0,40266275	79,061523	-0,36978343	-479,86832
45364	0,40266508	79,261719	-0,37092921	-482,56021
45364	0,40266737	79,461914	-0,37066364	-484,28278
45364	0,4026697	79,662109	-0,37126338	-486,10953
45364	0,40267202	79,862305	-0,3718124	-488,59177
45364	0,40267435	80,0625	-0,37419051	-491,17026
45364	0,40267664	80,262695	-0,37584054	-493,59824
45364	0,40267897	80,462891	-0,37660739	-495,61542
45364	0,40268129	80,663086	-0,37685803	-497,31131
45364	0,40268362	80,863281	-0,37783074	-499,85913
45364	0,40268591	81,063477	-0,37935847	-502,07462
45364	0,40268824	81,263672	-0,38035208	-504,56641
45364	0,40269056	81,463867	-0,38173059	-507,01166
45364	0,40269288	81,664063	-0,3824288	-508,89996
45364	0,40269518	81,864258	-0,38349402	-510,46695
45364	0,4026975	82,064453	-0,38489941	-512,62018
45364	0,40269983	82,264648	-0,3863197	-515,17035
45364	0,40270215	82,464844	-0,38691348	-517,74316
45364	0,40270445	82,665039	-0,38897827	-519,72357
45364	0,40270677	82,865234	-0,38951534	-521,37939
45364	0,4027091	83,06543	-0,39062533	-523,87354
45364	0,40271142	83,265625	-0,39263642	-526,29852
45364	0,40271372	83,46582	-0,39348382	-528,37549
45364	0,40271604	83,666016	-0,39396718	-530,2655
45364	0,40271837	83,866211	-0,39571571	-531,84979
45364	0,40272069	84,066406	-0,39631844	-533,73511
45364	0,40272298	84,266602	-0,39773276	-536,29871
45364	0,40272531	84,466797	-0,39947531	-538,76514
45364	0,40272763	84,666992	-0,40154606	-540,35541
45364	0,40272996	84,867188	-0,40079713	-542,24219
45364	0,40273225	85,067383	-0,40224427	-544,33911
45364	0,40273458	85,267578	-0,40286192	-546,51642
45364	0,4027369	85,467773	-0,40331247	-549,45465
45364	0,40273923	85,667969	-0,40549067	-551,3316
45364	0,40274152	85,868164	-0,40680054	-553,17133
45364	0,40274385	86,068359	-0,40851325	-555,40411
45364	0,40274617	86,268555	-0,40946209	-557,9632
45364	0,4027485	86,46875	-0,40885937	-560,65973
45364	0,40275079	86,668945	-0,41193867	-562,64191
45364	0,40275311	86,869141	-0,41175964	-564,37012
45364	0,40275544	87,069336	-0,41409597	-566,5719
45364	0,40275776	87,269531	-0,41470167	-569,35815
45364	0,40276006	87,469727	-0,41571319	-571,76495
45364	0,40276238	87,669922	-0,41740501	-574,17926
45364	0,40276471	87,870117	-0,41845828	-575,89972
45364	0,40276703	88,070313	-0,41935641	-578,61981
45364	0,40276933	88,270508	-0,41960704	-581,25702
45364	0,40277165	88,470703	-0,42158532	-583,75146
45364	0,40277398	88,670898	-0,42339054	-585,55811
45364	0,40277627	88,871094	-0,42306229	-587,44397
45364	0,4027786	89,071289	-0,42493317	-589,6723
45364	0,40278092	89,271484	-0,42725754	-592,60034
45364	0,40278324	89,47168	-0,42785728	-595,55377
45364	0,40278554	89,671875	-0,42843616	-597,6015
45364	0,40278786	89,87207	-0,4291105	-599,4552
45364	0,40279019	90,072266	-0,42968041	-601,85754
45364	0,40279251	90,272461	-0,43116334	-604,95105
45364	0,40279481	90,472656	-0,43372345	-607,58289
45364	0,40279713	90,672852	-0,43442765	-609,80884
45364	0,40279946	90,873047	-0,43492892	-611,6637
45364	0,40280178	91,073242	-0,43609858	-614,12213
45364	0,40280408	91,273438	-0,43679976	-617,10443
45364	0,4028064	91,473633	-0,43855724	-619,6391
45364	0,40280873	91,673828	-0,4394643	-621,25977
45364	0,40281105	91,874023	-0,440258	-623,23151
45364	0,40281335	92,074219	-0,4411591	-625,63776
45364	0,40281567	92,274414	-0,44290465	-628,27496
45364	0,40281799	92,474609	-0,44563481	-630,539
45364	0,40282032	92,674805	-0,44473669	-632,3045
45364	0,40282261	92,875	-0,44589144	-634,09802
45364	0,40282494	93,075195	-0,44629127	-636,51019
45364	0,40282726	93,275391	-0,44784582	-639,27618
45364	0,40282959	93,475586	-0,44993746	-641,5376
45364	0,40283188	93,675781	-0,45050439	-643,23334
45364	0,40283421	93,875977	-0,45216638	-645,19849
45364	0,40283653	94,076172	-0,45321667	-647,30847
45364	0,40283886	94,276367	-0,45363143	-649,82172
45364	0,40284115	94,476563	-0,45543665	-651,90161
45364	0,40284348	94,676758	-0,45609605	-654,20325
45364	0,4028458	94,876953	-0,45751932	-656,13147
45364	0,40284812	95,077148	-0,45782667	-658,35266
45364	0,40285042	95,277344	-0,4604196	-661,1156
45364	0,40285274	95,477539	-0,46160716	-663,39819
45364	0,40285507	95,677734	-0,46193835	-664,96246
45364	0,40285739	95,87793	-0,46331987	-666,72589
45364	0,40285969	96,078125	-0,46536079	-668,69733
45364	0,40286201	96,27832	-0,46593666	-670,84723
45364	0,40286434	96,478516	-0,46790299	-673,26691
45364	0,40286666	96,678711	-0,4684729	-675,49609
45364	0,40286896	96,878906	-0,46900997	-677,22076
45364	0,40287128	97,079102	-0,46980965	-679,18744
45364	0,40287361	97,279297	-0,47127169	-681,89587
45364	0,40287593	97,479492	-0,47623378	-690,6062
45364	0,40287822	97,679688	-0,4733932	-685,63043
45364	0,40288055	97,879883	-0,47448826	-686,81952
45364	0,40288287	98,080078	-0,4773348	-695,39362
45364	0,4028852	98,280273	-0,47698867	-691,43054
45364	0,40288749	98,480469	-0,48158076	-700,32593
45364	0,40288982	98,680664	-0,47961444	-695,79242
45364	0,40289214	98,880859	-0,481536	-700,52618
45364	0,40289447	99,081055	-0,48244309	-700,59326
45364	0,40289676	99,28125	-0,48297718	-702,49377
45364	0,40289909	99,481445	-0,48681137	-710,78625
45364	0,40290141	99,681641	-0,48527771	-706,77454
45364	0,40290374	99,881836	-0,48825854	-710,29779
45364	0,40290603	100,08203	-0,49071121	-716,72437
45364	0,40290835	100,28223	-0,48925811	-713,40143
45364	0,40291068	100,48242	-0,49103943	-716,29492
45364	0,402913	100,68262	-0,49520484	-724,78412
45364	0,4029153	100,88281	-0,49300277	-720,26605
45364	0,40291762	101,08301	-0,49481097	-723,08954
45364	0,40291995	101,2832	-0,49820656	-731,41479
45364	0,40292227	101,4834	-0,49874064	-728,61371
45364	0,40292457	101,68359	-0,49695933	-728,79968
45364	0,40292689	101,88379	-0,50188261	-736,03357
45364	0,40292922	102,08398	-0,50324321	-738,84692
45364	0,40293154	102,28418	-0,50225258	-736,06549
45364	0,40293384	102,48438	-0,50331783	-739,28027
45364	0,40293616	102,68457	-0,50682974	-748,8316
45364	0,40293849	102,88477	-0,50717288	-744,55017
45364	0,40294081	103,08496	-0,50567204	-745,19751
45364	0,4029431	103,28516	-0,51089966	-751,99811
45364	0,40294543	103,48535	-0,51238561	-758,60468
45364	0,40294775	103,68555	-0,51164562	-753,3064
45364	0,40295008	103,88574	-0,51125771	-754,57983
45364	0,40295237	104,08594	-0,51615119	-761,69305
45364	0,4029547	104,28613	-0,51744318	-768,16498
45364	0,40295702	104,48633	-0,51748192	-762,27301
45364	0,40295935	104,68652	-0,5170821	-764,37976
45364	0,40296164	104,88672	-0,52041203	-770,86145
45364	0,40296397	105,08691	-0,52272153	-775,34943
45364	0,40296629	105,28711	-0,52136087	-770,72137
45364	0,40296862	105,4873	-0,52100581	-773,09961
45364	0,40297091	105,6875	-0,52556509	-782,26923
45364	0,40297323	105,8877	-0,52734345	-784,79016
45364	0,40297556	106,08789	-0,52509665	-779,4198
45364	0,40297788	106,28809	-0,52698839	-781,6228
45364	0,40298018	106,48828	-0,53096282	-792,07538
45364	0,4029825	106,68848	-0,53156257	-793,81433
45364	0,40298483	106,88867	-0,53070915	-788,01477
45364	0,40298715	107,08887	-0,53295302	-790,36737
45364	0,40298945	107,28906	-0,53640825	-800,18219
45364	0,40299177	107,48926	-0,5368737	-802,13214
45364	0,4029941	107,68945	-0,53829402	-796,81512
45364	0,40299642	107,88965	-0,53703785	-798,68762
45364	0,40299872	108,08984	-0,54231918	-806,49969
45364	0,40300104	108,29004	-0,54270411	-811,15985
45364	0,40300336	108,49023	-0,54333067	-811,36285
45364	0,40300569	108,69043	-0,54259968	-807,04297
45364	0,40300798	108,89063	-0,54708433	-812,24585
45364	0,40301031	109,09082	-0,54715294	-819,46729
45364	0,40301263	109,29102	-0,54936397	-820,90704
45364	0,40301496	109,49121	-0,54943258	-817,14032
45364	0,40301725	109,69141	-0,55024713	-819,31946
45364	0,40301958	109,8916	-0,55345774	-827,36371
45364	0,4030219	110,0918	-0,5540306	-829,54852
45364	0,40302423	110,29199	-0,55534649	-828,5993
45364	0,40302652	110,49219	-0,55432302	-825,237
45364	0,40302885	110,69238	-0,55884945	-830,73645
45364	0,40303117	110,89258	-0,55990577	-837,93964
45364	0,40303349	111,09277	-0,56127828	-839,67474
45364	0,40303579	111,29297	-0,56262398	-838,55145
45364	0,40303811	111,49316	-0,56289852	-837,66724
45364	0,40304044	111,69336	-0,56603748	-845,39648
45364	0,40304276	111,89355	-0,5663985	-848,41632
45364	0,40304506	112,09375	-0,56715935	-849,56433
45364	0,40304738	112,29395	-0,56952256	-848,25098
45364	0,40304971	112,49414	-0,57069224	-849,45856
45364	0,40305203	112,69434	-0,57247651	-856,85938
45364	0,40305433	112,89453	-0,57295394	-859,25903
45364	0,40305665	113,09473	-0,57523954	-861,16516
45364	0,40305898	113,29492	-0,57594967	-862,61926
45364	0,4030613	113,49512	-0,57742071	-864,61359
45364	0,4030636	113,69531	-0,57952428	-866,62048
45364	0,40306592	113,89551	-0,58116835	-869,25116
45364	0,40306824	114,0957	-0,58196205	-871,85498
45364	0,40307057	114,2959	-0,58451921	-874,34973
45364	0,40307286	114,49609	-0,58516073	-876,12445
45364	0,40307519	114,69629	-0,58643478	-877,83484
45364	0,40307751	114,89648	-0,58719862	-879,66797
45364	0,40307984	115,09668	-0,58865476	-882,27386
45364	0,40308213	115,29688	-0,59025109	-884,40625
45364	0,40308446	115,49707	-0,59181756	-887,16205
45364	0,40308678	115,69727	-0,59439558	-889,28546
45364	0,40308908	115,89746	-0,59518331	-891,57574
45364	0,4030914	116,09766	-0,59771955	-894,07739
45364	0,40309373	116,29785	-0,59962916	-896,43475
45364	0,40309605	116,49805	-0,60076898	-898,63116
45364	0,40309834	116,69824	-0,6023922	-900,86902
45364	0,40310067	116,89844	-0,6032933	-903,51666
45364	0,40310299	117,09863	-0,60546851	-906,04541
45364	0,40310532	117,29883	-0,60764372	-908,3855
45364	0,40310761	117,49902	-0,60834193	-910,91602
45364	0,40310994	117,69922	-0,60970849	-913,18542
45364	0,40311226	117,89941	-0,61109596	-915,37622
45364	0,40311459	118,09961	-0,61335468	-917,50854
45364	0,40311688	118,2998	-0,61545235	-919,67578
45364	0,40311921	118,5	-0,61691439	-921,80664
45364	0,40312153	118,7002	-0,61911941	-923,92322
45364	0,40312386	118,90039	-0,62019658	-926,53955
45364	0,40312615	119,10059	-0,62238371	-928,61646
45364	0,40312847	119,30078	-0,62301332	-930,79535
45364	0,4031308	119,50098	-0,62453204	-933,3446
45364	0,40313312	119,70117	-0,62623584	-935,40338
45364	0,40313542	119,90137	-0,62799627	-937,56433
45364	0,40313774	120,10156	-0,63092041	-939,57452
45364	0,40314007	120,30176	-0,63129932	-941,84784
45364	0,40314239	120,50195	-0,63317615	-943,77039
45364	0,40314469	120,70215	-0,6356318	-945,83063
45364	0,40314701	120,90234	-0,63684326	-948,11316
45364	0,40314934	121,10254	-0,63760114	-950,26904
45364	0,40315166	121,30273	-0,64108026	-952,8833
45364	0,40315396	121,50293	-0,64218426	-955,15546
45364	0,40315628	121,70313	-0,64417148	-957,19843
45364	0,40315861	121,90332	-0,64608115	-959,73608
45364	0,40316093	122,10352	-0,64898139	-961,65472
45364	0,40316322	122,30371	-0,65092683	-963,76862
45364	0,40316555	122,50391	-0,65121925	-965,68256
45364	0,40316787	122,7041	-0,65441191	-967,65662
45364	0,4031702	122,9043	-0,65599036	-969,88586
45364	0,40317249	123,10449	-0,65793282	-971,88678
45364	0,40317482	123,30469	-0,66029	-974,12433
45364	0,40317714	123,50488	-0,66047204	-976,08832
45364	0,40317947	123,70508	-0,66464937	-978,12262
45364	0,40318176	123,90527	-0,66557139	-980,24811
45364	0,40318409	124,10547	-0,66692007	-982,10748
45364	0,40318641	124,30566	-0,66857606	-984,3811
45364	0,40318874	124,50586	-0,67268181	-986,25568
45364	0,40319103	124,70605	-0,67300999	-988,5993
45364	0,40319335	124,90625	-0,67591327	-990,85925
45364	0,40319568	125,10645	-0,67757225	-993,13879
45364	0,403198	125,30664	-0,67963105	-995,32031
45364	0,4032003	125,50684	-0,68158549	-997,7829
45364	0,40320262	125,70703	-0,68291324	-999,58417
45364	0,40320495	125,90723	-0,6851511	-1001,8798
45364	0,40320727	126,10742	-0,68806332	-1003,9505
45364	0,40320957	126,30762	-0,68970442	-1006,4509
45364	0,40321189	126,50781	-0,69184679	-1008,4897
45364	0,40321422	126,70801	-0,69440985	-1011,171
45364	0,40321654	126,9082	-0,69712812	-1013,4011
45364	0,40321884	127,1084	-0,69999558	-1015,7069
45364	0,40322116	127,30859	-0,70078927	-1018,1287
45364	0,40322348	127,50879	-0,70426244	-1019,9433
45364	0,40322581	127,70898	-0,70562899	-1022,0918
45364	0,4032281	127,90918	-0,70845765	-1024,5952
45364	0,40323043	128,10938	-0,7105732	-1026,8607
45364	0,40323275	128,30957	-0,71304971	-1029,3356
45364	0,40323508	128,50977	-0,71643335	-1031,7582
45364	0,40323737	128,70996	-0,71823561	-1034,1239
45364	0,4032397	128,91016	-0,72008854	-1036,3793
45364	0,40324202	129,11035	-0,72371387	-1038,7206
45364	0,40324435	129,31055	-0,72565931	-1040,7487
45364	0,40324664	129,51074	-0,72909367	-1042,9236
45364	0,40324897	129,71094	-0,73164481	-1045,1028
45364	0,40325129	129,91113	-0,73385882	-1047,4332
45364	0,40325361	130,11133	-0,73631746	-1050,0508
45364	0,40325591	130,31152	-0,73914611	-1052,5509
45364	0,40325823	130,51172	-0,74173009	-1055,3347
45364	0,40326056	130,71191	-0,74574631	-1057,8191
45364	0,40326288	130,91211	-0,74819899	-1059,9312
45364	0,40326518	131,1123	-0,74997139	-1062,2084
45364	0,4032675	131,3125	-0,75360566	-1064,6093
45364	0,40326983	131,5127	-0,75710565	-1066,8116
45364	0,40327215	131,71289	-0,75974631	-1069,3157
45364	0,40327445	131,91309	-0,76287633	-1071,889
45364	0,40327677	132,11328	-0,76553792	-1074,3445
45364	0,4032791	132,31348	-0,76924378	-1076,751
45364	0,40328142	132,51367	-0,77192622	-1079,0232
45364	0,40328372	132,71387	-0,77564108	-1081,0461
45364	0,40328604	132,91406	-0,77837127	-1082,8909
45364	0,40328836	133,11426	-0,78148937	-1085,1082
45364	0,40329069	133,31445	-0,78497446	-1087,467
45364	0,40329298	133,51465	-0,78939945	-1089,7406
45364	0,40329531	133,71484	-0,7909928	-1092,1617
45364	0,40329763	133,91504	-0,79605031	-1094,4423
45364	0,40329996	134,11523	-0,7994101	-1096,8199
45364	0,40330225	134,31543	-0,80427074	-1098,6343
45364	0,40330458	134,51563	-0,80646384	-1100,9293
45364	0,4033069	134,71582	-0,8113215	-1103,3562
45364	0,40330923	134,91602	-0,81446046	-1105,4891
45364	0,40331152	135,11621	-0,81867057	-1107,5464
45364	0,40331385	135,31641	-0,82305384	-1109,705
45364	0,40331617	135,5166	-0,82658362	-1112,0626
45364	0,40331849	135,7168	-0,83226782	-1114,152
45364	0,40332079	135,91699	-0,8368808	-1116,0111
45364	0,40332311	136,11719	-0,84072989	-1118,2701
45364	0,40332544	136,31738	-0,84573376	-1120,2594
45364	0,40332776	136,51758	-0,85047501	-1122,4919
45364	0,40333006	136,71777	-0,85510588	-1124,8296
45364	0,40333238	136,91797	-0,86184633	-1126,9724
45364	0,40333471	137,11816	-0,86821973	-1129,088
45364	0,40333703	137,31836	-0,87278199	-1131,1603
45364	0,40333933	137,51855	-0,87933439	-1132,7028
45364	0,40334165	137,71875	-0,88581526	-1134,6301
45364	0,40334398	137,91895	-0,89197081	-1136,7484
45364	0,4033463	138,11914	-0,89958251	-1138,5511
45364	0,40334859	138,31934	-0,90630805	-1140,8427
45364	0,40335092	138,51953	-0,91595173	-1142,9604
45364	0,40335324	138,71973	-0,92413628	-1145,2731
45364	0,40335557	138,91992	-0,9344961	-1146,9019
45364	0,40335786	139,12012	-0,94491255	-1148,312
45364	0,40336019	139,32031	-0,96069688	-1149,8439
45364	0,40336251	139,52051	-0,97697657	-1151,024
45364	0,40336484	139,7207	-0,99828392	-1151,3617
45364	0,40336713	139,9209	-1,0364558	-1147,713
45364	0,40336946	140,12109	-0,74518538	-382,38522
45364	0,40337178	140,32129	-0,14404039	2,622494
45364	0,40337411	140,52148	0,46016896	2,3062913
45364	0,4033764	140,72168	1,0670936	1,9574552
45364	0,40337873	140,92188	1,6735706	1,9857674
45364	0,40338105	141,12207	2,2810323	2,2466867
45364	0,40338337	141,32227	2,8870409	2,1362691
45364	0,40338567	141,52246	3,4933836	2,1541505
45364	0,40338799	141,72266	4,1017256	2,0870953
45364	0,40339032	141,92285	4,7105536	1,8623857
