MTS793|MPT|DEU|1|2|,|.|:|49|1|1|A

Bediener Information						Zeit:	18,84375	s	11.07.2023 10:16:09
Datum	11.7.2023
Prüfer	Mac, Sc
Probe 	TP2_CEMII-A-LL_420_oF E-Modul Probe 4
Masse	5412,2
Länge	300,6
Durchmesser	99,0
Bediener Information Ende

Datenerfassung						Zeit:	323,44531	s	11.07.2023 10:21:13
Datum	Laufzeit	Ch 1 Kraft Sollwert	Ch 1 Kraft	Ch 1 Weg	1470533	1470534	1281068
d	s	kN	kN	mm	mm	mm	mm
45118	19,354492	0,45474279	0,93303639	0,99381804	0,019696834	-0,027082149	-0,027392576
45118	19,854492	-0,027756304	0,90999919	0,95646977	0,019601721	-0,027105808	-0,027482057
45118	20,354492	-0,5102554	0,93685663	0,89231133	0,019710161	-0,02710437	-0,027396435
45118	20,854492	-0,99275452	0,93444264	0,78167915	0,019655807	-0,027099464	-0,027407827
45118	21,354492	-1,4752536	0,70246136	0,61525702	0,019622967	-0,027065214	-0,027645295
45118	21,854492	-1,9577527	-2,105763	0,53711534	0,018463902	-0,027901396	-0,028579844
45118	22,354492	-2,4402518	-2,618484	0,53288341	0,018318081	-0,028078314	-0,028684683
45118	22,854492	-2,9227509	-3,0749867	0,52912533	0,018116411	-0,028240886	-0,028883645
45118	23,354492	-3,4052501	-3,5053566	0,52719116	0,017930429	-0,028380841	-0,028963037
45118	23,854492	-3,8877492	-3,9219761	0,5246222	0,017743912	-0,02856946	-0,028981583
45118	24,354492	-3,9000001	-4,0957108	0,52356124	0,017607952	-0,02866891	-0,029124534
45118	24,854492	-3,9000001	-4,0519943	0,52346885	0,017635591	-0,028636217	-0,029082377
45118	25,354492	-3,9000001	-4,0955596	0,5231142	0,017621756	-0,028658185	-0,029109944
45118	25,854492	-3,9000001	-4,0716081	0,52191317	0,017629435	-0,028703772	-0,029138202
45118	26,354492	-3,9000001	-4,0396895	0,52241087	0,017709905	-0,028676145	-0,029133709
45118	26,854492	-3,9000001	-4,100235	0,52238107	0,01762316	-0,028599722	-0,029165968
45118	27,354492	-3,9000001	-4,092803	0,5218178	0,017670015	-0,028640412	-0,029108597
45118	27,854492	-3,9000001	-4,0529184	0,52250624	0,017677724	-0,028658733	-0,02909858
45118	28,354492	-3,9000001	-4,1098928	0,52125156	0,017607443	-0,028626012	-0,029069057
45118	28,854492	-3,9000001	-4,0781684	0,52229762	0,01762319	-0,028576247	-0,029089233
45118	29,354492	-3,9000001	-4,0401444	0,52224398	0,01773919	-0,0286998	-0,029100401
45118	29,854492	-3,9000001	-4,0609574	0,52268505	0,017620262	-0,028614774	-0,029087389
45118	30,354492	-3,9000001	-4,0771604	0,52230954	0,017686568	-0,028683148	-0,029079685
45118	30,854492	-3,9000001	-4,078671	0,52296221	0,017702106	-0,028565813	-0,02910473
45118	31,354492	-3,9000001	-4,0474906	0,52186549	0,017706649	-0,028631933	-0,029128682
45118	31,854492	-3,9000001	-4,0141716	0,52177012	0,01766341	-0,028589562	-0,029083915
45118	32,354492	-3,9000001	-4,0408835	0,52262843	0,01767363	-0,028676879	-0,029096825
45118	32,854492	-3,9000001	-4,0451007	0,52209496	0,017683072	-0,028586516	-0,029129487
45118	33,354492	-3,9000001	-4,0488744	0,52269697	0,017692456	-0,028680526	-0,029133866
45118	33,854492	-3,9000001	-3,9996839	0,52223206	0,017713552	-0,028568741	-0,029074583
45118	34,354492	-3,9000001	-4,0323229	0,5233109	0,017714657	-0,028650405	-0,029024484
45118	34,854492	-3,9000001	-4,0179601	0,52274764	0,017692605	-0,028581563	-0,029059175
45118	35,354492	-3,9000001	-4,0100923	0,5223304	0,017748453	-0,028633431	-0,029136728
45118	35,854492	-3,9000001	-4,0051374	0,52173734	0,017667176	-0,028696153	-0,029046422
45118	36,354492	-3,9000001	-4,0222945	0,52230954	0,017721111	-0,028644089	-0,029047329
45118	36,854492	-3,9000001	-3,9974506	0,5228579	0,01773414	-0,028583165	-0,029008934
45118	37,354492	-3,9000001	-3,9816833	0,52208006	0,017724726	-0,028647913	-0,0291123
45118	37,854492	-3,9000001	-3,9753876	0,5223304	0,017791154	-0,028575422	-0,029004063
45118	38,354492	-3,9000001	-4,0421858	0,52221119	0,017682415	-0,028633907	-0,029051902
45118	38,854492	-3,9000001	-3,9664674	0,52161217	0,017715404	-0,02863197	-0,029050585
45118	39,354492	-3,9000001	-3,993675	0,5218327	0,017773135	-0,028597657	-0,029036107
45118	39,854492	-3,9000001	-3,9832795	0,52274466	0,017755954	-0,028607961	-0,029105058
45118	40,354492	-3,9000001	-3,936326	0,52174926	0,017772777	-0,028588705	-0,029036352
45118	40,854492	-3,9000001	-4,0120144	0,52197576	0,017678531	-0,028696198	-0,02913229
45118	41,354492	-3,9000001	-3,9989426	0,5219847	0,017656688	-0,028652981	-0,029069072
45118	41,854492	-3,9000001	-3,9766169	0,52322447	0,017725505	-0,028677054	-0,029046131
45118	42,354492	-3,9000001	-3,940392	0,52247047	0,017836872	-0,028647389	-0,029065272
45118	42,854492	-3,9000001	-3,9543991	0,522542	0,017832749	-0,028645568	-0,029024655
45118	43,354492	-3,9000001	-3,9969532	0,52238703	0,017739549	-0,028599523	-0,029056089
45118	43,854492	-3,9000001	-3,9465668	0,5223304	0,017722726	-0,028637445	-0,028984394
45118	44,354492	-3,9000001	-3,9589367	0,5227536	0,017814461	-0,028649043	-0,029064171
45118	44,854492	-3,9000001	-3,9601865	0,52169263	0,017858356	-0,028652843	-0,028976191
45118	45,354492	-3,9000001	-3,9769783	0,52329898	0,017724488	-0,028652636	-0,028986461
45118	45,854492	-3,9000001	-3,9278564	0,52168071	0,017762676	-0,028649487	-0,029049166
45118	46,354492	-3,9000001	-3,992794	0,52173436	0,017746601	-0,028623652	-0,029000597
45118	46,854492	-3,9000001	-3,9529593	0,52197874	0,017790556	-0,028631099	-0,028974883
45118	47,354492	-3,9000001	-3,9473212	0,52266717	0,017687166	-0,02856653	-0,029000167
45118	47,854492	-3,9000001	-3,9869843	0,52244663	0,017758613	-0,028563058	-0,029038174
45118	48,354492	-3,9000001	-3,9358604	0,52189529	0,017881723	-0,028612101	-0,028993146
45118	48,854492	-3,9000001	-3,9583426	0,52239895	0,017843865	-0,028604252	-0,029005505
45118	49,354492	-3,9000001	-3,9407403	0,52276254	0,017788554	-0,028609544	-0,028985152
45118	49,854492	-3,9000001	-3,9368606	0,52137077	0,017799431	-0,028606985	-0,028939359
45118	50,354492	-3,9000001	-3,9467902	0,52272081	0,017829521	-0,028587159	-0,028965356
45118	50,854492	-3,9000001	-3,9628184	0,52252114	0,017844133	-0,028655201	-0,028891424
45118	51,354492	-3,9000001	-3,9615593	0,52168369	0,017782368	-0,02859636	-0,029030552
45118	51,854492	-3,9000001	-3,9340665	0,5223304	0,017750844	-0,028645419	-0,029000368
45118	52,354492	-3,9000001	-3,9268787	0,52160323	0,017833615	-0,028621534	-0,028943835
45118	52,854492	-3,9000001	-3,9574726	0,5222708	0,017845597	-0,028594662	-0,02895873
45118	53,354492	-3,9000001	-3,9111617	0,52235425	0,017929923	-0,02863333	-0,028933827
45118	53,854492	-3,9000001	-3,9525273	0,52245259	0,017835228	-0,028575132	-0,028951732
45118	54,354492	-3,9000001	-3,9745176	0,52239299	0,017794082	-0,028664352	-0,029013328
45118	54,854492	-3,9000001	-3,9047077	0,52125454	0,017892063	-0,028549401	-0,028904786
45118	55,354492	-3,9000001	-3,9248147	0,52348971	0,017863078	-0,028622296	-0,028890315
45118	55,854492	-3,9000001	-3,9425137	0,52168667	0,017899623	-0,028622616	-0,02894962
45118	56,354492	-3,9000001	-3,9525812	0,52057803	0,017843565	-0,028488645	-0,028992478
45118	56,854492	-3,9000001	-3,9176195	0,52223802	0,01784219	-0,028676391	-0,02895087
45118	57,354492	-3,9000001	-3,9155333	0,52313209	0,017784849	-0,028600175	-0,028830854
45118	57,854492	-3,9000001	-3,9560103	0,52193403	0,01782719	-0,028616175	-0,028899187
45118	58,354492	-3,9000001	-3,9233246	0,52301288	0,0178525	-0,028622594	-0,028895997
45118	58,854492	-3,9000001	-3,939189	0,52192807	0,01781192	-0,028610846	-0,028920069
45118	59,354492	-3,9000001	-3,9592793	0,52280724	0,017915281	-0,028634839	-0,028963698
45118	59,854492	-3,9000001	-3,9351897	0,52298605	0,017833794	-0,028561668	-0,028930584
45118	60,354492	-3,9000001	-3,9054637	0,52319765	0,017916206	-0,028587416	-0,028868608
45118	60,854492	-3,9000001	-3,9266961	0,52285194	0,017944684	-0,028596755	-0,028860399
45118	61,354492	-3,9000001	-3,940191	0,52250028	0,01782495	-0,0286645	-0,028911963
45118	61,854492	-3,9000001	-3,9109771	0,52237809	0,017875688	-0,028594626	-0,02886199
45118	62,354492	-3,9000001	-3,9450581	0,52233636	0,017878646	-0,028595831	-0,028891914
45118	62,854492	-3,9000001	-3,933517	0,52248836	0,017781263	-0,028540667	-0,028897559
45118	63,354492	-3,9000001	-3,9339957	0,52173436	0,017887013	-0,028567966	-0,028882634
45118	63,854492	-3,9000001	-3,9279366	0,52257776	0,017839652	-0,028520696	-0,028909978
45118	64,354492	-3,9000001	-3,9034429	0,52193105	0,01781727	-0,028525194	-0,028937545
45118	64,854492	-3,9000001	-3,9583871	0,52218139	0,017913159	-0,028587136	-0,029007476
45118	65,354492	-3,9000001	-3,9480159	0,52200556	0,01793291	-0,02858749	-0,028973797
45118	65,854492	-3,9000001	-3,9095747	0,52228868	0,017898725	-0,028655302	-0,028879391
45118	66,354492	-3,9000001	-3,9225984	0,52212775	0,017903239	-0,028637331	-0,028859299
45118	66,854492	-3,9000001	-3,924865	0,52236021	0,017928278	-0,028574113	-0,028854256
45118	67,354492	-3,9000001	-3,9109457	0,52253008	0,01785492	-0,028560743	-0,028825603
45118	67,854492	-3,9000001	-3,8830655	0,52279532	0,017856684	-0,02858483	-0,02884209
45118	68,354492	-3,9000001	-3,9122195	0,5227834	0,017893437	-0,028582644	-0,028787782
45118	68,854492	-3,9000001	-3,9382892	0,52248538	0,017843895	-0,028589973	-0,028857967
45118	69,354492	-3,9000001	-3,8921514	0,52231848	0,0179001	-0,028572585	-0,02886498
45118	69,854492	-3,9000001	-3,940733	0,52274168	0,017812997	-0,028511493	-0,028824622
45118	70,354492	-3,9000001	-3,9112306	0,52273273	0,017871326	-0,028524842	-0,028854428
45118	70,854492	-3,9000001	-3,8786938	0,52235723	0,017863078	-0,028593291	-0,028807927
45118	71,354492	-4,1437502	-3,9993038	0,00097155571	-8,6984503e-05	1,5071593e-05	1,8717481e-05
45118	71,854492	-6,09375	-5,8171692	-0,006788969	-0,00084205542	-0,00053579267	-0,00041878223
45118	72,354492	-8,0437498	-7,8652444	-0,016006827	-0,0016244079	-0,0013770387	-0,0011109423
45118	72,854492	-9,9937506	-9,8279572	-0,024935603	-0,0025544937	-0,0019579874	-0,0017384352
45118	73,354492	-11,94375	-11,840475	-0,032964349	-0,0033900051	-0,0026633386	-0,0025108641
45118	73,854492	-13,89375	-13,827172	-0,040721893	-0,0041644094	-0,0032912102	-0,0031695305
45118	74,354492	-15,84375	-15,764106	-0,048193336	-0,0050329394	-0,0040623546	-0,0039310576
45118	74,854492	-17,793751	-17,638683	-0,053545833	-0,0058010686	-0,0047685504	-0,0045534046
45118	75,354492	-19,74375	-19,677673	-0,061711669	-0,0066353846	-0,0054709241	-0,0053645843
45118	75,854492	-21,69375	-21,602278	-0,068452954	-0,0074059339	-0,0062213112	-0,006168291
45118	76,354492	-23,643751	-23,527029	-0,074726343	-0,0081417914	-0,0068839062	-0,0068448493
45118	76,854492	-25,59375	-25,548885	-0,080931187	-0,0088912444	-0,00762254	-0,0077409162
45118	77,354492	-27,543751	-27,46973	-0,086903572	-0,0096648419	-0,0082920454	-0,0085803363
45118	77,854492	-29,493752	-29,445185	-0,09304285	-0,010499098	-0,0090435985	-0,0093007991
45118	78,354492	-31,44375	-31,425489	-0,099104643	-0,011225244	-0,0098626483	-0,010126926
45118	78,854492	-33,393749	-33,329628	-0,10427535	-0,011925812	-0,010670234	-0,011020439
45118	79,354492	-35,34375	-35,252159	-0,11078417	-0,012666629	-0,011453982	-0,011803818
45118	79,854492	-37,293751	-37,249336	-0,11650622	-0,013321807	-0,012265224	-0,012664774
45118	80,354492	-39,243752	-39,258018	-0,12299418	-0,014163055	-0,013027593	-0,013586369
45118	80,854492	-41,193752	-41,129948	-0,12710094	-0,014754018	-0,013870832	-0,014497083
45118	81,354492	-43,143749	-43,031212	-0,13346076	-0,015429126	-0,014729038	-0,015132863
45118	81,854492	-45,09375	-45,065842	-0,14000237	-0,016156347	-0,015582165	-0,016221356
45118	82,354492	-47,043751	-47,068069	-0,14517307	-0,016857393	-0,016403435	-0,017088249
45118	82,854492	-48,993752	-48,854633	-0,14930964	-0,017459353	-0,017146567	-0,017928759
45118	83,354492	-50,943752	-50,924164	-0,15478432	-0,018199274	-0,018018549	-0,018873099
45118	83,854492	-52,893753	-52,906982	-0,16076863	-0,018826423	-0,018766405	-0,019788537
45118	84,354492	-54,84375	-54,764214	-0,16583204	-0,019509181	-0,019581178	-0,020676639
45118	84,854492	-56,793751	-56,713139	-0,17199516	-0,020181809	-0,020464731	-0,021718947
45118	85,354492	-58,743752	-58,763905	-0,17611384	-0,020935714	-0,021361591	-0,022595661
45118	85,854492	-60,693752	-60,645573	-0,18219948	-0,021535015	-0,022156386	-0,023557741
45118	86,354492	-62,643753	-62,53957	-0,18678606	-0,022245772	-0,022843873	-0,024413513
45118	86,854492	-64,59375	-64,538338	-0,19157231	-0,022883244	-0,023762835	-0,025476737
45118	87,354492	-66,543755	-66,579414	-0,19748211	-0,023577312	-0,024685455	-0,026414905
45118	87,854492	-68,493752	-68,385727	-0,20217597	-0,02424111	-0,025453134	-0,027388619
45118	88,354492	-70,443748	-70,395676	-0,20838976	-0,024850555	-0,026320817	-0,028258951
45118	88,854492	-72,393753	-72,405632	-0,21412373	-0,025593091	-0,027161194	-0,029319268
45118	89,354492	-74,34375	-74,308258	-0,21829605	-0,026281796	-0,028011465	-0,030239968
45118	89,854492	-76,293755	-76,192894	-0,22332072	-0,026942635	-0,028838454	-0,031117357
45118	90,354492	-78,243752	-78,252037	-0,22848845	-0,027746249	-0,029625064	-0,032059643
45118	90,854492	-80,193748	-80,178711	-0,23268759	-0,028533665	-0,030565279	-0,032995395
45118	91,354492	-82,143753	-82,107513	-0,23775399	-0,029245842	-0,031360261	-0,033901155
45118	91,854492	-84,09375	-84,113953	-0,24322569	-0,030040819	-0,032281488	-0,034735601
45118	92,354492	-86,043755	-85,962967	-0,24786294	-0,03076202	-0,033059612	-0,035543844
45118	92,854492	-87,993752	-87,944099	-0,25270283	-0,031389706	-0,033912644	-0,036493078
45118	93,354492	-89,943748	-89,973709	-0,25649071	-0,032240354	-0,034910157	-0,037415225
45118	93,854492	-91,893753	-91,845123	-0,26129186	-0,032998458	-0,035581179	-0,038281407
45118	94,354492	-93,84375	-93,746712	-0,26643574	-0,033728279	-0,03647843	-0,039177671
45118	94,854492	-95,793755	-95,821686	-0,27116835	-0,034616217	-0,037335746	-0,040067777
45118	95,354492	-97,743752	-97,80526	-0,27591586	-0,035405099	-0,038268909	-0,040963605
45118	95,854492	-99,693756	-99,591125	-0,28056204	-0,036047727	-0,039062791	-0,041859802
45118	96,354492	-101,64375	-101,68034	-0,28577745	-0,036849368	-0,040007375	-0,042824376
45118	96,854492	-103,59375	-103,575	-0,29044151	-0,037590977	-0,04084678	-0,043655463
45118	97,354492	-105,54375	-105,47827	-0,29419065	-0,038437184	-0,041744821	-0,044631548
45118	97,854492	-107,49375	-107,50346	-0,29900074	-0,039264914	-0,042592861	-0,045481477
45118	98,354492	-109,44376	-109,44193	-0,30404329	-0,039909586	-0,043426625	-0,046367001
45118	98,854492	-111,39375	-111,28951	-0,30867755	-0,040777594	-0,044286855	-0,047270335
45118	99,354492	-112,1	-112,18484	-0,31085908	-0,041204002	-0,044804484	-0,047757097
45118	99,854492	-112,1	-112,16359	-0,31251907	-0,041261371	-0,044890985	-0,047867201
45118	100,35449	-112,1	-112,10274	-0,31242371	-0,041421983	-0,04503116	-0,04800497
45118	100,85449	-112,1	-112,18478	-0,31406283	-0,041575707	-0,045211449	-0,048086524
45118	101,35449	-112,1	-112,16187	-0,31313598	-0,041630812	-0,045276977	-0,048196007
45118	101,85449	-112,1	-112,11243	-0,31352341	-0,041602872	-0,045364752	-0,048190285
45118	102,35449	-112,1	-112,15533	-0,3143847	-0,041700568	-0,045400321	-0,048371855
45118	102,85449	-112,1	-112,17217	-0,31545758	-0,041805975	-0,045434207	-0,048440397
45118	103,35449	-112,1	-112,12826	-0,31362176	-0,041877914	-0,045443036	-0,048448268
45118	103,85449	-112,1	-112,10039	-0,31469762	-0,041858923	-0,045580924	-0,048523076
45118	104,35449	-112,1	-112,19077	-0,31438768	-0,041902579	-0,045614146	-0,048629042
45118	104,85449	-112,1	-112,08697	-0,31575263	-0,04196294	-0,045578226	-0,048454203
45118	105,35449	-112,1	-112,19336	-0,31525195	-0,041964091	-0,045758121	-0,048616704
45118	105,85449	-112,1	-112,14679	-0,31616688	-0,04204803	-0,045678265	-0,048700634
45118	106,35449	-112,1	-112,07024	-0,31601489	-0,041981138	-0,045701444	-0,048677035
45118	106,85449	-112,1	-112,13389	-0,31664073	-0,042144425	-0,045850351	-0,048773304
45118	107,35449	-112,1	-112,17933	-0,31619966	-0,042172723	-0,045844048	-0,048813142
45118	107,85449	-112,1	-112,0773	-0,3164202	-0,042127617	-0,04585997	-0,048704591
45118	108,35449	-112,1	-112,1581	-0,31624436	-0,042185348	-0,045917332	-0,048795838
45118	108,85449	-112,1	-112,17148	-0,31656325	-0,042238027	-0,045962773	-0,048832711
45118	109,35449	-112,1	-112,17278	-0,31614602	-0,042340491	-0,04592713	-0,048959728
45118	109,85449	-112,1	-112,09264	-0,31768978	-0,042204965	-0,04595539	-0,048927452
45118	110,35449	-112,1	-112,10429	-0,31723976	-0,042298209	-0,046014972	-0,048904065
45118	110,85449	-112,1	-112,15027	-0,31701922	-0,04239988	-0,046043158	-0,048966508
45118	111,35449	-112,1	-112,16138	-0,31678379	-0,042416912	-0,046115413	-0,04892293
45118	111,85449	-112,1	-112,12409	-0,31772554	-0,042443328	-0,046129763	-0,048992064
45118	112,35449	-112,1	-112,07285	-0,31726658	-0,042426385	-0,046130918	-0,048982143
45118	112,85449	-112,1	-112,20979	-0,31702816	-0,042512547	-0,046195574	-0,049055785
45118	113,35449	-112,1	-112,05312	-0,3177762	-0,042446196	-0,046163201	-0,04903587
45118	113,85449	-112,1	-112,172	-0,31736195	-0,042493153	-0,046165608	-0,049074564
45118	114,35449	-112,1	-112,16389	-0,31794906	-0,042530686	-0,04613819	-0,049157053
45118	114,85449	-112,1	-112,14375	-0,31813085	-0,04261395	-0,046259195	-0,049152821
45118	115,35449	-112,1	-112,08329	-0,31783879	-0,042498235	-0,046234697	-0,049177591
45118	115,85449	-112,1	-112,1039	-0,31838715	-0,042581037	-0,046294034	-0,049112152
45118	116,35449	-112,1	-112,16154	-0,31900406	-0,042655006	-0,046329081	-0,049231015
45118	116,85449	-112,1	-112,10667	-0,31859279	-0,042628773	-0,046453878	-0,049176902
45118	117,35449	-112,1	-112,08608	-0,31789839	-0,042604372	-0,046375193	-0,049209822
45118	117,85449	-112,1	-112,17067	-0,31846762	-0,042631388	-0,046378143	-0,049216878
45118	118,35449	-110,88506	-110,94051	-0,31755269	-0,042323533	-0,045973852	-0,048823901
45118	118,85449	-108,93506	-109,10463	-0,31358004	-0,041834332	-0,04544536	-0,048215117
45118	119,35449	-106,98505	-107,11536	-0,30980706	-0,041188687	-0,044729903	-0,047592342
45118	119,85449	-105,03506	-105,0616	-0,30665696	-0,040477198	-0,044027224	-0,046819843
45118	120,35449	-103,08506	-103,1478	-0,30317307	-0,03992245	-0,043313764	-0,046199817
45118	120,85449	-101,13506	-101,25499	-0,29885173	-0,039289221	-0,042713456	-0,045535475
45118	121,35449	-99,185059	-99,337128	-0,29498041	-0,038736895	-0,042035714	-0,044903796
45118	121,85449	-97,235054	-97,215591	-0,29106438	-0,038029857	-0,041329347	-0,044123739
45118	122,35449	-95,285057	-95,461548	-0,28750002	-0,037453208	-0,040640883	-0,04348902
45118	122,85449	-93,33506	-93,364494	-0,2845794	-0,036811851	-0,039908417	-0,042664438
45118	123,35449	-91,385056	-91,45446	-0,28030276	-0,036220692	-0,03922537	-0,042019892
45118	123,85449	-89,435059	-89,542534	-0,27623177	-0,035542537	-0,038545802	-0,041292951
45118	124,35449	-87,485054	-87,61573	-0,27304292	-0,034998681	-0,037911065	-0,040696349
45118	124,85449	-85,535057	-85,522285	-0,26841164	-0,034258775	-0,037133068	-0,039909326
45118	125,35449	-83,58506	-83,72805	-0,26490986	-0,033693913	-0,03652408	-0,039173227
45118	125,85449	-81,635056	-81,734344	-0,25992692	-0,032990597	-0,03570883	-0,038456839
45118	126,35449	-79,685059	-79,743782	-0,25696456	-0,032450762	-0,034989715	-0,037720785
45118	126,85449	-77,735054	-77,784668	-0,25256574	-0,031699982	-0,034273721	-0,037027795
45118	127,35449	-75,785057	-75,928688	-0,24877191	-0,03117002	-0,03358566	-0,036341868
45118	127,85449	-73,835052	-73,902206	-0,24422407	-0,030369917	-0,032836527	-0,035487462
45118	128,35449	-71,885056	-71,878036	-0,24005473	-0,02972348	-0,032089852	-0,034712166
45118	128,85449	-69,935059	-70,032623	-0,23603737	-0,029254418	-0,031361274	-0,034054603
45118	129,35449	-67,985054	-68,123978	-0,23157895	-0,028561516	-0,030763464	-0,03322266
45118	129,85449	-66,035057	-66,088356	-0,22735298	-0,027790876	-0,029897502	-0,032380514
45118	130,35449	-64,085052	-64,081978	-0,22186637	-0,0271794	-0,02920674	-0,031590842
45118	130,85449	-62,135056	-62,296326	-0,21828413	-0,0266407	-0,028441681	-0,030821912
45118	131,35449	-60,185055	-60,278461	-0,21387339	-0,025914047	-0,027662354	-0,030049
45118	131,85449	-58,235054	-58,256489	-0,20782351	-0,025204649	-0,026946926	-0,029202705
45118	132,35449	-56,285057	-56,298828	-0,20429194	-0,024533544	-0,026154729	-0,028258052
45118	132,85449	-54,335056	-54,466389	-0,19898117	-0,02401875	-0,025384931	-0,027529662
45118	133,35449	-52,385056	-52,412781	-0,1942575	-0,023304362	-0,024573443	-0,026679957
45118	133,85449	-50,435055	-50,510971	-0,18931031	-0,022734167	-0,023805438	-0,025885062
45118	134,35449	-48,485054	-48,594795	-0,18313527	-0,022041474	-0,023096932	-0,024957281
45118	134,85449	-46,535057	-46,514389	-0,17824173	-0,021346733	-0,022208197	-0,024024224
45118	135,35449	-44,585056	-44,711411	-0,17383993	-0,020743309	-0,021517815	-0,023268078
45118	135,85449	-42,635056	-42,718746	-0,16872287	-0,020175533	-0,020672331	-0,022374196
45118	136,35449	-40,685055	-40,704357	-0,16337335	-0,019429158	-0,01981177	-0,02146442
45118	136,85449	-38,735054	-38,772274	-0,15797615	-0,018792925	-0,01896886	-0,020610321
45118	137,35449	-36,785057	-36,917423	-0,15214384	-0,018044129	-0,018192131	-0,019635852
45118	137,85449	-34,835056	-34,853722	-0,14600456	-0,01734655	-0,017315587	-0,018791055
45118	138,35449	-32,885056	-32,997768	-0,14053583	-0,016747639	-0,016595872	-0,018054895
45118	138,85449	-30,935055	-31,041731	-0,13488829	-0,015964272	-0,015692143	-0,01709988
45118	139,35449	-28,985056	-28,972563	-0,12974441	-0,01520917	-0,014863292	-0,016074307
45118	139,85449	-27,035055	-27,128407	-0,12346506	-0,014447914	-0,014104934	-0,015223078
45118	140,35449	-25,085054	-25,188137	-0,11644661	-0,013699088	-0,013264023	-0,014436725
45118	140,85449	-23,135056	-23,182045	-0,11088848	-0,012942881	-0,012439245	-0,013460438
45118	141,35449	-21,185055	-21,258961	-0,10387897	-0,012080955	-0,011638649	-0,012601334
45118	141,85449	-19,235054	-19,383339	-0,098258257	-0,011229816	-0,010919232	-0,011695826
45118	142,35449	-17,285055	-17,350958	-0,089964271	-0,010323516	-0,010055596	-0,010720283
45118	142,85449	-15,335054	-15,372487	-0,082442164	-0,0094037391	-0,0092264041	-0,0099562602
45118	143,35449	-13,385055	-13,465673	-0,075480342	-0,0086082686	-0,0083843376	-0,0091244662
45118	143,85449	-11,435055	-11,545493	-0,067517161	-0,007602314	-0,0076032262	-0,0082644997
45118	144,35449	-9,485055	-9,6150827	-0,059747696	-0,0066932049	-0,0067245439	-0,0074222097
45118	144,85449	-7,5350547	-7,5898924	-0,049442053	-0,0057223015	-0,0059030801	-0,0065561747
45118	145,35449	-5,5850544	-5,7433729	-0,039705634	-0,0047736592	-0,0051215924	-0,0056903148
45118	145,85449	-4,1323242	-4,3329167	-0,031664968	-0,0039995541	-0,0043639876	-0,005164396
45118	146,35449	-6,0823245	-5,4174085	-0,036433339	-0,0043502711	-0,0046261121	-0,0053307265
45118	146,85449	-8,0323248	-7,7891831	-0,044044852	-0,0054764082	-0,0055299383	-0,0061112163
45118	147,35449	-9,9823246	-9,7656755	-0,053241849	-0,0062021357	-0,0061397515	-0,0067530614
45118	147,85449	-11,932324	-11,776895	-0,061783195	-0,0070125167	-0,0069646593	-0,0075118891
45118	148,35449	-13,882324	-13,755691	-0,068300962	-0,0078941053	-0,007587079	-0,008184596
45118	148,85449	-15,832325	-15,647792	-0,075250864	-0,0086175315	-0,0082193594	-0,0089261634
45118	149,35449	-17,782324	-17,618431	-0,081288815	-0,0094370861	-0,0090116281	-0,0096241757
45118	149,85449	-19,732325	-19,630949	-0,088649988	-0,010231421	-0,0097742677	-0,01046844
45118	150,35449	-21,682325	-21,554316	-0,095778704	-0,010894787	-0,010375794	-0,011164196
45118	150,85449	-23,632324	-23,482456	-0,10138154	-0,011764333	-0,011220107	-0,011939332
45118	151,35449	-25,582325	-25,392143	-0,10638237	-0,012420945	-0,011887053	-0,012739227
45118	151,85449	-27,532326	-27,440691	-0,11405349	-0,013254066	-0,012658607	-0,013435823
45118	152,35449	-29,482325	-29,422419	-0,11856556	-0,014053212	-0,013565559	-0,014449058
45118	152,85449	-31,432325	-31,300781	-0,1252234	-0,014616415	-0,014221923	-0,015220453
45118	153,35449	-33,382324	-33,214588	-0,13096333	-0,015384484	-0,014925901	-0,015912792
45118	153,85449	-35,332325	-35,215038	-0,13524592	-0,016015457	-0,015734417	-0,016842211
45118	154,35449	-37,282326	-37,219669	-0,14149249	-0,016735986	-0,01657697	-0,017721014
45118	154,85449	-39,232327	-39,087288	-0,14629364	-0,017436014	-0,017274996	-0,018553875
45118	155,35449	-41,182323	-41,152809	-0,15218854	-0,018038422	-0,018075325	-0,019404519
45118	155,85449	-43,132324	-43,072552	-0,15817881	-0,018730802	-0,018865818	-0,02026036
45118	156,35449	-45,082325	-44,986412	-0,16231239	-0,019314744	-0,019691152	-0,021072911
45118	156,85449	-47,032326	-46,915092	-0,16757548	-0,020097634	-0,020428991	-0,022020007
45118	157,35449	-48,982327	-48,974548	-0,17321408	-0,020659134	-0,021304602	-0,022858111
45118	157,85449	-50,932327	-50,829666	-0,17752945	-0,021316133	-0,022062154	-0,023675099
45118	158,35449	-52,882324	-52,785648	-0,18288195	-0,021952217	-0,022838464	-0,024496092
45118	158,85449	-54,832325	-54,804173	-0,18827915	-0,022707423	-0,023656158	-0,025471505
45118	159,35449	-56,782326	-56,761551	-0,19285977	-0,023288434	-0,024392387	-0,026307812
45118	159,85449	-58,732327	-58,606075	-0,19710362	-0,023926402	-0,025111062	-0,02707392
45118	160,35449	-60,682327	-60,572662	-0,20291209	-0,024624787	-0,025869461	-0,027931916
45118	160,85449	-62,632324	-62,560883	-0,20751059	-0,02528237	-0,026712762	-0,028758006
45118	161,35449	-64,582329	-64,576309	-0,21235347	-0,026001001	-0,027484721	-0,029492732
45118	161,85449	-66,532326	-66,46376	-0,21699369	-0,026676454	-0,028294859	-0,030345222
45118	162,35449	-68,482323	-68,379578	-0,22171736	-0,02729141	-0,028955029	-0,031227695
45118	162,85449	-70,432327	-70,324272	-0,22580326	-0,027952565	-0,029860551	-0,031944364
45118	163,35449	-72,382324	-72,356407	-0,23002028	-0,028664427	-0,030583078	-0,032880824
45118	163,85449	-74,332329	-74,311157	-0,23465455	-0,029332647	-0,031347379	-0,033620387
45118	164,35449	-76,282326	-76,224449	-0,23951828	-0,029992875	-0,032150954	-0,034480762
45118	164,85449	-78,232323	-78,144234	-0,24422109	-0,03063014	-0,03293737	-0,035246998
45118	165,35449	-80,182327	-80,084541	-0,24779141	-0,031393919	-0,033660963	-0,036023259
45118	165,85449	-82,132324	-82,126266	-0,25327802	-0,032039687	-0,034571357	-0,03678555
45118	166,35449	-84,082329	-84,053329	-0,25747716	-0,032716557	-0,035226554	-0,037637487
45118	166,85449	-86,032326	-85,941063	-0,26062131	-0,033397224	-0,035997979	-0,0384207
45118	167,35449	-87,982323	-87,882278	-0,26558638	-0,034068462	-0,036771059	-0,039166845
45118	167,85449	-89,932327	-89,899467	-0,2707094	-0,034802094	-0,037664942	-0,039957631
45118	168,35449	-91,882324	-91,903465	-0,27346611	-0,035468027	-0,038342573	-0,040857207
45118	168,85449	-93,832329	-93,77549	-0,27864575	-0,036090307	-0,039214991	-0,041554809
45118	169,35449	-95,782326	-95,709412	-0,28248131	-0,036789887	-0,039843805	-0,042310338
45118	169,85449	-97,73233	-97,778679	-0,28685331	-0,037621394	-0,040693872	-0,043176506
45118	170,35449	-99,682327	-99,605461	-0,29124022	-0,038173571	-0,041471884	-0,043943878
45118	170,85449	-101,63232	-101,5575	-0,29434264	-0,038807787	-0,042291529	-0,044776257
45118	171,35449	-103,58233	-103,57737	-0,30002594	-0,039487559	-0,043003052	-0,045531865
45118	171,85449	-105,53233	-105,56512	-0,30371547	-0,040303648	-0,043831237	-0,046395883
45118	172,35449	-107,48233	-107,40408	-0,30745268	-0,040916305	-0,044505738	-0,047137324
45118	172,85449	-109,43233	-109,34457	-0,31217337	-0,041657314	-0,045340642	-0,047976959
45118	173,35449	-111,38232	-111,391	-0,31724572	-0,042309191	-0,046141393	-0,04884186
45118	173,85449	-112,1	-112,21135	-0,31787753	-0,042717326	-0,046531424	-0,049247798
45118	174,35449	-112,1	-112,14836	-0,3182143	-0,042705685	-0,046524845	-0,049241811
45118	174,85449	-112,1	-112,08006	-0,3189832	-0,042712335	-0,046565562	-0,049288705
45118	175,35449	-112,1	-112,12747	-0,32026768	-0,042831756	-0,046614699	-0,049316596
45118	175,85449	-112,1	-112,1759	-0,31896532	-0,042872529	-0,046629913	-0,049375124
45118	176,35449	-112,1	-112,17102	-0,32042861	-0,042861547	-0,046696663	-0,049487639
45118	176,85449	-112,1	-112,13984	-0,31937659	-0,042914663	-0,046697602	-0,049443267
45118	177,35449	-112,1	-112,11036	-0,31990707	-0,042986359	-0,046735153	-0,049525473
45118	177,85449	-112,1	-112,11918	-0,32034814	-0,04291895	-0,046805128	-0,04955817
45118	178,35449	-112,1	-112,18767	-0,31961501	-0,0430094	-0,046770342	-0,049725503
45118	178,85449	-112,1	-112,14625	-0,32040775	-0,043012284	-0,046915807	-0,049593113
45118	179,35449	-112,1	-112,10273	-0,32044351	-0,042970151	-0,046835691	-0,049620859
45118	179,85449	-112,1	-112,16666	-0,31948686	-0,043096788	-0,046850778	-0,049620055
45118	180,35449	-112,1	-112,15597	-0,32223165	-0,043065488	-0,046963818	-0,0496464
45118	180,85449	-112,1	-112,09766	-0,32069385	-0,043071806	-0,046897762	-0,049661893
45118	181,35449	-112,1	-112,08505	-0,32047033	-0,043124862	-0,046961918	-0,049609233
45118	181,85449	-112,1	-112,19548	-0,32114387	-0,043155745	-0,046998888	-0,049685929
45118	182,35449	-112,1	-112,13993	-0,32169819	-0,043185819	-0,04697632	-0,0497468
45118	182,85449	-112,1	-112,12161	-0,32083988	-0,043170013	-0,047041558	-0,049775705
45118	183,35449	-112,1	-112,08512	-0,32061934	-0,043130614	-0,047046326	-0,049703248
45118	183,85449	-112,1	-112,10711	-0,3206104	-0,043206885	-0,04712759	-0,049802013
45118	184,35449	-112,1	-112,19443	-0,32143891	-0,043308914	-0,047050536	-0,049924351
45118	184,85449	-112,1	-112,1479	-0,32207072	-0,043285459	-0,047107905	-0,04984751
45118	185,35449	-112,1	-112,08115	-0,32121539	-0,043227997	-0,047112241	-0,049853586
45118	185,85449	-112,1	-112,16972	-0,32202303	-0,04324476	-0,047172651	-0,049952809
45118	186,35449	-112,1	-112,08878	-0,32182038	-0,043271221	-0,047103524	-0,049751058
45118	186,85449	-112,1	-112,08679	-0,32169521	-0,043307122	-0,047040664	-0,049891513
45118	187,35449	-112,1	-112,14542	-0,32171011	-0,043340456	-0,047248766	-0,049878035
45118	187,85449	-112,1	-112,1653	-0,32090843	-0,043316714	-0,047275335	-0,049998213
45118	188,35449	-112,1	-112,13372	-0,32205284	-0,043273907	-0,047209159	-0,049962662
45118	188,85449	-112,1	-112,05894	-0,32182336	-0,04331392	-0,047236286	-0,049929861
45118	189,35449	-112,1	-112,14899	-0,32166541	-0,043354828	-0,047219895	-0,050019842
45118	189,85449	-112,1	-112,11701	-0,32176673	-0,043378927	-0,047240227	-0,050034042
45118	190,35449	-112,1	-112,08446	-0,32235682	-0,043397244	-0,047288969	-0,050037507
45118	190,85449	-112,1	-112,19156	-0,3226012	-0,043397885	-0,047265001	-0,05013898
45118	191,35449	-112,1	-112,02464	-0,32151341	-0,04334313	-0,047218129	-0,049950745
45118	191,85449	-112,1	-112,1021	-0,32280385	-0,043388475	-0,047293007	-0,049982827
45118	192,35449	-112,1	-112,14429	-0,32233596	-0,04343494	-0,047267929	-0,050058309
45118	192,85449	-112,1	-112,15264	-0,3226757	-0,043454975	-0,047238395	-0,050063852
45118	193,35449	-112,1	-112,08411	-0,32270253	-0,043421239	-0,047304571	-0,05015165
45118	193,85449	-110,89268	-110,95523	-0,32083988	-0,043120168	-0,046940736	-0,04974236
45118	194,35449	-108,94267	-109,02438	-0,31811595	-0,04248827	-0,046299636	-0,049105953
45118	194,85449	-106,99268	-107,11848	-0,31446218	-0,041908618	-0,045626819	-0,04837437
45118	195,35449	-105,04267	-105,14277	-0,31045675	-0,041256681	-0,045021221	-0,047712974
45118	195,85449	-103,09267	-103,09413	-0,30649304	-0,040672965	-0,044225186	-0,046972711
45118	196,35449	-101,14268	-101,30888	-0,30362904	-0,040069737	-0,043728866	-0,046404209
45118	196,85449	-99,192673	-99,277992	-0,2999872	-0,039448593	-0,042945579	-0,045656078
45118	197,35449	-97,242676	-97,28199	-0,295946	-0,038808938	-0,042245544	-0,044921983
45118	197,85449	-95,292671	-95,385185	-0,29118359	-0,038139552	-0,041581221	-0,044236232
45118	198,35449	-93,342674	-93,473625	-0,28791428	-0,037545484	-0,040857121	-0,043570887
45118	198,85449	-91,392677	-91,514908	-0,28397143	-0,037016314	-0,04014121	-0,042903289
45118	199,35449	-89,442673	-89,468246	-0,27884543	-0,03627466	-0,039426975	-0,042182125
45118	199,85449	-87,492676	-87,508354	-0,27642548	-0,035664573	-0,038757719	-0,041404407
45118	200,35449	-85,542671	-85,606911	-0,27316511	-0,034989107	-0,038072266	-0,040711585
45118	200,85449	-83,592674	-83,690765	-0,26963055	-0,034358133	-0,037376501	-0,040014267
45118	201,35449	-81,642677	-81,727997	-0,26462078	-0,033794541	-0,036629364	-0,039214194
45118	201,85449	-79,692673	-79,722176	-0,2602756	-0,03307721	-0,035881773	-0,038510785
45118	202,35449	-77,742676	-77,878067	-0,2573967	-0,032475878	-0,035202883	-0,037728444
45118	202,85449	-75,792671	-75,839439	-0,25314391	-0,031853646	-0,034463763	-0,037030417
45118	203,35449	-73,842674	-73,853539	-0,24845898	-0,031110018	-0,033675969	-0,036279514
45118	203,85449	-71,89267	-71,94725	-0,24396479	-0,030502351	-0,032921448	-0,035498884
45118	204,35449	-69,942673	-70,067207	-0,24046302	-0,029920278	-0,032187581	-0,034818709
45118	204,85449	-67,992676	-68,068062	-0,23472309	-0,029165955	-0,031497337	-0,034000445
45118	205,35449	-66,042671	-66,088493	-0,2305001	-0,028588438	-0,030744148	-0,033178799
45118	205,85449	-64,092674	-64,218513	-0,22645295	-0,027953446	-0,030037435	-0,032402996
45118	206,35449	-62,142673	-62,160973	-0,22090673	-0,027288005	-0,029277353	-0,031629868
45118	206,85449	-60,192673	-60,212448	-0,21716356	-0,026517693	-0,028500931	-0,030699445
45118	207,35449	-58,242672	-58,333656	-0,2127409	-0,025893278	-0,027773837	-0,029969351
45118	207,85449	-56,292671	-56,416561	-0,20788312	-0,025258705	-0,026932387	-0,029111855
45118	208,35449	-54,342674	-54,430862	-0,203529	-0,024623398	-0,026188271	-0,02831924
45118	208,85449	-52,392673	-52,412651	-0,19656122	-0,024010487	-0,025442386	-0,027453056
45118	209,35449	-50,442673	-50,522575	-0,19319355	-0,023407646	-0,024619447	-0,026665617
45118	209,85449	-48,492672	-48,62207	-0,18750131	-0,022611907	-0,023821114	-0,025745098
45118	210,35449	-46,542671	-46,520622	-0,18236041	-0,021950634	-0,023012305	-0,024910279
45118	210,85449	-44,592674	-44,740696	-0,17808974	-0,021429235	-0,022207512	-0,024135202
45118	211,35449	-42,642673	-42,697475	-0,1725316	-0,020624202	-0,021313393	-0,023160063
45118	211,85449	-40,692673	-40,715141	-0,16692281	-0,019976165	-0,020688118	-0,022288861
45118	212,35449	-38,742672	-38,871254	-0,1609683	-0,019400233	-0,019838212	-0,021425685
45118	212,85449	-36,792671	-36,865738	-0,15560985	-0,018593378	-0,01888418	-0,020432279
45118	213,35449	-34,842674	-34,870708	-0,14983416	-0,017880918	-0,018166855	-0,019608047
45118	213,85449	-32,892673	-32,942394	-0,14440417	-0,017278779	-0,017282611	-0,018668046
45118	214,35449	-30,942673	-31,089926	-0,13938248	-0,016532853	-0,016473815	-0,017824909
45118	214,85449	-28,992672	-28,982615	-0,13336241	-0,015783072	-0,015646921	-0,016828662
45118	215,35449	-27,042673	-27,180014	-0,12728274	-0,014993547	-0,014773516	-0,015955998
45118	215,85449	-25,092672	-25,185055	-0,12128651	-0,014196941	-0,014006374	-0,015022953
45118	216,35449	-23,142672	-23,200541	-0,11408925	-0,013452686	-0,013155345	-0,014099323
45118	216,85449	-21,192673	-21,2197	-0,10884404	-0,012652525	-0,012324415	-0,013250058
45118	217,35449	-19,242672	-19,333038	-0,10145605	-0,011729282	-0,011496997	-0,012263356
45118	217,85449	-17,292671	-17,409716	-0,094601512	-0,010882745	-0,010775534	-0,01143341
45118	218,35449	-15,342672	-15,445191	-0,087505579	-0,0099536749	-0,0099268723	-0,010542091
45118	218,85449	-13,392672	-13,493831	-0,078418851	-0,0090934811	-0,0090719592	-0,0096936207
45118	219,35449	-11,442672	-11,516473	-0,070235133	-0,0082118334	-0,0081361849	-0,008828802
45118	219,85449	-9,492672	-9,6472511	-0,063413382	-0,0073002437	-0,0074768402	-0,0080417935
45118	220,35449	-7,5426717	-7,6714082	-0,053033233	-0,0062952456	-0,0065571163	-0,0070963344
45118	220,85449	-5,5926719	-5,7028661	-0,043138862	-0,0052497583	-0,0057826564	-0,0062468271
45118	221,35449	-3,9000001	-4,1958017	-0,034403801	-0,0044798064	-0,0049980693	-0,0056068408
45118	221,85449	-3,9000001	-4,2520127	-0,033083558	-0,0043861587	-0,0048868712	-0,0055600433
45118	222,35449	-3,9000001	-4,0032525	-0,033223629	-0,0041746884	-0,0047466513	-0,00541542
45118	222,85449	-3,9000001	-3,8127208	-0,030487776	-0,0040424038	-0,0046244264	-0,0052909711
45118	223,35449	-3,9000001	-3,8247814	-0,031405687	-0,0039989566	-0,0045638885	-0,0052479664
45118	223,85449	-3,9000001	-3,8280969	-0,03079474	-0,0039721527	-0,0045700409	-0,0052248244
45118	224,35449	-3,9000001	-3,8299465	-0,03027916	-0,0040341867	-0,0045661125	-0,0052447761
45118	224,85449	-3,9000001	-3,8242171	-0,029951334	-0,0039250599	-0,0045894124	-0,0051060794
45118	225,35449	-3,9000001	-3,837332	-0,029656291	-0,0038589027	-0,004578894	-0,0051087118
45118	225,85449	-3,9000001	-3,8098319	-0,030189753	-0,0038737238	-0,0044841394	-0,0050890278
45118	226,35449	-3,9000001	-3,849577	-0,029927492	-0,0038967025	-0,0045073163	-0,0050237137
45118	226,85449	-3,9000001	-3,8479843	-0,029355288	-0,003829858	-0,0045070089	-0,005026361
45118	227,35449	-3,9000001	-3,8352664	-0,030273199	-0,0038491315	-0,0044284929	-0,0050660418
45118	227,85449	-3,9000001	-3,82868	-0,030755997	-0,0037209406	-0,0043604225	-0,0049567861
45118	228,35449	-3,9000001	-3,868479	-0,030136108	-0,0038305453	-0,0044295955	-0,0049953959
45118	228,85449	-3,9000001	-3,805315	-0,02913177	-0,0037635514	-0,0043959934	-0,0049182726
45118	229,35449	-3,9000001	-3,8530266	-0,029352307	-0,0037844086	-0,0044843461	-0,0048959781
45118	229,85449	-3,9000001	-3,8565395	-0,029483438	-0,0038213418	-0,0043379348	-0,0049155285
45118	230,35449	-3,9000001	-3,8564651	-0,029832125	-0,0037589795	-0,0043781269	-0,0048736464
45118	230,85449	-3,9000001	-3,8718076	-0,029662251	-0,0037958829	-0,0043615624	-0,0049279844
45118	231,35449	-3,9000001	-3,8294511	-0,03041625	-0,0037018764	-0,0043453909	-0,0047963448
45118	231,85449	-3,9000001	-3,8223825	-0,029218197	-0,0037068666	-0,0043254383	-0,0048782201
45118	232,35449	-3,9000001	-3,8642156	-0,029292703	-0,0037028624	-0,0044005811	-0,0049042846
45118	232,85449	-3,9000001	-3,871506	-0,029480457	-0,0037191478	-0,0043692198	-0,0048913453
45118	233,35449	-3,9000001	-3,8884764	-0,029617548	-0,0038015007	-0,004354002	-0,0049288995
45118	233,85449	-3,9000001	-3,8731711	-0,028818846	-0,0037251539	-0,0043505598	-0,0049237977
45118	234,35449	-3,9000001	-3,8335359	-0,029885769	-0,0036480601	-0,0043958686	-0,0048618303
45118	234,85449	-3,9000001	-3,85724	-0,029149652	-0,0036672738	-0,0043380838	-0,0048242835
45118	235,35449	-3,9000001	-3,9135571	-0,028038025	-0,0037247357	-0,004392691	-0,0048054471
45118	235,85449	-3,9000001	-3,8877816	-0,028157234	-0,003699217	-0,0043450575	-0,0047575939
45118	236,35449	-3,9000001	-3,8388147	-0,028929114	-0,0036107684	-0,0043285508	-0,0047056726
45118	236,85449	-3,9000001	-3,9035528	-0,02963841	-0,0036636582	-0,0044331066	-0,0048577473
45118	237,35449	-3,9000001	-3,8724914	-0,029039383	-0,0035561752	-0,0042228755	-0,0046488955
45118	237,85449	-3,9000001	-3,8714874	-0,028467178	-0,0035834867	-0,0043367855	-0,0047201663
45118	238,35449	-3,9000001	-3,8655677	-0,029110909	-0,0036039553	-0,004304206	-0,0047148494
45118	238,85449	-3,9000001	-3,8782058	-0,029367208	-0,0036631203	-0,0042752735	-0,004653967
45118	239,35449	-3,9000001	-3,8709545	-0,02886951	-0,0036426217	-0,0041729007	-0,0046587116
45118	239,85449	-3,9000001	-3,8943772	-0,029021502	-0,003621167	-0,0041972417	-0,0046728035
45118	240,35449	-3,9000001	-3,9188638	0,00051558018	-2,4472796e-05	7,4736774e-05	7,0489863e-05
45118	240,85449	-3,9000001	-3,8651338	0,00053942204	1,4731488e-05	1,5750527e-05	8,0759572e-05
45118	241,35449	-4,0561523	-3,8981826	0,00069439411	4,3656601e-05	5,2617863e-05	6,9314912e-05
45118	241,85449	-6,0061526	-4,9025788	-0,004568696	-0,00045470396	-0,00030079857	-0,00018658732
45118	242,35449	-7,9561524	-7,848608	-0,015941262	-0,0017694817	-0,0012959559	-0,0012167105
45118	242,85449	-9,9061527	-9,803359	-0,024977326	-0,0025539559	-0,0019847564	-0,0019415538
45118	243,35449	-11,856153	-11,748395	-0,031659007	-0,003359078	-0,0028201398	-0,0026065188
45118	243,85449	-13,806152	-13,683009	-0,0397861	-0,004107276	-0,0034692828	-0,0032759865
45118	244,35449	-15,756153	-15,738176	-0,046464801	-0,0049798405	-0,0042129308	-0,0041632857
45118	244,85449	-17,706152	-17,556976	-0,052860379	-0,0058348044	-0,0049597323	-0,0048745465
45118	245,35449	-19,656153	-19,640194	-0,059849024	-0,0066724974	-0,0057122596	-0,0056493585
45118	245,85449	-21,606153	-21,538464	-0,066506863	-0,0073437211	-0,0064381976	-0,0064721247
45118	246,35449	-23,556152	-23,451586	-0,072485209	-0,0080962228	-0,0071837679	-0,0072557637
45118	246,85449	-25,506153	-25,481516	-0,079599023	-0,0088325283	-0,007984478	-0,0080851857
45118	247,35449	-27,456154	-27,379406	-0,08457005	-0,0096628992	-0,0086938888	-0,0088478653
45118	247,85449	-29,406153	-29,297136	-0,091141462	-0,010400341	-0,00942518	-0,0097031174
45118	248,35449	-31,356153	-31,324089	-0,096237659	-0,011146866	-0,010249488	-0,010465745
45118	248,85449	-33,306152	-33,304474	-0,10254681	-0,011849764	-0,011070481	-0,011527986
45118	249,35449	-35,256153	-35,146591	-0,10754168	-0,012531744	-0,011814134	-0,012254309
45118	249,85449	-37,206154	-37,127064	-0,11392236	-0,013215847	-0,012652026	-0,013169395
45118	250,35449	-39,156155	-39,134022	-0,11898577	-0,013895677	-0,013424128	-0,01398542
45118	250,85449	-41,106152	-41,092655	-0,12367666	-0,014572549	-0,01432934	-0,014870138
45118	251,35449	-43,056152	-42,948891	-0,12940168	-0,015294093	-0,015046796	-0,015669242
45118	251,85449	-45,006153	-44,969372	-0,13405979	-0,015917746	-0,015839932	-0,016573135
45118	252,35449	-46,956154	-46,96817	-0,1401484	-0,016584547	-0,016658204	-0,01752815
45118	252,85449	-48,906155	-48,832413	-0,14385283	-0,017309528	-0,01735959	-0,018258542
45118	253,35449	-50,856155	-50,762638	-0,14951527	-0,017863767	-0,018266639	-0,019215453
45118	253,85449	-52,806152	-52,805458	-0,15462339	-0,018641159	-0,019004742	-0,02007211
45118	254,35449	-54,756153	-54,735909	-0,15953779	-0,019258521	-0,019769089	-0,020995706
45118	254,85449	-56,706154	-56,642063	-0,16487837	-0,019924292	-0,020643724	-0,021744205
45118	255,35449	-58,656155	-58,673313	-0,17004013	-0,02061585	-0,021312037	-0,022774013
45118	255,85449	-60,606155	-60,556953	-0,17446876	-0,021317957	-0,022203384	-0,02352054
45118	256,35449	-62,556152	-62,454571	-0,17878711	-0,021883596	-0,022957476	-0,024244208
45118	256,85449	-64,506157	-64,430077	-0,18347502	-0,022646464	-0,023780016	-0,025078528
45118	257,35449	-66,456154	-66,515404	-0,18796027	-0,02342199	-0,024628216	-0,025991753
45118	257,85449	-68,406151	-68,266228	-0,19311905	-0,023922144	-0,025294034	-0,02677073
45118	258,35449	-70,356155	-70,393867	-0,19904077	-0,024776554	-0,026182516	-0,027603356
45118	258,85449	-72,306152	-72,30899	-0,20270944	-0,025387537	-0,026937736	-0,028336473
45118	259,35449	-74,256157	-74,165909	-0,20641983	-0,026047407	-0,027654732	-0,029178632
45118	259,85449	-76,206154	-76,202515	-0,21175146	-0,026727669	-0,028472288	-0,030042002
45118	260,35449	-78,156151	-78,156975	-0,21643639	-0,027559131	-0,029220881	-0,030847987
45118	260,85449	-80,106155	-80,032501	-0,22043884	-0,028212367	-0,03003872	-0,031729199
45118	261,35449	-82,056152	-82,086189	-0,22488236	-0,028838292	-0,030864989	-0,032573141
45118	261,85449	-84,006157	-83,908043	-0,22972524	-0,029471612	-0,031648874	-0,03324395
45118	262,35449	-85,956154	-85,964363	-0,23490191	-0,030231044	-0,032372423	-0,034197889
45118	262,85449	-87,906151	-87,937958	-0,23912489	-0,030897383	-0,033186674	-0,034986157
45118	263,35449	-89,856155	-89,727547	-0,24255216	-0,031579304	-0,033838123	-0,035656516
45118	263,85449	-91,806152	-91,854568	-0,24712682	-0,032323275	-0,034637339	-0,036575086
45118	264,35449	-93,756157	-93,748703	-0,25044382	-0,033041622	-0,035482228	-0,037427191
45118	264,85449	-95,706154	-95,597466	-0,2548933	-0,033643641	-0,036173709	-0,038119975
45118	265,35449	-97,656158	-97,565521	-0,25976896	-0,034287747	-0,036863126	-0,038892921
45118	265,85449	-99,606155	-99,67321	-0,26397705	-0,035122599	-0,037775069	-0,039793588
45118	266,35449	-101,55615	-101,40216	-0,26872456	-0,035594903	-0,038439289	-0,040533658
45118	266,85449	-103,50616	-103,55154	-0,27291477	-0,036393318	-0,039262846	-0,041298538
45118	267,35449	-105,45615	-105,44447	-0,27604103	-0,037094828	-0,040041521	-0,042130657
45118	267,85449	-107,40616	-107,31783	-0,28064847	-0,037769951	-0,040803798	-0,042898197
45118	268,35449	-109,35616	-109,29756	-0,28403103	-0,038383547	-0,041551776	-0,043663189
45118	268,85449	-111,30615	-111,33578	-0,28942525	-0,039218597	-0,042330004	-0,044535294
45118	269,35449	-112,1	-112,09913	-0,29086769	-0,039470632	-0,042705804	-0,044961184
45118	269,85449	-112,1	-112,19797	-0,29158294	-0,039577216	-0,042797424	-0,044963241
45118	270,35449	-112,1	-112,07471	-0,2921164	-0,039521176	-0,042811818	-0,045024328
45118	270,85449	-112,1	-112,13138	-0,29237866	-0,039650321	-0,042957067	-0,045106024
45118	271,35449	-112,1	-112,17218	-0,29203296	-0,039689228	-0,04297071	-0,045180846
45118	271,85449	-112,1	-112,14232	-0,29274821	-0,039754204	-0,04294125	-0,045115542
45118	272,35449	-112,1	-112,10342	-0,29308796	-0,039685551	-0,042914093	-0,045351945
45118	272,85449	-112,1	-112,19348	-0,29208958	-0,039761972	-0,043023974	-0,045269217
45118	273,35449	-112,1	-112,1067	-0,29330254	-0,039737888	-0,043009043	-0,045281574
45118	273,85449	-112,1	-112,06792	-0,2933532	-0,039791018	-0,043046065	-0,045303289
45118	274,35449	-112,1	-112,12457	-0,29284358	-0,039784998	-0,043113902	-0,045432586
45118	274,85449	-112,1	-112,14877	-0,2940923	-0,039884485	-0,043084361	-0,045361366
45118	275,35449	-112,1	-112,0818	-0,2933681	-0,039931506	-0,043133043	-0,04545673
45118	275,85449	-112,1	-112,15059	-0,29278696	-0,039957128	-0,043163538	-0,045399472
45118	276,35449	-112,1	-112,11532	-0,29300749	-0,039909571	-0,043199636	-0,045547102
45118	276,85449	-112,1	-112,07553	-0,29401481	-0,039939962	-0,04320465	-0,04547479
45118	277,35449	-112,1	-112,16051	-0,29321611	-0,039920539	-0,043270543	-0,045505363
45118	277,85449	-112,1	-112,12828	-0,29291809	-0,039949942	-0,043260336	-0,045556944
45118	278,35449	-112,1	-112,05418	-0,29400587	-0,039888714	-0,043205008	-0,045495328
45118	278,85449	-112,1	-112,12854	-0,29376149	-0,040045112	-0,043284431	-0,045513336
45118	279,35449	-112,1	-112,173	-0,29450357	-0,04001287	-0,043221802	-0,04562806
45118	279,85449	-112,1	-112,03333	-0,29381216	-0,039953616	-0,043334283	-0,045543589
45118	280,35449	-112,1	-112,18891	-0,29369593	-0,040097676	-0,043280199	-0,045682363
45118	280,85449	-112,1	-112,14108	-0,29487908	-0,04005203	-0,043350898	-0,045713928
45118	281,35449	-112,1	-112,08598	-0,2943784	-0,04002481	-0,043308385	-0,045639448
45118	281,85449	-112,1	-112,07021	-0,29423833	-0,040089577	-0,043325983	-0,045640495
45118	282,35449	-112,1	-112,12823	-0,29444098	-0,0400513	-0,043393105	-0,045741156
45118	282,85449	-112,1	-112,19324	-0,29501319	-0,040095612	-0,043401614	-0,045798566
45118	283,35449	-112,1	-112,10376	-0,29451251	-0,040066898	-0,043438427	-0,045752794
45118	283,85449	-112,1	-112,1065	-0,29440522	-0,04018965	-0,043383099	-0,045718707
45118	284,35449	-112,1	-112,16933	-0,29349327	-0,040088739	-0,043530881	-0,045775082
45118	284,85449	-112,1	-112,13137	-0,29498935	-0,040119071	-0,043423839	-0,045687158
45118	285,35449	-112,1	-112,04955	-0,29399693	-0,040198285	-0,043453835	-0,045698889
45118	285,85449	-112,1	-112,15858	-0,29417872	-0,04012775	-0,04352273	-0,045793954
45118	286,35449	-112,1	-112,16022	-0,29438734	-0,040179938	-0,043464817	-0,045763176
45118	286,85449	-112,1	-112,06912	-0,29470921	-0,040179834	-0,043514378	-0,045824599
45118	287,35449	-112,1	-112,13527	-0,29507279	-0,040222131	-0,043614276	-0,045757845
45118	287,85449	-112,1	-112,14329	-0,2951175	-0,040268432	-0,043526053	-0,045802433
45118	288,35449	-112,1	-112,12156	-0,29503405	-0,040260304	-0,043564491	-0,045754191
45118	288,85449	-112,1	-112,08328	-0,29565394	-0,040276561	-0,043526389	-0,045850914
45118	289,35449	-110,98027	-111,03947	-0,29312074	-0,039875701	-0,043224931	-0,045417104
45118	289,85449	-109,03027	-109,13907	-0,28939843	-0,039277013	-0,042610094	-0,044796377
45118	290,35449	-107,08027	-107,21555	-0,28630197	-0,038653139	-0,041969165	-0,044067413
45118	290,85449	-105,13027	-105,24501	-0,2833277	-0,038096629	-0,04122065	-0,043394092
45118	291,35449	-103,18027	-103,22485	-0,27881563	-0,037440896	-0,0405306	-0,042743783
45118	291,85449	-101,23027	-101,27971	-0,27650893	-0,036753897	-0,039949939	-0,041951135
45118	292,35449	-99,280273	-99,454811	-0,27168393	-0,036225446	-0,039265275	-0,041373126
45118	292,85449	-97,330269	-97,347389	-0,26764274	-0,035532124	-0,038490094	-0,040624879
45118	293,35449	-95,380272	-95,554169	-0,26436746	-0,035031613	-0,037914276	-0,039959267
45118	293,85449	-93,430275	-93,486595	-0,26060641	-0,034337737	-0,037114985	-0,039250467
45118	294,35449	-91,48027	-91,478531	-0,25661886	-0,033625085	-0,036415875	-0,038449224
45118	294,85449	-89,530273	-89,684052	-0,25359392	-0,03310255	-0,03577514	-0,037814856
45118	295,35449	-87,580269	-87,721489	-0,24968982	-0,032517232	-0,035151169	-0,037187774
45118	295,85449	-85,630272	-85,705902	-0,24549961	-0,031765047	-0,03430476	-0,03634347
45118	296,35449	-83,680275	-83,738342	-0,2415061	-0,031096257	-0,033614561	-0,035614237
45118	296,85449	-81,73027	-81,870934	-0,23631752	-0,030492386	-0,032945998	-0,034862813
45118	297,35449	-79,780273	-79,781532	-0,23317039	-0,029849803	-0,032188505	-0,034124512
45118	297,85449	-77,830269	-78,01516	-0,22904277	-0,029378979	-0,031477645	-0,033455417
45118	298,35449	-75,880272	-75,930054	-0,22494197	-0,028538059	-0,030746324	-0,032609746
45118	298,85449	-73,930267	-73,935402	-0,22101104	-0,027913434	-0,029961666	-0,03183258
45118	299,35449	-71,98027	-72,108398	-0,21690428	-0,027352413	-0,029213777	-0,031138726
45118	299,85449	-70,030273	-70,164177	-0,21274388	-0,026601706	-0,02865232	-0,030357121
45118	300,35449	-68,080269	-68,124023	-0,20783544	-0,025959093	-0,027768942	-0,029586045
45118	300,85449	-66,130272	-66,125465	-0,20376444	-0,025246393	-0,026997229	-0,028768187
45118	301,35449	-64,180267	-64,32386	-0,19840002	-0,024643881	-0,026288496	-0,028071966
45118	301,85449	-62,23027	-62,231133	-0,19427538	-0,024010502	-0,025468213	-0,027104793
45118	302,35449	-60,28027	-60,357487	-0,18984675	-0,023324054	-0,024772631	-0,02632878
45118	302,85449	-58,330269	-58,478924	-0,18580258	-0,022778226	-0,02401459	-0,025594173
45118	303,35449	-56,380272	-56,47245	-0,18079877	-0,021993468	-0,023155773	-0,024719957
45118	303,85449	-54,430271	-54,431683	-0,1748234	-0,021287791	-0,022393411	-0,023844549
45118	304,35449	-52,48027	-52,588768	-0,17119944	-0,020705942	-0,021657599	-0,023025014
45118	304,85449	-50,53027	-50,631866	-0,16564727	-0,020005107	-0,020913331	-0,022209059
45118	305,35449	-48,580269	-48,62236	-0,1617074	-0,019264692	-0,020045223	-0,021262083
45118	305,85449	-46,630272	-46,637108	-0,15604496	-0,018599445	-0,019187724	-0,020437989
45118	306,35449	-44,680271	-44,793285	-0,1503855	-0,018043054	-0,018536756	-0,019626969
45118	306,85449	-42,73027	-42,798031	-0,1455307	-0,017342756	-0,017594168	-0,018765876
45118	307,35449	-40,78027	-40,81863	-0,14037192	-0,016630325	-0,016767757	-0,017952131
45118	307,85449	-38,830269	-38,955189	-0,13504028	-0,016011035	-0,016046604	-0,017030073
45118	308,35449	-36,880272	-36,919827	-0,1287967	-0,015312081	-0,015191076	-0,016105734
45118	308,85449	-34,930271	-34,958878	-0,123173	-0,01450433	-0,014298378	-0,015180163
45118	309,35449	-32,98027	-33,083542	-0,11816919	-0,013858296	-0,013506258	-0,014286803
45118	309,85449	-31,03027	-31,152998	-0,11152327	-0,013222481	-0,012628559	-0,013362545
45118	310,35449	-29,080271	-29,150814	-0,10575056	-0,012496246	-0,011849618	-0,012497353
45118	310,85449	-27,13027	-27,146067	-0,09958744	-0,011614359	-0,010950329	-0,011509086
45118	311,35449	-25,180269	-25,224882	-0,0936836	-0,010852833	-0,010179315	-0,010624914
45118	311,85449	-23,23027	-23,358997	-0,087305903	-0,010105352	-0,0093621165	-0,0097574219
45118	312,35449	-21,28027	-21,332752	-0,080049038	-0,0092898617	-0,0085008964	-0,0088124638
45118	312,85449	-19,330269	-19,368109	-0,073161721	-0,0083222147	-0,0076711141	-0,0078471489
45118	313,35449	-17,38027	-17,493706	-0,0662148	-0,0075335274	-0,0068120733	-0,0071081324
45118	313,85449	-15,430269	-15,586129	-0,059792399	-0,0066361916	-0,0060691759	-0,0061626988
45118	314,35449	-13,480269	-13,533467	-0,050738454	-0,0056904182	-0,005165752	-0,0052232998
45118	314,85449	-11,53027	-11,621241	-0,044253469	-0,0047921259	-0,0043307971	-0,0043363799
45118	315,35449	-9,5802698	-9,6894684	-0,034812093	-0,0037711412	-0,0034905393	-0,0034571341
45118	315,85449	-7,6302695	-7,771718	-0,026065111	-0,0029088263	-0,0026558656	-0,0026241841
45118	316,35449	-5,6802692	-5,8011003	-0,015595555	-0,0019276735	-0,0018207766	-0,0017219115
45118	316,85449	-3,7302692	-4,1783862	-0,006338954	-0,00097912096	-0,0010827463	-0,0010162618
45118	317,35449	-1,7802693	-2,3776085	0,0052183867	-6,7531769e-06	-0,00025603734	-0,00027637472
45118	317,85449	-1	-1,0158269	0,014466047	0,00059595291	0,00047250278	0,00041347262
45118	318,35449	-1	-0,94153905	0,015681982	0,00076113682	0,0005332455	0,0005056099
45118	318,85449	-1	-0,94257838	0,017410517	0,00073588709	0,0006185472	0,00057600311
45118	319,35449	-1	-0,96543491	0,01783669	0,00078856788	0,00064887851	0,00063588121
45118	319,85449	-1	-0,94065613	0,016987324	0,00083661702	0,00071680918	0,00068142189
45118	320,35449	-1	-0,88692814	0,018280745	0,00094834325	0,00077672675	0,00067836553
45118	320,85449	-1	-0,9165889	0,019130111	0,00088436733	0,00076359883	0,00070701807
45118	321,35449	-1	-0,90070236	0,017830729	0,00094598264	0,00085089356	0,00073516491
45118	321,85449	-1	-0,90104139	0,019282103	0,00097296544	0,0008919742	0,00082548772
45118	322,35449	-1	-0,90734828	0,019216537	0,0010249888	0,00086498819	0,00082887872
45118	322,85449	-1	-0,89845228	0,018978119	0,00095581356	0,00087288022	0,00085448235
45118	323,35449	0	0,94163436	3,6300719	0,0016019969	0,0017460631	0,0016440968

Datenerfassung						Zeit:	323,45508	s	11.07.2023 10:21:13
Datum	Laufzeit	Ch 1 Weg	Ch 1 Kraft	Ch 1 Kraft Sollwert
d	s	mm	kN	kN
45118	323,44141	4,5181456	0,98132545	0,92499095
45118	18,865234	-0,32409728	-112,27057	-112,1
