MTS793|MPT|DEU|1|2|,|.|:|49|1|1|A

Bediener Information						Zeit:	21,249023	s	01.09.2014 14:48:39
Datum : 	01.09.2014
Prüfer : 	Kh
Probenbezeichnung :  	BA-Losert MII E-Modul 28d v. 04.08.14 Probe 6
Bemerkungen	Kraftgeregelt 3,9 kN/s
Masse :	5359
Durchmesser :	98,6
Länge :	299,8
Bediener Information Ende

Datenerfassung						Zeit:	300,04297	s	01.09.2014 14:53:18
Datum	Laufzeit	Ch 1 Kraft Sollwert	Ch 1 Kraft	Ch 1 Weg	1944 B	1281068	2157
d	s	kN	kN	mm	mm	mm	mm
41883	21,758789	-1	-1,0621753	-0,37356913	-0,00014391541	0,013019906	0,072915956
41883	22,258789	-1	-0,9835791	-0,37395358	-0,00017248094	0,013077771	0,07299275
41883	22,758789	-1	-1,003975	-0,37311614	-0,00016286969	0,012991109	0,072913572
41883	23,258789	-1	-1,0451227	-0,3749907	-0,00010956824	0,01307899	0,072960921
41883	23,758789	-1	-1,0076165	-0,37454069	-0,00013321638	0,012994786	0,072975971
41883	24,258789	-1	-1,020411	-0,37460625	-3,606081e-05	0,013090988	0,072967164
41883	24,758789	-1	-1,0274835	-0,37379861	-0,00011786819	0,013011831	0,072997108
41883	25,258789	-1	-1,0340884	-0,37391782	-9,2208385e-05	0,013077183	0,073012985
41883	25,758789	-1	-1,0120273	-0,37465692	-5,4419041e-05	0,013052464	0,072932184
41883	26,258789	-1	-1,0110792	-0,37402809	-7,8514218e-05	0,013005169	0,072990187
41883	26,758789	-1	-1,052238	-0,3739804	-6,096065e-05	0,013104598	0,073009051
41883	27,258789	-1	-1,0218601	-0,37355125	-7,0363283e-05	0,013030764	0,072994225
41883	27,758789	-1	-0,9810105	-0,37351251	-9,8019838e-05	0,012999089	0,073043749
41883	28,258789	-1	-1,0541155	-0,37468076	-7,7486038e-05	0,013101238	0,072998725
41883	28,758789	-1	-1,0457914	-0,37439167	-0,00012746453	0,013028644	0,072968327
41883	29,258789	-1	-0,97028542	-0,37477612	9,9688768e-06	0,013103364	0,073084898
41883	29,758789	-1	-1,0354184	-0,3739357	1,5377998e-05	0,013043392	0,073014617
41883	30,258789	-1	-1,0589659	-0,37501454	-2,1189451e-05	0,013085397	0,07295239
41883	30,758789	-1	-0,98229575	-0,37439764	9,6708536e-06	0,013172247	0,073107228
41883	31,258789	-1	-1,0205935	-0,37373006	-9,5546246e-05	0,013082774	0,073027819
41883	31,758789	-2,7900391	-2,7837343	-0,0083208084	-0,00095482171	-0,00026165662	-0,00055751204
41883	32,258789	-4,7400393	-3,9562657	-0,014635921	-0,0015549362	-0,00060507492	-0,00088614225
41883	32,758789	-6,6900392	-6,5875912	-0,025203824	-0,0027244091	-0,0011235609	-0,0017222688
41883	33,258789	-8,6400394	-8,553031	-0,032958388	-0,0037026405	-0,001648481	-0,0023487881
41883	33,758789	-10,590039	-10,762751	-0,041803718	-0,0046806484	-0,0022756662	-0,0031134114
41883	34,258789	-12,540039	-12,750047	-0,050479174	-0,0054501295	-0,0027463937	-0,0037951171
41883	34,758789	-14,49004	-14,662423	-0,055524707	-0,0062659681	-0,0033083251	-0,0043520629
41883	35,258789	-16,440039	-16,639156	-0,061881542	-0,0070445389	-0,0039549158	-0,0050976947
41883	35,758789	-18,390039	-18,544746	-0,068345666	-0,0077693611	-0,0046472475	-0,0058222488
41883	36,258789	-20,34004	-20,434296	-0,072792172	-0,0085128695	-0,0052075922	-0,0064601302
41883	36,758789	-22,290039	-22,477753	-0,079354644	-0,0092603713	-0,005795944	-0,0072325394
41883	37,258789	-24,24004	-24,382004	-0,08495748	-0,0098478496	-0,0064478023	-0,0079686716
41883	37,758789	-26,190041	-26,246107	-0,089991093	-0,010642037	-0,0070786141	-0,0086058378
41883	38,258789	-28,140039	-28,273972	-0,094529986	-0,011374533	-0,0078898557	-0,0094071478
41883	38,758789	-30,09004	-30,219337	-0,10043681	-0,012033552	-0,0084712394	-0,010144383
41883	39,258789	-32,040039	-32,089096	-0,10510683	-0,012746826	-0,0090579204	-0,010776486
41883	39,758789	-33,99004	-34,090218	-0,10997057	-0,013452932	-0,0098296395	-0,011683594
41883	40,258789	-35,940041	-36,048809	-0,11521876	-0,014118895	-0,010509998	-0,012395673
41883	40,758789	-37,890041	-37,953236	-0,12089908	-0,014785349	-0,011226185	-0,013129022
41883	41,258789	-39,840038	-39,933022	-0,12559593	-0,015515476	-0,011934536	-0,013927046
41883	41,758789	-41,790039	-41,887936	-0,13011098	-0,016256914	-0,01264745	-0,014635991
41883	42,258789	-43,74004	-43,82365	-0,13611019	-0,016998976	-0,013363862	-0,015415803
41883	42,758789	-45,690041	-45,749523	-0,14087856	-0,01771687	-0,01404313	-0,016269203
41883	43,258789	-47,640041	-47,736698	-0,14590025	-0,018369719	-0,014803632	-0,016981676
41883	43,758789	-49,590042	-49,721603	-0,15081763	-0,019070119	-0,015445446	-0,017800737
41883	44,258789	-51,540039	-51,545387	-0,1552552	-0,019770563	-0,016160673	-0,018528245
41883	44,758789	-53,49004	-53,55481	-0,15982389	-0,02048111	-0,016949989	-0,019407805
41883	45,258789	-55,440041	-55,571018	-0,16542375	-0,021242306	-0,017577454	-0,020200003
41883	45,758789	-57,390041	-57,43787	-0,16875267	-0,021909699	-0,018292431	-0,020871408
41883	46,258789	-59,340042	-59,385101	-0,17365813	-0,022667959	-0,019015163	-0,021672804
41883	46,758789	-61,290039	-61,458309	-0,17892718	-0,023350939	-0,019827282	-0,022555269
41883	47,258789	-63,24004	-63,317074	-0,18360913	-0,024064839	-0,020555975	-0,023277715
41883	47,758789	-65,190041	-65,207779	-0,1884371	-0,02482985	-0,021213699	-0,024026614
41883	48,258789	-67,140038	-67,268318	-0,19260347	-0,025556162	-0,022105355	-0,024938527
41883	48,758789	-69,090042	-69,177567	-0,1979351	-0,026220307	-0,022826159	-0,025651522
41883	49,258789	-71,040039	-71,069748	-0,20170212	-0,026965827	-0,023481121	-0,026531234
41883	49,758789	-72,990044	-73,114006	-0,20604432	-0,027700216	-0,024379132	-0,027352042
41883	50,258789	-74,940041	-75,032631	-0,21152794	-0,028464913	-0,024991998	-0,028009996
41883	50,758789	-76,890038	-76,880463	-0,2166301	-0,029181689	-0,025651556	-0,028795499
41883	51,258789	-78,840042	-78,925743	-0,22019744	-0,029872485	-0,026455505	-0,029678028
41883	51,758789	-80,790039	-80,914276	-0,22414327	-0,030698113	-0,027310571	-0,030422807
41883	52,258789	-82,740044	-82,817421	-0,22959709	-0,031419881	-0,028009014	-0,031248588
41883	52,758789	-84,690041	-84,66449	-0,23317933	-0,032140359	-0,028661173	-0,03202343
41883	53,258789	-86,640038	-86,724487	-0,23806691	-0,032778233	-0,029514676	-0,032840379
41883	53,758789	-88,590042	-88,676941	-0,24220347	-0,033569068	-0,030149532	-0,033680517
41883	54,258789	-90,540039	-90,514275	-0,24621487	-0,034279495	-0,03091226	-0,034369331
41883	54,758789	-92,490044	-92,574753	-0,2509743	-0,034994364	-0,031778734	-0,035235226
41883	55,258789	-94,440041	-94,547073	-0,25548339	-0,03581892	-0,032474566	-0,03613507
41883	55,758789	-96,390045	-96,38662	-0,2604425	-0,036522016	-0,033278104	-0,036861788
41883	56,258789	-98,340042	-98,427826	-0,2640456	-0,037295498	-0,033973891	-0,037665948
41883	56,758789	-100,29004	-100,42503	-0,26881099	-0,038108312	-0,034775257	-0,038522638
41883	57,258789	-102,24004	-102,27763	-0,2737999	-0,038868047	-0,035549004	-0,039239727
41883	57,758789	-104,19004	-104,18408	-0,27672946	-0,039552897	-0,036210991	-0,040059648
41883	58,258789	-106,14005	-106,25448	-0,28139651	-0,040380329	-0,037098195	-0,040970806
41883	58,758789	-108,09004	-108,13351	-0,28634667	-0,041062705	-0,037861153	-0,041662309
41883	59,258789	-110,04004	-110,04792	-0,2895385	-0,0418211	-0,038656168	-0,042534571
41883	59,758789	-111,99004	-112,09241	-0,29470325	-0,042542607	-0,039404843	-0,043390822
41883	60,258789	-113,94004	-114,00225	-0,29853284	-0,043343514	-0,040217411	-0,044164293
41883	60,758789	-115,89005	-115,90034	-0,3030777	-0,044062622	-0,040907133	-0,044991143
41883	61,258789	-117,84004	-117,87553	-0,30766129	-0,044809483	-0,041698456	-0,045791529
41883	61,758789	-119,79004	-119,85384	-0,31268597	-0,04563196	-0,042550128	-0,046590596
41883	62,258789	-121,74004	-121,77247	-0,31623244	-0,046422482	-0,043358922	-0,04745274
41883	62,758789	-123,69004	-123,70786	-0,32038987	-0,047132432	-0,044170976	-0,04831003
41883	63,258789	-125,64005	-125,75979	-0,32445192	-0,047984697	-0,044977937	-0,049097542
41883	63,758789	-127,59004	-127,68382	-0,32851696	-0,048730716	-0,045600206	-0,049957685
41883	64,258789	-129,54004	-129,56523	-0,33240914	-0,049521491	-0,046596576	-0,050755344
41883	64,758789	-131,49004	-131,58929	-0,33742189	-0,050301656	-0,047386728	-0,051535554
41883	65,258789	-133,44005	-133,50244	-0,34136772	-0,05100406	-0,048132829	-0,052447729
41883	65,758789	-135,39005	-135,43562	-0,34537911	-0,051797062	-0,048889667	-0,053276155
41883	66,258789	-137,34004	-137,3609	-0,34905374	-0,052650571	-0,049603622	-0,054011624
41883	66,758789	-139,29004	-139,35521	-0,35307407	-0,053406283	-0,050506186	-0,054930914
41883	67,258789	-141,24004	-141,32129	-0,35875738	-0,054122925	-0,051338427	-0,05579824
41883	67,758789	-140,82695	-140,89249	-0,3575772	-0,054191999	-0,051402096	-0,055775851
41883	68,258789	-138,87695	-138,96648	-0,35477877	-0,053755812	-0,050767288	-0,055270284
41883	68,758789	-136,92696	-136,98404	-0,35189688	-0,053170726	-0,050145715	-0,054667294
41883	69,258789	-134,97696	-134,93672	-0,34915507	-0,052574806	-0,049594752	-0,053923696
41883	69,758789	-133,02695	-132,99701	-0,34407675	-0,052033022	-0,049031295	-0,053402841
41883	70,258789	-131,07695	-131,06963	-0,34086406	-0,051384121	-0,048251446	-0,052769411
41883	70,758789	-129,12695	-129,02525	-0,33769608	-0,050772689	-0,047740966	-0,052067615
41883	71,258789	-127,17696	-127,11398	-0,33399761	-0,050306499	-0,04706699	-0,051527999
41883	71,758789	-125,22695	-125,22698	-0,33042729	-0,049572594	-0,046419118	-0,050782349
41883	72,258789	-123,27695	-123,20184	-0,32714903	-0,049009964	-0,045809221	-0,050135821
41883	72,758789	-121,32695	-121,20612	-0,32372177	-0,048391528	-0,045095317	-0,049465671
41883	73,258789	-119,37695	-119,37636	-0,32037795	-0,047881708	-0,044571228	-0,048912905
41883	73,758789	-117,42696	-117,36185	-0,31624734	-0,047153205	-0,043829992	-0,048235171
41883	74,258789	-115,47695	-115,30053	-0,31328797	-0,046554431	-0,04320097	-0,047402434
41883	74,758789	-113,52695	-113,51505	-0,3094703	-0,045922317	-0,042616997	-0,046914764
41883	75,258789	-111,57695	-111,50639	-0,30543804	-0,04531619	-0,041919414	-0,046163741
41883	75,758789	-109,62695	-109,4951	-0,30203164	-0,044678554	-0,041304037	-0,045440529
41883	76,258789	-107,67695	-107,68419	-0,29870272	-0,044106066	-0,040612306	-0,044851314
41883	76,758789	-105,72695	-105,70041	-0,29481053	-0,043456644	-0,039958738	-0,04407347
41883	77,258789	-103,77695	-103,63616	-0,29058456	-0,042850584	-0,039382566	-0,043402858
41883	77,758789	-101,82695	-101,73579	-0,28709471	-0,042205885	-0,038521081	-0,042674925
41883	78,258789	-99,876953	-99,859993	-0,28416514	-0,041573256	-0,038022969	-0,042011991
41883	78,758789	-97,926949	-97,858963	-0,2796948	-0,040889069	-0,037315287	-0,041238431
41883	79,258789	-95,976952	-95,864044	-0,27465224	-0,04029379	-0,036620799	-0,040579394
41883	79,758789	-94,026955	-94,011597	-0,27139187	-0,039630249	-0,036045276	-0,039882652
41883	80,258789	-92,07695	-92,000458	-0,2676338	-0,038984746	-0,035221014	-0,039154287
41883	80,758789	-90,126953	-89,976555	-0,26374757	-0,038256824	-0,034612816	-0,038482323
41883	81,258789	-88,176949	-88,110252	-0,26055276	-0,0376928	-0,033947039	-0,037690982
41883	81,758789	-86,226952	-86,206459	-0,25606155	-0,037034802	-0,033346899	-0,037049022
41883	82,258789	-84,276955	-84,116035	-0,25182664	-0,036300249	-0,032655634	-0,036224376
41883	82,758789	-82,32695	-82,240852	-0,24736226	-0,035619088	-0,031921037	-0,035580713
41883	83,258789	-80,376953	-80,336502	-0,2440244	-0,035056256	-0,031288568	-0,034837194
41883	83,758789	-78,426949	-78,347336	-0,23970008	-0,034354903	-0,030543191	-0,034108732
41883	84,258789	-76,476952	-76,411949	-0,23600757	-0,033729494	-0,029912254	-0,033368472
41883	84,758789	-74,526955	-74,503067	-0,23211241	-0,033044949	-0,02923079	-0,032590695
41883	85,258789	-72,57695	-72,536644	-0,22768378	-0,032370903	-0,028582847	-0,031949896
41883	85,758789	-70,626953	-70,525223	-0,22367835	-0,031698368	-0,027813733	-0,031083774
41883	86,258789	-68,676949	-68,613411	-0,21852553	-0,031070128	-0,027184399	-0,030378524
41883	86,758789	-66,726952	-66,668137	-0,21567941	-0,030413367	-0,026539473	-0,029546808
41883	87,258789	-64,776955	-64,667313	-0,20982921	-0,029632643	-0,02580506	-0,028757285
41883	87,758789	-62,82695	-62,777046	-0,20617843	-0,028994679	-0,025089849	-0,028086748
41883	88,258789	-60,876949	-60,828526	-0,20160377	-0,028304771	-0,02446913	-0,0272495
41883	88,758789	-58,926952	-58,844273	-0,1975596	-0,027655557	-0,023746341	-0,026529688
41883	89,258789	-56,976952	-56,872211	-0,1919955	-0,026978672	-0,023036964	-0,025641549
41883	89,758789	-55,026951	-54,993759	-0,18800497	-0,026208118	-0,022397507	-0,024937887
41883	90,258789	-53,07695	-53,019108	-0,18388927	-0,025487155	-0,021735152	-0,024115946
41883	90,758789	-51,126949	-51,031506	-0,17863512	-0,024803802	-0,020993127	-0,023341231
41883	91,258789	-49,176952	-49,157658	-0,17428994	-0,024086595	-0,020295125	-0,022565134
41883	91,758789	-47,226952	-47,179897	-0,16970634	-0,023304865	-0,019670416	-0,021721225
41883	92,258789	-45,276951	-45,175026	-0,164029	-0,022578433	-0,018784985	-0,020931192
41883	92,758789	-43,32695	-43,252567	-0,15889704	-0,021897465	-0,01826486	-0,020096734
41883	93,258789	-41,376949	-41,329983	-0,15535355	-0,021210909	-0,017551184	-0,019366872
41883	93,758789	-39,426952	-39,35149	-0,14965236	-0,020429343	-0,016806683	-0,018490672
41883	94,258789	-37,476952	-37,394623	-0,14463961	-0,019673452	-0,016063772	-0,017708447
41883	94,758789	-35,526951	-35,513229	-0,13954043	-0,019041672	-0,015407942	-0,016921513
41883	95,258789	-33,57695	-33,512894	-0,13466179	-0,018239707	-0,014730894	-0,016084511
41883	95,758789	-31,626951	-31,554266	-0,12955368	-0,017518431	-0,013989477	-0,015246648
41883	96,258789	-29,67695	-29,627319	-0,12340546	-0,016773999	-0,013205586	-0,014392652
41883	96,758789	-27,72695	-27,685574	-0,11803806	-0,015992269	-0,012553967	-0,013573296
41883	97,258789	-25,776951	-25,687923	-0,11265576	-0,015127331	-0,011721401	-0,012709972
41883	97,758789	-23,82695	-23,751657	-0,10809898	-0,014373571	-0,011117825	-0,01194204
41883	98,258789	-21,876949	-21,879332	-0,10231137	-0,013651177	-0,010410446	-0,011152573
41883	98,758789	-19,92695	-19,854536	-0,095069408	-0,012709379	-0,0095667141	-0,010246579
41883	99,258789	-17,97695	-17,924723	-0,089412928	-0,011949331	-0,0089987293	-0,0094980262
41883	99,758789	-16,026951	-16,015917	-0,083738565	-0,011095807	-0,0081993863	-0,0086667165
41883	100,25879	-14,07695	-14,036217	-0,077861547	-0,010251895	-0,0075345053	-0,0078861937
41883	100,75879	-12,12695	-12,073376	-0,070524216	-0,0093192458	-0,0067328061	-0,0070332587
41883	101,25879	-10,17695	-10,139029	-0,063917041	-0,0084516406	-0,0059973649	-0,0062423572
41883	101,75879	-8,2269497	-8,2106676	-0,055491924	-0,0074629784	-0,0054599647	-0,0056163818
41883	102,25879	-6,2769499	-6,2030945	-0,047105551	-0,0062943697	-0,0046823169	-0,0047670454
41883	102,75879	-4,3269496	-4,3139124	-0,037294626	-0,0052321404	-0,0041565429	-0,0040983185
41883	103,25879	-5,4580545	-5,2434521	-0,041159987	-0,0056052357	-0,0043088039	-0,0042884052
41883	103,75879	-7,4080548	-7,2557049	-0,048211217	-0,0065006167	-0,0047850078	-0,0048462376
41883	104,25879	-9,3580551	-9,2528696	-0,055283308	-0,0073472559	-0,0054431381	-0,0055346116
41883	104,75879	-11,308055	-11,306201	-0,062775612	-0,008249715	-0,0059021711	-0,0061429143
41883	105,25879	-13,258055	-13,284383	-0,068986416	-0,008957848	-0,0065829428	-0,0068753585
41883	105,75879	-15,208055	-15,171489	-0,075224042	-0,0097540319	-0,0071933004	-0,0075369403
41883	106,25879	-17,158054	-17,217649	-0,08136332	-0,010555834	-0,0079188338	-0,0082846954
41883	106,75879	-19,108055	-19,173151	-0,086003542	-0,011277765	-0,0086366525	-0,0089730993
41883	107,25879	-21,058056	-21,066423	-0,092756748	-0,011868507	-0,009232901	-0,0096116848
41883	107,75879	-23,008055	-23,098511	-0,096860528	-0,012651011	-0,010004048	-0,010410186
41883	108,25879	-24,958055	-25,033325	-0,10316074	-0,013382554	-0,010508696	-0,011057787
41883	108,75879	-26,908054	-26,945505	-0,10815561	-0,014111906	-0,011229758	-0,011887643
41883	109,25879	-28,858055	-28,906765	-0,11300147	-0,014796615	-0,011994451	-0,012631081
41883	109,75879	-30,808056	-30,904585	-0,11766553	-0,015518486	-0,01267923	-0,013344735
41883	110,25879	-32,758057	-32,836758	-0,12420118	-0,016189858	-0,013492146	-0,014166657
41883	110,75879	-34,708054	-34,709431	-0,12721419	-0,016840771	-0,013989021	-0,014786348
41883	111,25879	-36,658054	-36,750526	-0,13319254	-0,01762338	-0,014782497	-0,015633043
41883	111,75879	-38,608055	-38,739697	-0,13830066	-0,018287882	-0,015435775	-0,016470339
41883	112,25879	-40,558056	-40,590618	-0,14382005	-0,018991515	-0,016134897	-0,017114993
41883	112,75879	-42,508057	-42,576885	-0,14755428	-0,019619659	-0,016809294	-0,017911691
41883	113,25879	-44,458057	-44,586861	-0,15198886	-0,020431116	-0,017482147	-0,018726774
41883	113,75879	-46,408054	-46,452732	-0,1567781	-0,021026939	-0,018167755	-0,019421604
41883	114,25879	-48,358055	-48,412228	-0,16219914	-0,021667883	-0,018860262	-0,02021211
41883	114,75879	-50,308056	-50,449699	-0,16659796	-0,022514939	-0,019650996	-0,0209869
41883	115,25879	-52,258057	-52,313789	-0,17200112	-0,023036405	-0,020301774	-0,021661203
41883	115,75879	-54,208057	-54,250538	-0,17555058	-0,023726419	-0,021050634	-0,022499014
41883	116,25879	-56,158054	-56,269043	-0,17956197	-0,024467245	-0,021817697	-0,023276411
41883	116,75879	-58,108055	-58,176319	-0,18476248	-0,025204927	-0,022439536	-0,023923788
41883	117,25879	-60,058056	-60,112892	-0,18957853	-0,025910109	-0,023177719	-0,024759494
41883	117,75879	-62,008057	-62,067345	-0,19349754	-0,026564568	-0,02377386	-0,025509898
41883	118,25879	-63,958057	-64,076073	-0,19837916	-0,027266517	-0,024562625	-0,026279096
41883	118,75879	-65,908058	-65,989365	-0,2015084	-0,027921602	-0,025244534	-0,027059324
41883	119,25879	-67,858055	-67,889061	-0,20687878	-0,028517194	-0,025919221	-0,027759314
41883	119,75879	-69,80806	-69,884727	-0,21095872	-0,029290929	-0,026691271	-0,028575111
41883	120,25879	-71,758057	-71,827759	-0,21646619	-0,029991157	-0,027306724	-0,029404826
41883	120,75879	-73,708054	-73,735405	-0,21958947	-0,030693389	-0,0279462	-0,030032247
41883	121,25879	-75,658058	-75,769989	-0,22494793	-0,03136944	-0,028811755	-0,030897867
41883	121,75879	-77,608055	-77,706093	-0,22799373	-0,032087326	-0,029410094	-0,031706881
41883	122,25879	-79,55806	-79,559441	-0,23246408	-0,032722823	-0,030143153	-0,032349609
41883	122,75879	-81,508057	-81,549683	-0,23697913	-0,033472836	-0,030850118	-0,033154402
41883	123,25879	-83,458054	-83,592972	-0,24098158	-0,03413479	-0,031517353	-0,033957057
41883	123,75879	-85,408058	-85,422501	-0,24476647	-0,03474164	-0,03226069	-0,034628566
41883	124,25879	-87,358055	-87,356888	-0,2502352	-0,035487294	-0,032830089	-0,0354295
41883	124,75879	-89,30806	-89,475731	-0,25433004	-0,036238067	-0,033627402	-0,036231775
41883	125,25879	-91,258057	-91,318657	-0,25815964	-0,036831081	-0,03432345	-0,036908504
41883	125,75879	-93,208054	-93,229996	-0,26196241	-0,037617296	-0,035149515	-0,037709862
41883	126,25879	-95,158058	-95,281281	-0,26590228	-0,038204834	-0,035766661	-0,038454317
41883	126,75879	-97,108055	-97,15477	-0,27087927	-0,038876794	-0,036432289	-0,039182574
41883	127,25879	-99,05806	-99,086929	-0,27523935	-0,039638005	-0,037227459	-0,039990485
41883	127,75879	-101,00806	-101,11329	-0,27902126	-0,040233292	-0,037855651	-0,04069775
41883	128,25879	-102,95805	-103,10079	-0,28305352	-0,040982954	-0,038694602	-0,041492149
41883	128,75879	-104,90806	-105,01009	-0,28774142	-0,041711494	-0,039299496	-0,042213529
41883	129,25879	-106,85806	-106,87586	-0,29160678	-0,042348675	-0,039967164	-0,042956933
41883	129,75879	-108,80806	-108,90649	-0,29498637	-0,043026142	-0,040756207	-0,043786071
41883	130,25879	-110,75806	-110,85022	-0,29884875	-0,043795586	-0,041381408	-0,044441741
41883	130,75879	-112,70805	-112,7237	-0,30192137	-0,044418387	-0,042116866	-0,045250826
41883	131,25879	-114,65806	-114,76418	-0,30764937	-0,045149215	-0,042958859	-0,04595007
41883	131,75879	-116,60806	-116,67398	-0,31169355	-0,045779385	-0,043503374	-0,046694882
41883	132,25879	-118,55806	-118,65435	-0,31485856	-0,046452709	-0,044373374	-0,047498628
41883	132,75879	-120,50806	-120,59296	-0,31920075	-0,047144838	-0,045012325	-0,048242658
41883	133,25879	-122,45806	-122,54369	-0,3236115	-0,04783693	-0,045710783	-0,048947379
41883	133,75879	-124,40806	-124,46146	-0,32762885	-0,048580445	-0,046436202	-0,049754068
41883	134,25879	-126,35806	-126,43542	-0,33070147	-0,049258448	-0,047191937	-0,050403476
41883	134,75879	-128,30806	-128,48727	-0,33563972	-0,04998982	-0,047930133	-0,051189534
41883	135,25879	-130,25806	-130,32077	-0,33876002	-0,05064366	-0,048586655	-0,051931307
41883	135,75879	-132,20805	-132,2513	-0,34262538	-0,051324852	-0,049390845	-0,052710839
41883	136,25879	-134,15805	-134,2634	-0,34649968	-0,052024834	-0,050176717	-0,053468332
41883	136,75879	-136,10806	-136,23686	-0,35119355	-0,052768469	-0,050883744	-0,054285981
41883	137,25879	-138,05806	-138,08087	-0,35475194	-0,053394526	-0,05156628	-0,054935098
41883	137,75879	-140,00806	-140,1049	-0,3585428	-0,054165989	-0,052278008	-0,05575189
41883	138,25879	-140,05928	-140,27127	-0,35971403	-0,054348454	-0,052490823	-0,055908799
41883	138,75879	-138,10928	-138,14673	-0,35546422	-0,053748325	-0,051862001	-0,055267051
41883	139,25879	-136,15927	-136,20386	-0,35324395	-0,053144522	-0,051134534	-0,054717213
41883	139,75879	-134,20927	-134,26491	-0,34907162	-0,052566662	-0,050646208	-0,054029055
41883	140,25879	-132,25928	-132,27771	-0,34728348	-0,051962346	-0,049959075	-0,053385131
41883	140,75879	-130,30928	-130,29419	-0,34185946	-0,051354617	-0,049393151	-0,052785698
41883	141,25879	-128,35928	-128,35492	-0,33818483	-0,050754771	-0,048713982	-0,052048497
41883	141,75879	-126,40928	-126,4176	-0,33549368	-0,050189808	-0,048038993	-0,051462643
41883	142,25879	-124,45927	-124,44489	-0,33273697	-0,049547181	-0,047502466	-0,050795615
41883	142,75879	-122,50928	-122,51677	-0,32862425	-0,048961855	-0,046717737	-0,050113074
41883	143,25879	-120,55928	-120,60233	-0,32497942	-0,048420101	-0,046159331	-0,049523305
41883	143,75879	-118,60928	-118,51927	-0,32090247	-0,047697	-0,045521118	-0,048760202
41883	144,25879	-116,65928	-116,54409	-0,31624734	-0,047124833	-0,044825573	-0,048116721
41883	144,75879	-114,70927	-114,74149	-0,31422079	-0,04649476	-0,044247948	-0,047539741
41883	145,25879	-112,75928	-112,69695	-0,31038821	-0,045796372	-0,043523356	-0,046788953
41883	145,75879	-110,80928	-110,74902	-0,30567646	-0,045286492	-0,042829242	-0,046047647
41883	146,25879	-108,85928	-108,87547	-0,30296147	-0,044624999	-0,042315535	-0,045393519
41883	146,75879	-106,90928	-106,89395	-0,29882491	-0,043931216	-0,041504469	-0,04472848
41883	147,25879	-104,95927	-104,81161	-0,29509962	-0,043287441	-0,040861718	-0,043975212
41883	147,75879	-103,00928	-103,00354	-0,29120743	-0,042693123	-0,040252447	-0,043355197
41883	148,25879	-101,05927	-101,07366	-0,2874881	-0,042070433	-0,03963352	-0,04261791
41883	148,75879	-99,109276	-99,012962	-0,28426349	-0,041418292	-0,03896353	-0,041868515
41883	149,25879	-97,159279	-97,125412	-0,27959049	-0,040740065	-0,03820407	-0,041271947
41883	149,75879	-95,209274	-95,198944	-0,27716756	-0,040172949	-0,037640374	-0,040479966
41883	150,25879	-93,259277	-93,169861	-0,27277172	-0,0393828	-0,036861427	-0,039806899
41883	150,75879	-91,309273	-91,24382	-0,26998818	-0,038790971	-0,036264755	-0,039103951
41883	151,25879	-89,359276	-89,338699	-0,2648443	-0,038143173	-0,035627626	-0,03834942
41883	151,75879	-87,409279	-87,353073	-0,26020408	-0,037499405	-0,034885783	-0,037623335
41883	152,25879	-85,459274	-85,419785	-0,25631785	-0,036875263	-0,034273051	-0,0369789
41883	152,75879	-83,509277	-83,487923	-0,25312006	-0,036207557	-0,033582754	-0,036220875
41883	153,25879	-81,559273	-81,521317	-0,24896562	-0,035593115	-0,032932527	-0,035476021
41883	153,75879	-79,609276	-79,518539	-0,24503469	-0,034798756	-0,032283701	-0,034681391
41883	154,25879	-77,659279	-77,574585	-0,24063289	-0,034202255	-0,031438779	-0,033969011
41883	154,75879	-75,709274	-75,688271	-0,23644269	-0,033555306	-0,030820763	-0,033276889
41883	155,25879	-73,759277	-73,689407	-0,23171306	-0,032804087	-0,030159514	-0,032485992
41883	155,75879	-71,809273	-71,746025	-0,22731721	-0,032180913	-0,029438898	-0,031772055
41883	156,25879	-69,859276	-69,810646	-0,22350252	-0,031535342	-0,028909536	-0,030942831
41883	156,75879	-67,909279	-67,875076	-0,21948814	-0,030887552	-0,02808946	-0,030229289
41883	157,25879	-65,959274	-65,844391	-0,21541715	-0,030152038	-0,027363636	-0,029432744
41883	157,75879	-64,009277	-63,998798	-0,21148324	-0,029477634	-0,026741369	-0,028688092
41883	158,25879	-62,059277	-62,020771	-0,20643175	-0,028716512	-0,026048098	-0,027895831
41883	158,75879	-60,109276	-59,987125	-0,20200312	-0,027975813	-0,025316063	-0,027076621
41883	159,25879	-58,159275	-58,120804	-0,19694567	-0,027389899	-0,024641046	-0,026353963
41883	159,75879	-56,209274	-56,164207	-0,19347668	-0,026688442	-0,023976015	-0,025490995
41883	160,25879	-54,259274	-54,175148	-0,1899451	-0,025969729	-0,023219153	-0,02475905
41883	160,75879	-52,309277	-52,221962	-0,18409491	-0,025296241	-0,022559874	-0,023998205
41883	161,25879	-50,359276	-50,298798	-0,17849505	-0,024612963	-0,021873774	-0,023169313
41883	161,75879	-48,409275	-48,342487	-0,17385483	-0,023762047	-0,021195421	-0,022480324
41883	162,25879	-46,459274	-46,34145	-0,16923845	-0,023068532	-0,020490192	-0,021581512
41883	162,75879	-44,509274	-44,456085	-0,16469359	-0,02237758	-0,019630175	-0,020746484
41883	163,25879	-42,559277	-42,517475	-0,16017258	-0,021738783	-0,019048484	-0,019991882
41883	163,75879	-40,609276	-40,467636	-0,15565455	-0,020850986	-0,018177798	-0,019091319
41883	164,25879	-38,659275	-38,596035	-0,14948249	-0,020204633	-0,017583393	-0,018377136
41883	164,75879	-36,709274	-36,628689	-0,14529824	-0,019505367	-0,016776953	-0,017464932
41883	165,25879	-34,759274	-34,651924	-0,14021695	-0,018691942	-0,016079079	-0,016728852
41883	165,75879	-32,809277	-32,72205	-0,13451874	-0,017955139	-0,015398608	-0,015872948
41883	166,25879	-30,859274	-30,789377	-0,12877882	-0,017204523	-0,014596115	-0,014987811
41883	166,75879	-28,909275	-28,831066	-0,12411773	-0,01647523	-0,013930617	-0,014243864
41883	167,25879	-26,959274	-26,828815	-0,11768639	-0,015701979	-0,013072249	-0,013337877
41883	167,75879	-25,009275	-24,982691	-0,11290312	-0,014940277	-0,012378691	-0,012602288
41883	168,25879	-23,059275	-23,003597	-0,10707378	-0,014170647	-0,011768115	-0,011766542
41883	168,75879	-21,109274	-20,992506	-0,10092258	-0,013254985	-0,010878286	-0,010871913
41883	169,25879	-19,159275	-19,112988	-0,095140934	-0,012498066	-0,010179102	-0,010121752
41883	169,75879	-17,209274	-17,152355	-0,088334084	-0,011740014	-0,0093816798	-0,0092851445
41883	170,25879	-15,259274	-15,175071	-0,082981586	-0,010869995	-0,0087432088	-0,0085314065
41883	170,75879	-13,309275	-13,257763	-0,075572729	-0,010028973	-0,0079369145	-0,0077856258
41883	171,25879	-11,359274	-11,338095	-0,070470572	-0,0091871619	-0,0071698162	-0,0069331229
41883	171,75879	-9,4092741	-9,3604603	-0,062593818	-0,008245036	-0,0064378693	-0,0061886534
41883	172,25879	-7,4592743	-7,403234	-0,054547191	-0,0071437061	-0,0056592091	-0,0054427162
41883	172,75879	-5,509274	-5,5126343	-0,046297908	-0,0061199069	-0,0050150929	-0,0047770515
41883	173,25879	-3,927	-3,8122945	-0,036093593	-0,0051679164	-0,0044598859	-0,0042038411
41883	173,75879	-3,927	-3,7989187	-0,035151839	-0,0050459951	-0,0043089278	-0,00408943
41883	174,25879	-3,927	-3,9220824	-0,037014484	-0,0051025152	-0,0043351375	-0,0041197389
41883	174,75879	-3,927	-3,9829369	-0,037020445	-0,0050715059	-0,0042245891	-0,0040711164
41883	175,25879	-3,927	-3,9335415	-0,037023425	-0,0049840063	-0,0043664766	-0,0040497184
41883	175,75879	-3,927	-3,947258	-0,036406517	-0,0049360245	-0,0043008933	-0,0040246099
41883	176,25879	-3,927	-3,8885772	-0,035938621	-0,0049037039	-0,0042059785	-0,0039322153
41883	176,75879	-3,927	-3,8106813	-0,035569072	-0,004876852	-0,0042107417	-0,0039156303
41883	177,25879	-3,927	-3,868427	-0,03516078	-0,0048227906	-0,0041841008	-0,0039058551
41883	177,75879	-3,927	-3,9121025	-0,034561753	-0,0048539788	-0,0041986308	-0,0038607568
41883	178,25879	-3,927	-3,9283595	-0,035712123	-0,0047576874	-0,0042458405	-0,0039436296
41883	178,75879	-3,927	-3,8621352	-0,034359097	-0,0047677457	-0,0041633327	-0,0037415698
41883	179,25879	-3,927	-3,9360821	-0,035208464	-0,0048722029	-0,0041380865	-0,003852658
41883	179,75879	-3,927	-3,9305296	-0,03439486	-0,0047896355	-0,0040178779	-0,0037828758
41883	180,25879	-3,927	-3,87609	-0,035092235	-0,0047603548	-0,004073971	-0,0038053244
41883	180,75879	-3,927	-3,954282	-0,034546852	-0,004783079	-0,0041679633	-0,0038567707
41883	181,25879	-3,927	-3,9485898	-0,035363436	-0,0047875792	-0,0040123314	-0,0037521794
41883	181,75879	-3,927	-3,9126482	-0,034815073	-0,004760474	-0,0040964014	-0,0038135871
41883	182,25879	-3,927	-3,9093103	-0,035494566	-0,004723236	-0,0039825658	-0,003765434
41883	182,75879	-3,927	-3,9782972	-0,035232306	-0,0047222674	-0,0040647732	-0,0037538558
41883	183,25879	-3,927	-3,9480069	-0,034612417	-0,0047891289	-0,0042086001	-0,0037997961
41883	183,75879	-3,927	-3,8991385	-0,034928322	-0,0046815276	-0,0040436983	-0,0036706924
41883	184,25879	-3,927	-3,9792602	-0,034272671	-0,0047298223	-0,0040715528	-0,0036959276
41883	184,75879	-3,927	-3,983099	-0,03516674	-0,0046384335	-0,0039472454	-0,0037230775
41883	185,25879	-3,927	-3,9103031	-0,034126639	-0,0046789944	-0,0040590824	-0,0037069768
41883	185,75879	-3,927	-3,9675758	-0,034913421	-0,0046699643	-0,0040368326	-0,0037183017
41883	186,25879	-3,927	-3,997026	-0,03477931	-0,0046702027	-0,0039155544	-0,0037052929
41883	186,75879	-3,927	-3,9016643	-0,034251809	-0,0046575665	-0,0039846171	-0,0037000626
41883	187,25879	-3,927	-3,9436557	-0,034597516	-0,0046595186	-0,0039506853	-0,0036228374
41883	187,75879	-3,927	-3,9989147	-0,034531951	-0,0047011971	-0,0039339014	-0,0037192404
41883	188,25879	-3,927	-3,9325113	-0,034222007	-0,004560709	-0,0039769197	-0,0036127344
41883	188,75879	-3,927	-3,932286	-0,03490746	-0,004620716	-0,0039827237	-0,0036111996
41883	189,25879	-3,927	-3,9663856	-0,034239888	-0,0046069771	-0,004024731	-0,0036421418
41883	189,75879	-3,927	-3,959069	-0,034889579	-0,0045921355	-0,0039065056	-0,0036195219
41883	190,25879	-3,927	-3,9321911	-0,032782555	-0,0045818388	-0,0039355569	-0,0036680847
41883	190,75879	-3,927	-3,9215536	-0,034409761	-0,0045689046	-0,0040291836	-0,0035891458
41883	191,25879	-3,927	-3,9802921	-0,034326315	-0,004579097	-0,0039708121	-0,0036379248
41883	191,75879	-3,927	-3,9259474	-0,033763051	-0,0045953095	-0,0039154938	-0,0036621168
41883	192,25879	-3,927	-3,9153583	-0,034797192	-0,0046460181	-0,0038771946	-0,0035332665
41883	192,75879	-3,927	-3,9943197	-0,034072995	-0,0045795888	-0,0038423932	-0,003646411
41883	193,25879	-3,927	-3,9486084	-0,034067035	-0,0046116263	-0,0038458321	-0,0035902038
41883	193,75879	-3,927	-3,8895476	-0,034093857	-0,0045803338	-0,0038477411	-0,0035685524
41883	194,25879	-3,927	-3,9734523	-0,034371018	-0,004567638	-0,0038654087	-0,0036598146
41883	194,75879	-3,927	-3,9543974	-0,034195185	-0,0045905709	-0,0038434088	-0,0035850555
41883	195,25879	-3,927	-3,8891733	-0,034332275	-0,0045114756	-0,0039241081	-0,0035483092
41883	195,75879	-3,927	-3,9617662	-0,034713745	-0,0044822842	-0,0038774314	-0,0035788193
41883	196,25879	-3,927	-3,9504132	-0,033828616	-0,0045190603	-0,0038979484	-0,0035139248
41883	196,75879	-3,927	-3,9214213	-0,033944845	-0,0045025647	-0,003967511	-0,0035708249
41883	197,25879	-3,927	-3,9276555	-0,034460425	-0,0045921952	-0,0037987176	-0,0035373718
41883	197,75879	-3,927	-3,9444063	-0,033611059	-0,0045392066	-0,0039012386	-0,0035595447
41883	198,25879	-3,927	-3,9276237	-0,034177303	-0,0045388937	-0,0038504335	-0,0035108328
41883	198,75879	-3,927	-3,905952	-0,034949183	-0,0045301169	-0,0037874156	-0,0035101101
41883	199,25879	-3,927	-3,9500632	-0,034677982	-0,0045032948	-0,0038381061	-0,0035296604
41883	199,75879	-3,927	-3,9592237	-0,033861399	-0,0045600981	-0,0037701842	-0,0035979301
41883	200,25879	-3,927	-3,907023	-0,034224987	-0,0044007599	-0,003752298	-0,0034409761
41883	200,75879	-3,927	-3,9193444	-0,034365058	-0,0045619756	-0,0037424522	-0,0034911707
41883	201,25879	-3,927	-3,9950106	-0,033706427	-0,0044805855	-0,0039123558	-0,0036172792
41883	201,75879	-3,927	-3,8919337	-0,032877922	-0,0044855773	-0,0037207245	-0,0034211203
41883	202,25879	-3,927	-3,9093289	-0,032806396	-0,0045350641	-0,0037878747	-0,0035268068
41883	202,75879	-3,927	-3,9801729	-0,033533573	-0,0045672804	-0,0038514487	-0,0035664141
41883	203,25879	-4,265965	-4,069438	-0,033393502	-0,0045772791	-0,0038051442	-0,0035121515
41883	203,75879	-6,2159648	-5,4108558	-0,039634109	-0,005160138	-0,0041824779	-0,0039443821
41883	204,25879	-8,1659651	-8,3013525	-0,050419569	-0,0064798295	-0,0050217062	-0,0048558637
41883	204,75879	-10,115965	-10,266273	-0,05877018	-0,0073585212	-0,0056373402	-0,0054539591
41883	205,25879	-12,065965	-12,178147	-0,063580275	-0,008110702	-0,006258843	-0,0061213821
41883	205,75879	-14,015965	-14,111558	-0,071796775	-0,0088317394	-0,0068846745	-0,0067289323
41883	206,25879	-15,965965	-16,103861	-0,076502562	-0,0096895695	-0,0075552152	-0,0074926093
41883	206,75879	-17,915966	-18,042366	-0,082069635	-0,010449976	-0,0082893502	-0,0082591772
41883	207,25879	-19,865965	-19,940718	-0,088882446	-0,011201724	-0,0089670317	-0,0088728517
41883	207,75879	-21,815966	-21,930523	-0,093644857	-0,011880443	-0,0096499091	-0,0096734241
41883	208,25879	-23,765965	-23,865314	-0,098639727	-0,012597442	-0,010326804	-0,010347746
41883	208,75879	-25,715965	-25,766592	-0,10385513	-0,013272822	-0,011056516	-0,011113305
41883	209,25879	-27,665966	-27,799858	-0,10988116	-0,014101848	-0,01179163	-0,011930011
41883	209,75879	-29,615965	-29,728846	-0,11401474	-0,014734909	-0,012465822	-0,012591206
41883	210,25879	-31,565966	-31,661963	-0,11948645	-0,015441447	-0,013163629	-0,013411116
41883	210,75879	-33,515965	-33,579296	-0,12397468	-0,016131997	-0,013927303	-0,014202446
41883	211,25879	-35,465965	-35,592686	-0,13016462	-0,016876146	-0,014533984	-0,014923081
41883	211,75879	-37,415966	-37,524918	-0,13555586	-0,017561182	-0,015235382	-0,01578309
41883	212,25879	-39,365967	-39,380192	-0,13911724	-0,018183365	-0,015888061	-0,016476795
41883	212,75879	-41,315968	-41,450199	-0,14486015	-0,019029021	-0,016824376	-0,017322417
41883	213,25879	-43,265965	-43,36134	-0,14944375	-0,019641757	-0,017380068	-0,018056966
41883	213,75879	-45,215965	-45,253456	-0,15370548	-0,020384207	-0,01807202	-0,018765513
41883	214,25879	-47,165966	-47,265896	-0,15920103	-0,021124095	-0,018791029	-0,019639749
41883	214,75879	-49,115967	-49,211262	-0,16486645	-0,021761119	-0,019564772	-0,0203829
41883	215,25879	-51,065968	-51,136166	-0,16843677	-0,022522286	-0,020264508	-0,02121748
41883	215,75879	-53,015965	-53,058525	-0,17253458	-0,023172572	-0,020967288	-0,021877788
41883	216,25879	-54,965965	-55,091114	-0,17797351	-0,023917928	-0,02165862	-0,022718288
41883	216,75879	-56,915966	-56,983917	-0,18143356	-0,024564907	-0,022385899	-0,023550801
41883	217,25879	-58,865967	-58,893753	-0,18627644	-0,02523163	-0,023119498	-0,024240885
41883	217,75879	-60,815968	-60,957848	-0,19134581	-0,025991604	-0,023808908	-0,025104564
41883	218,25879	-62,765965	-62,843697	-0,1965791	-0,026629999	-0,024572771	-0,025758795
41883	218,75879	-64,715965	-64,754204	-0,1991868	-0,027375415	-0,025233135	-0,026548408
41883	219,25879	-66,66597	-66,74218	-0,20435452	-0,028093711	-0,02595577	-0,027334198
41883	219,75879	-68,615967	-68,731857	-0,20813942	-0,028799132	-0,026688393	-0,028119653
41883	220,25879	-70,565964	-70,61409	-0,21317601	-0,029512405	-0,02742908	-0,028887786
41883	220,75879	-72,515968	-72,529938	-0,21734834	-0,030184105	-0,028146055	-0,029582661
41883	221,25879	-74,465965	-74,57489	-0,2222687	-0,030933701	-0,028870706	-0,030446727
41883	221,75879	-76,41597	-76,439819	-0,22584796	-0,03156323	-0,029507497	-0,031154014
41883	222,25879	-78,365967	-78,372551	-0,23025572	-0,032319903	-0,030193778	-0,031906117
41883	222,75879	-80,315964	-80,434547	-0,23536384	-0,033018239	-0,030893067	-0,032743711
41883	223,25879	-82,265968	-82,315292	-0,23930073	-0,033711471	-0,031672515	-0,033442888
41883	223,75879	-84,215965	-84,269569	-0,24423897	-0,034342192	-0,032416031	-0,034243502
41883	224,25879	-86,16597	-86,18853	-0,24839044	-0,035079323	-0,033132408	-0,034953196
41883	224,75879	-88,115967	-88,190811	-0,2517432	-0,035712197	-0,033769414	-0,035763893
41883	225,25879	-90,065964	-90,091492	-0,25729835	-0,036393054	-0,034483206	-0,036525756
41883	225,75879	-92,015968	-92,052429	-0,26025176	-0,037087038	-0,035252661	-0,037265852
41883	226,25879	-93,965965	-94,024033	-0,2636224	-0,037798017	-0,036008976	-0,038063377
41883	226,75879	-95,91597	-95,946983	-0,26880801	-0,038487487	-0,036679223	-0,038759891
41883	227,25879	-97,865967	-97,876755	-0,27341843	-0,039197437	-0,037323989	-0,039560769
41883	227,75879	-99,815964	-99,912239	-0,27758181	-0,0398665	-0,038093526	-0,040357351
41883	228,25879	-101,76597	-101,78716	-0,2805084	-0,04058826	-0,038832687	-0,041020401
41883	228,75879	-103,71597	-103,75508	-0,28533638	-0,041317932	-0,039514456	-0,041869916
41883	229,25879	-105,66597	-105,68079	-0,28887689	-0,04192996	-0,040247675	-0,042541731
41883	229,75879	-107,61597	-107,67519	-0,29375255	-0,042693757	-0,04097911	-0,043365736
41883	230,25879	-109,56596	-109,58128	-0,29710829	-0,043326862	-0,041661426	-0,044121429
41883	230,75879	-111,51597	-111,49039	-0,30166507	-0,043964446	-0,042303331	-0,0448016
41883	231,25879	-113,46597	-113,60712	-0,30522645	-0,044731796	-0,043187749	-0,045672685
41883	231,75879	-115,41597	-115,45555	-0,30962527	-0,045465909	-0,043931939	-0,046376638
41883	232,25879	-117,36597	-117,3783	-0,31311214	-0,046036556	-0,044545677	-0,047091346
41883	232,75879	-119,31597	-119,39902	-0,31778812	-0,046774119	-0,045292746	-0,047868792
41883	233,25879	-121,26597	-121,32011	-0,32142699	-0,047435664	-0,045997445	-0,048623845
41883	233,75879	-123,21597	-123,23647	-0,3249228	-0,048215039	-0,046810716	-0,049360935
41883	234,25879	-125,16597	-125,27795	-0,3288269	-0,04885792	-0,047543153	-0,050099604
41883	234,75879	-127,11597	-127,19634	-0,33358634	-0,049546897	-0,048148401	-0,050800979
41883	235,25879	-129,06596	-129,09018	-0,33753514	-0,050258383	-0,048914336	-0,051622692
41883	235,75879	-131,01596	-131,05797	-0,34145415	-0,050939426	-0,049579859	-0,052360125
41883	236,25879	-132,96597	-133,0591	-0,34518838	-0,051662214	-0,050351739	-0,053133607
41883	236,75879	-134,91597	-134,96465	-0,35081506	-0,052355498	-0,051077213	-0,053870976
41883	237,25879	-136,86597	-136,87433	-0,35330057	-0,052982718	-0,051805064	-0,054543652
41883	237,75879	-138,81596	-138,88721	-0,35738349	-0,053694397	-0,052534126	-0,055388536
41883	238,25879	-140,76596	-140,847	-0,36122799	-0,054417826	-0,053266469	-0,056126252
41883	238,75879	-141	-140,99702	-0,36138296	-0,054579005	-0,053466816	-0,056280952
41883	239,25879	-141	-141,11887	-0,36246777	-0,054749124	-0,05357147	-0,056386486
41883	239,75879	-141	-141,04901	-0,36359727	-0,054706752	-0,053545535	-0,056390807
41883	240,25879	-141	-140,99394	-0,36258399	-0,05476401	-0,05368631	-0,056473512
41883	240,75879	-141	-141,0322	-0,36194324	-0,054843344	-0,053622857	-0,056497142
41883	241,25879	-141	-141,07008	-0,36253929	-0,054856017	-0,053710263	-0,056588963
41883	241,75879	-141	-141,0202	-0,36361516	-0,054894134	-0,053680684	-0,056601718
41883	242,25879	-141	-140,96977	-0,36200583	-0,054943964	-0,053789485	-0,056606643
41883	242,75879	-141	-141,08124	-0,36289096	-0,054950751	-0,053895883	-0,056744188
41883	243,25879	-141	-141,00981	-0,36362708	-0,054974437	-0,053858735	-0,056718446
41883	243,75879	-141	-140,97076	-0,36382675	-0,055001356	-0,053796001	-0,056726065
41883	244,25879	-141	-141,02682	-0,36273301	-0,055068269	-0,053879071	-0,056767605
41883	244,75879	-141	-141,08493	-0,36436915	-0,055127546	-0,05397911	-0,056869075
41883	245,25879	-141	-140,93533	-0,36405623	-0,055126242	-0,053974781	-0,056741934
41883	245,75879	-141	-141,01892	-0,36431551	-0,05520691	-0,053887039	-0,056878231
41883	246,25879	-141	-141,05814	-0,36360323	-0,055158004	-0,053989604	-0,056885701
41883	246,75879	-141	-140,94771	-0,36356747	-0,05518835	-0,053934574	-0,056898564
41883	247,25879	-141	-140,99123	-0,36417544	-0,055222832	-0,053996097	-0,056958597
41883	247,75879	-141	-141,04079	-0,36483407	-0,055267498	-0,05415177	-0,056945473
41883	248,25879	-141	-141,0002	-0,36498606	-0,055362612	-0,054067697	-0,056975171
41883	248,75879	-141	-140,95404	-0,36433637	-0,055273369	-0,054022811	-0,056972504
41883	249,25879	-141	-141,04272	-0,36430061	-0,055389315	-0,054104239	-0,056992218
41883	249,75879	-141	-141,0144	-0,36548674	-0,05539646	-0,054137249	-0,057076864
41883	250,25879	-141	-140,92513	-0,36478043	-0,055429287	-0,05418298	-0,057007499
41883	250,75879	-141	-140,99864	-0,36535561	-0,055475168	-0,054145277	-0,057030976
41883	251,25879	-141	-141,0509	-0,36497712	-0,05551625	-0,054210681	-0,057106342
41883	251,75879	-141	-141,00082	-0,3650099	-0,05550871	-0,054133642	-0,05704803
41883	252,25879	-141	-141,04301	-0,36528111	-0,055516496	-0,0542478	-0,057182685
41883	252,75879	-141	-141,03864	-0,36562383	-0,055450805	-0,054277532	-0,057112657
41883	253,25879	-141	-140,97508	-0,36566854	-0,055555791	-0,054238498	-0,057129875
41883	253,75879	-141	-140,99101	-0,3651917	-0,055507302	-0,054343697	-0,057195865
41883	254,25879	-141	-141,01804	-0,36517978	-0,055591308	-0,054249384	-0,057153102
41883	254,75879	-141	-141,0025	-0,36544502	-0,055596285	-0,054286655	-0,057258654
41883	255,25879	-141	-140,96352	-0,36544502	-0,055650957	-0,054322734	-0,057237692
41883	255,75879	-141	-141,01836	-0,36554635	-0,055650026	-0,054296669	-0,057231054
41883	256,25879	-141	-141,0535	-0,36613643	-0,055656113	-0,054418221	-0,057322692
41883	256,75879	-141	-140,93622	-0,36559403	-0,055607893	-0,054344691	-0,05721993
41883	257,25879	-141	-141,01016	-0,36556423	-0,055716239	-0,054434031	-0,0573196
41883	257,75879	-141	-141,0392	-0,36615431	-0,055723257	-0,054447688	-0,057290308
41883	258,25879	-141	-140,9796	-0,3651619	-0,055743992	-0,054295976	-0,057330009
41883	258,75879	-141	-140,96837	-0,36568642	-0,055728257	-0,054431491	-0,057377107
41883	259,25879	-141	-141,05513	-0,36589503	-0,055793397	-0,054385308	-0,057312179
41883	259,75879	-141	-141,00449	-0,36527812	-0,05574891	-0,054489765	-0,05739861
41883	260,25879	-141	-140,96214	-0,36671162	-0,05571796	-0,054523882	-0,057327263
41883	260,75879	-141	-141,0312	-0,36593378	-0,055840001	-0,054461498	-0,057394464
41883	261,25879	-141	-141,06752	-0,36620796	-0,055802107	-0,054557275	-0,057519499
41883	261,75879	-141	-140,93367	-0,36616921	-0,05580309	-0,054503359	-0,057408016
41883	262,25879	-141	-140,98369	-0,36532283	-0,055892706	-0,054541152	-0,05748887
41883	262,75879	-141	-141,05785	-0,36666095	-0,055940144	-0,054615859	-0,057522453
41883	263,25879	-141	-140,95839	-0,36634505	-0,055828959	-0,054510266	-0,057439137
41883	263,75879	-141	-140,98502	-0,36562681	-0,055869825	-0,054608602	-0,057534281
41883	264,25879	-141	-141,04036	-0,36641955	-0,055881783	-0,054538351	-0,057469785
41883	264,75879	-141	-141,01175	-0,36557019	-0,05595579	-0,054588869	-0,057487454
41883	265,25879	-141	-140,96957	-0,36636889	-0,05591327	-0,054664098	-0,057559706
41883	265,75879	-141	-141,08723	-0,36617517	-0,05601579	-0,054638725	-0,057510346
41883	266,25879	-141	-141,02116	-0,36634207	-0,055955455	-0,054653086	-0,057541411
41883	266,75879	-141	-140,96123	-0,36616623	-0,055979013	-0,05463206	-0,057538226
41883	267,25879	-141	-140,99806	-0,36651492	-0,056038201	-0,054710858	-0,057570398
41883	267,75879	-141	-141,05672	-0,36694407	-0,05603455	-0,054806933	-0,05762247
41883	268,25879	-141	-140,97273	-0,36636591	-0,055992268	-0,05465813	-0,057555541
41883	268,75879	-138,83691	-138,88509	-0,36329031	-0,055364676	-0,054058515	-0,056924716
41883	269,25879	-136,33691	-136,46609	-0,35888851	-0,054656841	-0,053166386	-0,056173235
41883	269,75879	-133,83691	-133,78464	-0,35451949	-0,053791143	-0,052411113	-0,055211887
41883	270,25879	-131,33691	-131,2438	-0,3495276	-0,053002797	-0,05160078	-0,054313935
41883	270,75879	-128,83691	-128,8867	-0,34576058	-0,052288242	-0,050595473	-0,053582422
41883	271,25879	-126,33691	-126,31961	-0,34031868	-0,051436916	-0,049905837	-0,052657671
41883	271,75879	-123,83691	-123,72096	-0,33566356	-0,050621532	-0,049042448	-0,051806491
41883	272,25879	-121,33691	-121,32731	-0,33090115	-0,049840875	-0,048113201	-0,050928131
41883	272,75879	-118,83691	-118,80598	-0,32655001	-0,04908862	-0,047431681	-0,050090577
41883	273,25879	-116,33691	-116,28638	-0,32258332	-0,048312508	-0,046503998	-0,049215451
41883	273,75879	-113,83691	-113,72164	-0,31718612	-0,047409415	-0,045652602	-0,048288241
41883	274,25879	-111,33691	-111,32499	-0,31238794	-0,046609856	-0,044783834	-0,047426883
41883	274,75879	-108,83691	-108,7963	-0,30751228	-0,045827679	-0,043901622	-0,046605282
41883	275,25879	-106,33691	-106,24732	-0,30307472	-0,044986293	-0,043042365	-0,045593325
41883	275,75879	-103,83691	-103,8126	-0,29869676	-0,044182591	-0,042229459	-0,044791456
41883	276,25879	-101,33691	-101,30569	-0,29490888	-0,043342464	-0,041401051	-0,043922111
41883	276,75879	-98,836914	-98,728882	-0,28781295	-0,042479113	-0,040444698	-0,042890772
41883	277,25879	-96,336914	-96,272263	-0,28272569	-0,041764282	-0,039655115	-0,042120732
41883	277,75879	-93,836914	-93,81147	-0,27806163	-0,040895678	-0,03881868	-0,041120254
41883	278,25879	-91,336914	-91,235138	-0,27357638	-0,04000029	-0,037831787	-0,040153105
41883	278,75879	-88,836914	-88,797569	-0,26838183	-0,039157078	-0,037020504	-0,039308909
41883	279,25879	-86,336914	-86,304359	-0,26319921	-0,038263775	-0,036221426	-0,038278148
41883	279,75879	-83,836914	-83,750275	-0,25780499	-0,037461348	-0,035213035	-0,037371621
41883	280,25879	-81,336914	-81,233452	-0,25215745	-0,03657303	-0,034311045	-0,036392324
41883	280,75879	-78,836914	-78,81131	-0,24808049	-0,035753034	-0,033424858	-0,035561722
41883	281,25879	-76,336914	-76,301376	-0,24162531	-0,034899592	-0,032638468	-0,034560375
41883	281,75879	-73,836914	-73,716644	-0,23700297	-0,033930138	-0,031630497	-0,033482976
41883	282,25879	-71,336914	-71,279938	-0,23119152	-0,033163771	-0,030744476	-0,032572348
41883	282,75879	-68,836914	-68,812027	-0,22584498	-0,032369129	-0,029914305	-0,031581499
41883	283,25879	-66,336914	-66,218666	-0,220716	-0,031341806	-0,028989313	-0,030513376
41883	283,75879	-63,836914	-63,758533	-0,21330714	-0,030461304	-0,02819149	-0,029631101
41883	284,25879	-61,336914	-61,281216	-0,20876825	-0,029618524	-0,02727687	-0,028561346
41883	284,75879	-58,836914	-58,764744	-0,20297766	-0,028702468	-0,026257139	-0,027586568
41883	285,25879	-56,336914	-56,266533	-0,19683838	-0,027731314	-0,025458643	-0,026611947
41883	285,75879	-53,836914	-53,797039	-0,19180775	-0,026862785	-0,024494806	-0,025430325
41883	286,25879	-51,336914	-51,269501	-0,18495917	-0,025974408	-0,02364656	-0,024514884
41883	286,75879	-48,836914	-48,749702	-0,17890334	-0,025062576	-0,02259443	-0,0234905
41883	287,25879	-46,336914	-46,269463	-0,17313361	-0,024078667	-0,021797182	-0,02243394
41883	287,75879	-43,836914	-43,813873	-0,16722977	-0,02315034	-0,020885045	-0,021476984
41883	288,25879	-41,336914	-41,232059	-0,1598835	-0,022223026	-0,019827496	-0,020294148
41883	288,75879	-38,836914	-38,788906	-0,15418231	-0,021296278	-0,018917905	-0,01933549
41883	289,25879	-36,336914	-36,291092	-0,14879107	-0,020291075	-0,017966306	-0,018222336
41883	289,75879	-33,836914	-33,744099	-0,14151633	-0,019302353	-0,016947366	-0,017201945
41883	290,25879	-31,336914	-31,264292	-0,13331175	-0,018333584	-0,016109152	-0,016115174
41883	290,75879	-28,836914	-28,817059	-0,12688637	-0,017424569	-0,015031407	-0,015084796
41883	291,25879	-26,336914	-26,290453	-0,12013614	-0,016390532	-0,014125997	-0,0139925
41883	291,75879	-23,836914	-23,707346	-0,11261404	-0,015314847	-0,013017749	-0,012813136
41883	292,25879	-21,336914	-21,330759	-0,10489225	-0,014373556	-0,012154069	-0,011908822
41883	292,75879	-18,836914	-18,767603	-0,097548962	-0,013273239	-0,011185244	-0,010729216
41883	293,25879	-16,336914	-16,238066	-0,090232491	-0,012180686	-0,010068614	-0,0097042136
41883	293,75879	-13,836914	-13,797621	-0,081717968	-0,011196077	-0,0091294758	-0,0087432489
41883	294,25879	-11,336914	-11,275164	-0,072196126	-0,0099495053	-0,0080509903	-0,0077244937
41883	294,75879	-8,8369141	-8,7833538	-0,063183904	-0,0087868422	-0,0071177548	-0,0067600086
41883	295,25879	-6,3369141	-6,2881708	-0,052306056	-0,0075051039	-0,0060974234	-0,0057344288
41883	295,75879	-3,8369141	-3,8495231	-0,039839745	-0,0061324537	-0,0052735279	-0,0049101263
41883	296,25879	-1,3369141	-2,0201616	-0,028944016	-0,0049825162	-0,0045693456	-0,0043393001
41883	296,75879	-1	-0,74454021	-0,017818809	-0,0042488277	-0,0039581228	-0,0037876368
41883	297,25879	-1	-0,78237987	-0,017735362	-0,0041180253	-0,0039810091	-0,003807418
41883	297,75879	-1	-0,77299589	-0,017419457	-0,0040377229	-0,0038022164	-0,0036571622
41883	298,25879	-1	-0,81676245	-0,017568469	-0,0040053278	-0,0038840459	-0,0036789626
41883	298,75879	-1	-0,94370729	-0,017035007	-0,0040433556	-0,0038755664	-0,0036842227
41883	299,25879	-1	-0,88124722	-0,01770556	-0,0039979815	-0,0037879692	-0,0035570562
41883	299,75879	0	0,7506125	2,0085752	-0,0033035576	-0,0031896911	-0,0027826205

Datenerfassung						Zeit:	300,05371	s	01.09.2014 14:53:18
Ch 1 Kraft	Ch 1 W2TK Mittel	1944 A	1944 B	1281068
kN	mm	mm	mm	mm
0,78895503	0,00010234053	0,00032478877	9,2640519e-05	0,013239454
-142,11336	-5,4857737e-05	-0,00034319807	-0,056101583	-0,054822184
