MTS793|MPT|DEU|1|2|,|.|:|49|1|1|A

Bediener Information						Zeit:	17,945313	s	11.07.2023 10:04:06
Datum	11.7.2023
Probe	TP2_CEMII-A-LL_420_oF Druck Probe 2
Prüfer: 	Be
Masse	5317,1
Länge	300,2
Durchmesser	99,0
Bediener Information Ende

Datenerfassung						Zeit:	119,36719	s	11.07.2023 10:05:47
Ch 1 Weg	Ch 1 Kraft
mm	kN
0,96218884	1,1065493
-1,1488318	-333,55853

Datenerfassung						Zeit:	119,37598	s	11.07.2023 10:05:47
Datum	Tageszeit	Laufzeit	Ch 1 Kraft Sollwert	Ch 1 Kraft	Ch 1 Weg
d	d	s	kN	kN	mm
45118	0,45751175	32,016602	-1,7579101	-1,5402602	-0,00028312206
45118	0,45751408	32,216797	-2,538672	-2,1526756	-0,0043421984
45118	0,4575164	32,416992	-3,3194337	-3,0264406	-0,011017919
45118	0,45751873	32,617188	-4,1001954	-3,9275379	-0,017571449
45118	0,45752102	32,817383	-4,8809571	-4,6898704	-0,022336841
45118	0,45752335	33,017578	-5,6617188	-5,4642258	-0,026062131
45118	0,45752567	33,217773	-6,4424806	-6,1725526	-0,03079772
45118	0,457528	33,417969	-7,2232423	-6,8954263	-0,034815073
45118	0,45753029	33,618164	-8,0040045	-7,736249	-0,039857626
45118	0,45753261	33,818359	-8,7847662	-8,5582886	-0,042420626
45118	0,45753494	34,018555	-9,5655279	-9,508173	-0,04760623
45118	0,45753726	34,21875	-10,34629	-10,332562	-0,051635504
45118	0,45753956	34,418945	-11,127051	-11,219018	-0,056242943
45118	0,45754188	34,619141	-11,907813	-12,020343	-0,058162212
45118	0,45754421	34,819336	-12,688575	-12,772321	-0,062656403
45118	0,45754653	35,019531	-13,469337	-13,613612	-0,066566467
45118	0,45754883	35,219727	-14,250098	-14,357055	-0,069844723
45118	0,45755115	35,419922	-15,03086	-15,104964	-0,071918964
45118	0,45755348	35,620117	-15,811622	-15,953233	-0,075337291
45118	0,4575558	35,820313	-16,592382	-16,659082	-0,07828176
45118	0,4575581	36,020508	-17,373144	-17,495834	-0,081065297
45118	0,45756042	36,220703	-18,153906	-18,239517	-0,083643198
45118	0,45756274	36,420898	-18,934668	-19,035122	-0,086510181
45118	0,45756507	36,621094	-19,715429	-19,824169	-0,090277195
45118	0,45756736	36,821289	-20,496191	-20,616083	-0,092506409
45118	0,45756969	37,021484	-21,276953	-21,345257	-0,094547868
45118	0,45757201	37,22168	-22,057714	-22,155464	-0,096812844
45118	0,45757434	37,421875	-22,838476	-22,957436	-0,10012984
45118	0,45757663	37,62207	-23,619238	-23,695539	-0,10356307
45118	0,45757896	37,822266	-24,400002	-24,506678	-0,10557771
45118	0,45758128	38,022461	-25,180763	-25,224712	-0,10716319
45118	0,45758361	38,222656	-25,961525	-26,12351	-0,10985732
45118	0,4575859	38,422852	-26,742287	-26,784159	-0,11331737
45118	0,45758823	38,623047	-27,523048	-27,67087	-0,11472702
45118	0,45759055	38,823242	-28,30381	-28,350971	-0,11790693
45118	0,45759287	39,023438	-29,084572	-29,233816	-0,11987686
45118	0,45759517	39,223633	-29,865334	-29,934519	-0,12314022
45118	0,45759749	39,423828	-30,646095	-30,763884	-0,12595057
45118	0,45759982	39,624023	-31,426857	-31,509703	-0,12898445
45118	0,45760214	39,824219	-32,207619	-32,291187	-0,13086796
45118	0,45760444	40,024414	-32,98838	-33,117714	-0,13304055
45118	0,45760676	40,224609	-33,769142	-33,840881	-0,13534129
45118	0,45760909	40,424805	-34,549904	-34,670811	-0,13812184
45118	0,45761141	40,625	-35,330666	-35,381451	-0,13995171
45118	0,45761371	40,825195	-36,111427	-36,250698	-0,14307499
45118	0,45761603	41,025391	-36,892189	-36,934978	-0,14520288
45118	0,45761836	41,225586	-37,672951	-37,770569	-0,14664531
45118	0,45762068	41,425781	-38,453712	-38,487659	-0,15026331
45118	0,45762298	41,625977	-39,234474	-39,399818	-0,15327334
45118	0,4576253	41,826172	-40,015236	-40,000084	-0,15431345
45118	0,45762762	42,026367	-40,795998	-40,942505	-0,1571238
45118	0,45762995	42,226563	-41,576759	-41,587143	-0,15847385
45118	0,45763224	42,426758	-42,357521	-42,471352	-0,16136765
45118	0,45763457	42,626953	-43,138283	-43,168346	-0,16442835
45118	0,45763689	42,827148	-43,919044	-44,068058	-0,16621053
45118	0,45763922	43,027344	-44,699806	-44,679344	-0,16843975
45118	0,45764151	43,227539	-45,480568	-45,610195	-0,17106235
45118	0,45764384	43,427734	-46,26133	-46,31279	-0,17297268
45118	0,45764616	43,62793	-47,042091	-47,116879	-0,17591715
45118	0,45764849	43,828125	-47,822853	-47,891857	-0,17788708
45118	0,45765078	44,02832	-48,603615	-48,626823	-0,1798898
45118	0,45765311	44,228516	-49,384377	-49,474766	-0,18231869
45118	0,45765543	44,428711	-50,165138	-50,199036	-0,18401742
45118	0,45765775	44,628906	-50,9459	-51,052101	-0,18708706
45118	0,45766005	44,829102	-51,726662	-51,707554	-0,18824339
45118	0,45766237	45,029297	-52,507423	-52,606567	-0,19180775
45118	0,4576647	45,229492	-53,288185	-53,323246	-0,19432306
45118	0,45766702	45,429688	-54,068947	-54,15366	-0,19579828
45118	0,45766932	45,629883	-54,849709	-54,879166	-0,19773841
45118	0,45767164	45,830078	-55,63047	-55,726299	-0,19937456
45118	0,45767397	46,030273	-56,411232	-56,40876	-0,20175278
45118	0,45767629	46,230469	-57,191994	-57,309845	-0,20442009
45118	0,45767859	46,430664	-57,972755	-57,972324	-0,20613968
45118	0,45768091	46,630859	-58,753517	-58,822735	-0,20910203
45118	0,45768324	46,831055	-59,534279	-59,542912	-0,21101236
45118	0,45768556	47,03125	-60,315041	-60,403408	-0,21337271
45118	0,45768785	47,231445	-61,095802	-61,082291	-0,21481812
45118	0,45769018	47,431641	-61,876564	-61,992535	-0,21709502
45118	0,4576925	47,631836	-62,657326	-62,611862	-0,21856725
45118	0,45769483	47,832031	-63,438087	-63,563553	-0,22179186
45118	0,45769712	48,032227	-64,218849	-64,204323	-0,22409856
45118	0,45769945	48,232422	-64,999611	-65,10408	-0,22546053
45118	0,45770177	48,432617	-65,780373	-65,776764	-0,22831261
45118	0,4577041	48,632813	-66,561134	-66,654884	-0,2301991
45118	0,45770639	48,833008	-67,341896	-67,351334	-0,23201704
45118	0,45770872	49,033203	-68,122658	-68,218132	-0,2343148
45118	0,45771104	49,233398	-68,903419	-68,897026	-0,23698509
45118	0,45771337	49,433594	-69,684181	-69,733559	-0,23905337
45118	0,45771566	49,633789	-70,464943	-70,534332	-0,24088025
45118	0,45771798	49,833984	-71,245705	-71,256149	-0,24245381
45118	0,45772031	50,03418	-72,026466	-72,111481	-0,24494827
45118	0,45772263	50,234375	-72,807228	-72,7939	-0,2469331
45118	0,45772493	50,43457	-73,58799	-73,667397	-0,24857223
45118	0,45772725	50,634766	-74,368752	-74,360718	-0,2505362
45118	0,45772958	50,834961	-75,149513	-75,214417	-0,25220215
45118	0,4577319	51,035156	-75,930275	-75,935562	-0,25396645
45118	0,4577342	51,235352	-76,711037	-76,754395	-0,2564162
45118	0,45773652	51,435547	-77,491798	-77,533974	-0,25914907
45118	0,45773885	51,635742	-78,27256	-78,2537	-0,26013851
45118	0,45774117	51,835938	-79,053322	-79,10463	-0,26380122
45118	0,45774347	52,036133	-79,834084	-79,800201	-0,26496053
45118	0,45774579	52,236328	-80,614845	-80,745491	-0,26697516
45118	0,45774812	52,436523	-81,395607	-81,338646	-0,26895702
45118	0,45775044	52,636719	-82,176369	-82,267494	-0,27220845
45118	0,45775273	52,836914	-82,95713	-82,92112	-0,27365685
45118	0,45775506	53,037109	-83,737892	-83,836082	-0,2753973
45118	0,45775738	53,237305	-84,518654	-84,486397	-0,27735829
45118	0,45775971	53,4375	-85,299416	-85,381035	-0,27960539
45118	0,457762	53,637695	-86,080177	-86,04863	-0,28086603
45118	0,45776433	53,837891	-86,860939	-86,921913	-0,28266013
45118	0,45776665	54,038086	-87,641701	-87,649559	-0,28431714
45118	0,45776895	54,238281	-88,422462	-88,478455	-0,28675795
45118	0,45777127	54,438477	-89,203224	-89,209312	-0,28898716
45118	0,4577736	54,638672	-89,983986	-89,972397	-0,29056668
45118	0,45777592	54,838867	-90,764748	-90,848091	-0,29359758
45118	0,45777822	55,039063	-91,545509	-91,522514	-0,29455721
45118	0,45778054	55,239258	-92,326271	-92,376709	-0,29684007
45118	0,45778286	55,439453	-93,107033	-93,066025	-0,29869378
45118	0,45778519	55,639648	-93,887794	-93,973663	-0,301072
45118	0,45778748	55,839844	-94,668556	-94,635406	-0,30312836
45118	0,45778981	56,040039	-95,449318	-95,487984	-0,30474663
45118	0,45779213	56,240234	-96,23008	-96,231575	-0,30649602
45118	0,45779446	56,44043	-97,010841	-97,036949	-0,30749738
45118	0,45779675	56,640625	-97,791603	-97,833183	-0,31085908
45118	0,45779908	56,84082	-98,572365	-98,579842	-0,31262338
45118	0,4578014	57,041016	-99,353127	-99,402222	-0,31465292
45118	0,45780373	57,241211	-100,13389	-100,12596	-0,31579137
45118	0,45780602	57,441406	-100,91465	-100,95177	-0,31848252
45118	0,45780835	57,641602	-101,69541	-101,7401	-0,32037795
45118	0,45781067	57,841797	-102,47617	-102,42027	-0,32148957
45118	0,45781299	58,041992	-103,25694	-103,36531	-0,32434464
45118	0,45781529	58,242188	-104,0377	-104,00487	-0,32553077
45118	0,45781761	58,442383	-104,81846	-104,90803	-0,3272742
45118	0,45781994	58,642578	-105,59922	-105,57925	-0,32958984
45118	0,45782226	58,842773	-106,37998	-106,45751	-0,33185184
45118	0,45782456	59,042969	-107,16074	-107,114	-0,33347309
45118	0,45782688	59,243164	-107,94151	-108,03739	-0,33564568
45118	0,45782921	59,443359	-108,72227	-108,69265	-0,33763647
45118	0,45783153	59,643555	-109,50303	-109,56799	-0,33923388
45118	0,45783383	59,84375	-110,28379	-110,27589	-0,34126639
45118	0,45783615	60,043945	-111,06455	-111,0949	-0,34262538
45118	0,45783848	60,244141	-111,84531	-111,86298	-0,34406483
45118	0,4578408	60,444336	-112,62608	-112,63908	-0,34650266
45118	0,4578431	60,644531	-113,40684	-113,43734	-0,34891665
45118	0,45784542	60,844727	-114,1876	-114,16224	-0,35054982
45118	0,45784774	61,044922	-114,96836	-115,05064	-0,35315752
45118	0,45785007	61,245117	-115,74912	-115,70286	-0,35420954
45118	0,45785236	61,445313	-116,52988	-116,58273	-0,35702586
45118	0,45785469	61,645508	-117,31065	-117,3069	-0,35909414
45118	0,45785701	61,845703	-118,09141	-118,08965	-0,35991669
45118	0,45785934	62,045898	-118,87217	-118,93803	-0,36236346
45118	0,45786163	62,246094	-119,65293	-119,64503	-0,36337674
45118	0,45786396	62,446289	-120,43369	-120,45422	-0,3656745
45118	0,45786628	62,646484	-121,21445	-121,23299	-0,36775768
45118	0,45786861	62,84668	-121,99522	-121,99684	-0,36868155
45118	0,4578709	63,046875	-122,77598	-122,83163	-0,37158132
45118	0,45787323	63,24707	-123,55674	-123,51847	-0,37273765
45118	0,45787555	63,447266	-124,3375	-124,3948	-0,37559867
45118	0,45787787	63,647461	-125,11826	-125,06265	-0,37709475
45118	0,45788017	63,847656	-125,89902	-125,945	-0,37949681
45118	0,45788249	64,047852	-126,67979	-126,62478	-0,38122535
45118	0,45788482	64,248047	-127,46055	-127,52238	-0,38274527
45118	0,45788714	64,448242	-128,24132	-128,17798	-0,38433671
45118	0,45788944	64,648438	-129,02208	-129,06544	-0,3864944
45118	0,45789176	64,848633	-129,80284	-129,76491	-0,38901865
45118	0,45789409	65,048828	-130,5836	-130,64398	-0,39076507
45118	0,45789641	65,249023	-131,36436	-131,2914	-0,3918469
45118	0,45789871	65,449219	-132,14513	-132,21228	-0,39460361
45118	0,45790103	65,649414	-132,92589	-132,82178	-0,39532781
45118	0,45790336	65,849609	-133,70665	-133,7963	-0,39790571
45118	0,45790568	66,049805	-134,48741	-134,44218	-0,39996803
45118	0,45790797	66,25	-135,26817	-135,30005	-0,40171444
45118	0,4579103	66,450195	-136,04893	-135,99313	-0,40356517
45118	0,45791262	66,650391	-136,8297	-136,83344	-0,40553212
45118	0,45791495	66,850586	-137,61046	-137,65019	-0,40665269
45118	0,45791724	67,050781	-138,39122	-138,36162	-0,40836632
45118	0,45791957	67,250977	-139,17198	-139,24512	-0,41058362
45118	0,45792189	67,451172	-139,95274	-139,90594	-0,4126817
45118	0,45792422	67,651367	-140,73351	-140,75116	-0,41461587
45118	0,45792651	67,851563	-141,51427	-141,53722	-0,41646957
45118	0,45792884	68,051758	-142,29503	-142,27428	-0,41888356
45118	0,45793116	68,251953	-143,07579	-143,10416	-0,42053461
45118	0,45793349	68,452148	-143,85655	-143,82027	-0,42270124
45118	0,45793578	68,652344	-144,63731	-144,67896	-0,42443871
45118	0,4579381	68,852539	-145,41808	-145,38431	-0,42667389
45118	0,45794043	69,052734	-146,19884	-146,24838	-0,4281491
45118	0,45794275	69,25293	-146,9796	-146,91473	-0,42994618
45118	0,45794505	69,453125	-147,76036	-147,79553	-0,43200254
45118	0,45794737	69,65332	-148,54112	-148,47713	-0,43320656
45118	0,4579497	69,853516	-149,32188	-149,39459	-0,43541789
45118	0,45795202	70,053711	-150,10265	-150,03043	-0,43671131
45118	0,45795432	70,253906	-150,88341	-150,90508	-0,43985248
45118	0,45795664	70,454102	-151,66417	-151,59451	-0,44199526
45118	0,45795897	70,654297	-152,44493	-152,54254	-0,44347644
45118	0,45796129	70,854492	-153,22569	-153,10439	-0,44548512
45118	0,45796359	71,054688	-154,00645	-154,08362	-0,44769943
45118	0,45796591	71,254883	-154,78722	-154,68408	-0,44857264
45118	0,45796824	71,455078	-155,56798	-155,61179	-0,45095086
45118	0,45797056	71,655273	-156,34874	-156,286	-0,45348704
45118	0,45797285	71,855469	-157,1295	-157,14052	-0,45559704
45118	0,45797518	72,055664	-157,91026	-157,83371	-0,45643151
45118	0,4579775	72,255859	-158,69102	-158,69235	-0,45845807
45118	0,45797983	72,456055	-159,47179	-159,47617	-0,46034157
45118	0,45798212	72,65625	-160,25255	-160,20767	-0,46246946
45118	0,45798445	72,856445	-161,03331	-161,04041	-0,46507418
45118	0,45798677	73,056641	-161,81407	-161,74696	-0,46699345
45118	0,4579891	73,256836	-162,59483	-162,61436	-0,4683286
45118	0,45799139	73,457031	-163,3756	-163,32205	-0,46963096
45118	0,45799372	73,657227	-164,15636	-164,15878	-0,47207773
45118	0,45799604	73,857422	-164,93712	-164,92142	-0,47426522
45118	0,45799837	74,057617	-165,71788	-165,61063	-0,47541857
45118	0,45800066	74,257813	-166,49864	-166,57297	-0,47862828
45118	0,45800298	74,458008	-167,2794	-167,16878	-0,47990084
45118	0,45800531	74,658203	-168,06017	-168,11531	-0,48366785
45118	0,45800763	74,858398	-168,84093	-168,73863	-0,48377216
45118	0,45800993	75,058594	-169,62169	-169,63681	-0,4855603
45118	0,45801225	75,258789	-170,40245	-170,37814	-0,48726797
45118	0,45801458	75,458984	-171,18321	-171,1273	-0,48923194
45118	0,4580169	75,65918	-171,96397	-171,99664	-0,491184
45118	0,4580192	75,859375	-172,74474	-172,62474	-0,49243569
45118	0,45802152	76,05957	-173,5255	-173,58485	-0,49541593
45118	0,45802385	76,259766	-174,30626	-174,17908	-0,49550235
45118	0,45802617	76,459961	-175,08702	-175,11514	-0,4995048
45118	0,45802847	76,660156	-175,86778	-175,79393	-0,50078034
45118	0,45803079	76,860352	-176,64854	-176,64745	-0,50203204
45118	0,45803311	77,060547	-177,42931	-177,3968	-0,50543845
45118	0,45803544	77,260742	-178,21007	-178,11983	-0,5077064
45118	0,45803773	77,460938	-178,99083	-179,00165	-0,50979555
45118	0,45804006	77,661133	-179,77159	-179,74455	-0,51060319
45118	0,45804238	77,861328	-180,55235	-180,52142	-0,51310062
45118	0,45804471	78,061523	-181,33311	-181,32764	-0,51452518
45118	0,458047	78,261719	-182,11388	-182,03938	-0,51689446
45118	0,45804933	78,461914	-182,89464	-182,91634	-0,518471
45118	0,45805165	78,662109	-183,6754	-183,57362	-0,52054524
45118	0,45805398	78,862305	-184,45616	-184,4691	-0,52221715
45118	0,45805627	79,0625	-185,23692	-185,13326	-0,52443147
45118	0,4580586	79,262695	-186,01768	-186,0712	-0,52640736
45118	0,45806092	79,462891	-186,79845	-186,71024	-0,5278945
45118	0,45806324	79,663086	-187,57921	-187,5833	-0,53111613
45118	0,45806554	79,863281	-188,35997	-188,2852	-0,53230226
45118	0,45806786	80,063477	-189,14073	-189,1391	-0,53547323
45118	0,45807019	80,263672	-189,92149	-189,83215	-0,53681433
45118	0,45807251	80,463867	-190,70226	-190,72556	-0,53910017
45118	0,45807481	80,664063	-191,48302	-191,405	-0,54169595
45118	0,45807713	80,864258	-192,26378	-192,25124	-0,54253638
45118	0,45807946	81,064453	-193,04454	-192,94339	-0,54410696
45118	0,45808175	81,264648	-193,8253	-193,85815	-0,54681301
45118	0,45808408	81,464844	-194,60606	-194,5312	-0,54870248
45118	0,4580864	81,665039	-195,38683	-195,38338	-0,55025518
45118	0,45808873	81,865234	-196,16759	-196,11891	-0,55303276
45118	0,45809102	82,06543	-196,94835	-196,92339	-0,55401027
45118	0,45809335	82,265625	-197,72911	-197,70879	-0,5569905
45118	0,45809567	82,46582	-198,50987	-198,46101	-0,55949092
45118	0,45809799	82,666016	-199,29063	-199,28282	-0,56091249
45118	0,45810029	82,866211	-200,0714	-199,98129	-0,5626291
45118	0,45810261	83,066406	-200,85216	-200,86653	-0,56441426
45118	0,45810494	83,266602	-201,63292	-201,54749	-0,56668222
45118	0,45810726	83,466797	-202,41368	-202,42221	-0,56914985
45118	0,45810956	83,666992	-203,19444	-203,09007	-0,57099164
45118	0,45811188	83,867188	-203,9752	-203,97595	-0,57276189
45118	0,45811421	84,067383	-204,75597	-204,64136	-0,5743593
45118	0,45811653	84,267578	-205,53673	-205,59583	-0,57812035
45118	0,45811883	84,467773	-206,31749	-206,23012	-0,57901442
45118	0,45812115	84,667969	-207,09825	-207,10655	-0,58115423
45118	0,45812348	84,868164	-207,87901	-207,78117	-0,58319867
45118	0,4581258	85,068359	-208,65977	-208,67931	-0,58499277
45118	0,45812809	85,268555	-209,44054	-209,38698	-0,58724284
45118	0,45813042	85,46875	-210,2213	-210,21773	-0,5893141
45118	0,45813274	85,668945	-211,00206	-210,97485	-0,59171319
45118	0,45813507	85,869141	-211,78282	-211,68994	-0,59321821
45118	0,45813736	86,069336	-212,56358	-212,58942	-0,59580505
45118	0,45813969	86,269531	-213,34435	-213,28519	-0,59842467
45118	0,45814201	86,469727	-214,12511	-214,11392	-0,59995651
45118	0,45814434	86,669922	-214,90587	-214,87651	-0,6012857
45118	0,45814663	86,870117	-215,68663	-215,64854	-0,6036967
45118	0,45814896	87,070313	-216,46739	-216,43124	-0,6051749
45118	0,45815128	87,270508	-217,24815	-217,29771	-0,60880184
45118	0,45815361	87,470703	-218,02892	-217,92033	-0,61067045
45118	0,4581559	87,670898	-218,80968	-218,87502	-0,61201751
45118	0,45815822	87,871094	-219,59044	-219,45453	-0,61397552
45118	0,45816055	88,071289	-220,3712	-220,41789	-0,61713755
45118	0,45816287	88,271484	-221,15196	-221,0641	-0,61911643
45118	0,45816517	88,47168	-221,93272	-221,94858	-0,62220693
45118	0,45816749	88,671875	-222,71349	-222,6306	-0,62405169
45118	0,45816982	88,87207	-223,49425	-223,48633	-0,62507689
45118	0,45817214	89,072266	-224,27501	-224,19843	-0,62738657
45118	0,45817444	89,272461	-225,05577	-225,06422	-0,63053668
45118	0,45817676	89,472656	-225,83653	-225,77135	-0,63186884
45118	0,45817909	89,672852	-226,61729	-226,58783	-0,63388646
45118	0,45818141	89,873047	-227,39806	-227,36124	-0,63681006
45118	0,45818371	90,073242	-228,17882	-228,12407	-0,63787699
45118	0,45818603	90,273438	-228,95958	-228,96629	-0,64052939
45118	0,45818835	90,473633	-229,74034	-229,67255	-0,64197779
45118	0,45819068	90,673828	-230,5211	-230,50244	-0,64430535
45118	0,45819297	90,874023	-231,30186	-231,29926	-0,6477654
45118	0,4581953	91,074219	-232,08263	-231,99498	-0,64896643
45118	0,45819762	91,274414	-232,86339	-232,93307	-0,65159202
45118	0,45819995	91,474609	-233,64415	-233,52219	-0,65413713
45118	0,45820224	91,674805	-234,42491	-234,46344	-0,65664649
45118	0,45820457	91,875	-235,20567	-235,11087	-0,6568253
45118	0,45820689	92,075195	-235,98643	-236,03557	-0,66010952
45118	0,45820922	92,275391	-236,7672	-236,6524	-0,66320002
45118	0,45821151	92,475586	-237,54796	-237,6172	-0,66509843
45118	0,45821384	92,675781	-238,32872	-238,19191	-0,66678524
45118	0,45821616	92,875977	-239,10948	-239,1286	-0,66926181
45118	0,45821849	93,076172	-239,89024	-239,83609	-0,67102611
45118	0,45822078	93,276367	-240,67101	-240,70287	-0,6747514
45118	0,4582231	93,476563	-241,45177	-241,38286	-0,67572296
45118	0,45822543	93,676758	-242,23253	-242,26059	-0,67798197
45118	0,45822775	93,876953	-243,01329	-242,92163	-0,6804347
45118	0,45823005	94,077148	-243,79405	-243,87889	-0,68316758
45118	0,45823237	94,277344	-244,57481	-244,46227	-0,68506896
45118	0,4582347	94,477539	-245,35558	-245,42407	-0,68821013
45118	0,45823702	94,677734	-246,13634	-246,02635	-0,68977773
45118	0,45823932	94,87793	-246,9171	-246,95747	-0,69220364
45118	0,45824164	95,078125	-247,69786	-247,6339	-0,69547594
45118	0,45824397	95,27832	-248,47862	-248,49883	-0,69730282
45118	0,45824629	95,478516	-249,25938	-249,20613	-0,69877505
45118	0,45824859	95,678711	-250,04015	-250,06154	-0,70265234
45118	0,45825091	95,878906	-250,82091	-250,6973	-0,70334971
45118	0,45825323	96,079102	-251,60167	-251,6617	-0,70700645
45118	0,45825556	96,279297	-252,38243	-252,29027	-0,70871413
45118	0,45825785	96,479492	-253,16319	-253,18828	-0,7116586
45118	0,45826018	96,679688	-253,94395	-253,86897	-0,71293116
45118	0,4582625	96,879883	-254,72472	-254,73338	-0,7166326
45118	0,45826483	97,080078	-255,50548	-255,42262	-0,71701109
45118	0,45826712	97,280273	-256,28622	-256,30676	-0,72097182
45118	0,45826945	97,480469	-257,06699	-257,02515	-0,72301924
45118	0,45827177	97,680664	-257,84775	-257,85852	-0,72545111
45118	0,4582741	97,880859	-258,62851	-258,57202	-0,72767735
45118	0,45827639	98,081055	-259,40927	-259,41077	-0,72998106
45118	0,45827872	98,28125	-260,19003	-260,10892	-0,73333085
45118	0,45828104	98,481445	-260,97079	-260,95139	-0,73655844
45118	0,45828336	98,681641	-261,75156	-261,73865	-0,73818266
45118	0,45828566	98,881836	-262,53232	-262,47388	-0,74108243
45118	0,45828798	99,082031	-263,31308	-263,30728	-0,74340999
45118	0,45829031	99,282227	-264,09384	-264,02805	-0,74593127
45118	0,45829263	99,482422	-264,8746	-264,86725	-0,74757636
45118	0,45829493	99,682617	-265,65536	-265,58707	-0,75014532
45118	0,45829725	99,882813	-266,43613	-266,45978	-0,75270832
45118	0,45829958	100,08301	-267,21689	-267,09741	-0,75616539
45118	0,4583019	100,2832	-267,99765	-268,01639	-0,75822771
45118	0,4583042	100,4834	-268,77841	-268,6525	-0,7602185
45118	0,45830652	100,68359	-269,55917	-269,6088	-0,76325536
45118	0,45830885	100,88379	-270,33994	-270,21313	-0,76598227
45118	0,45831117	101,08398	-271,1207	-271,14758	-0,76848269
45118	0,45831347	101,28418	-271,90146	-271,79321	-0,77121854
45118	0,45831579	101,48438	-272,68222	-272,66824	-0,77343285
45118	0,45831811	101,68457	-273,46298	-273,34094	-0,7763356
45118	0,45832044	101,88477	-274,24374	-274,27808	-0,77971518
45118	0,45832273	102,08496	-275,02451	-274,91708	-0,78250766
45118	0,45832506	102,28516	-275,80527	-275,82034	-0,78540146
45118	0,45832738	102,48535	-276,58603	-276,49786	-0,78723133
45118	0,45832971	102,68555	-277,36679	-277,36844	-0,79029202
45118	0,458332	102,88574	-278,14755	-278,02148	-0,79186559
45118	0,45833433	103,08594	-278,92831	-278,96204	-0,79617202
45118	0,45833665	103,28613	-279,70908	-279,57553	-0,79882145
45118	0,45833898	103,48633	-280,48984	-280,50284	-0,80146492
45118	0,45834127	103,68652	-281,2706	-281,16696	-0,80452859
45118	0,4583436	103,88672	-282,05136	-282,02478	-0,80751181
45118	0,45834592	104,08691	-282,83212	-282,75165	-0,81029832
45118	0,45834824	104,28711	-283,61288	-283,62	-0,81351697
45118	0,45835054	104,4873	-284,39365	-284,25751	-0,8151263
45118	0,45835286	104,6875	-285,17441	-285,18945	-0,81934631
45118	0,45835519	104,8877	-285,95517	-285,84021	-0,82275271
45118	0,45835751	105,08789	-286,73593	-286,72495	-0,82407892
45118	0,45835981	105,28809	-287,51669	-287,41937	-0,82730055
45118	0,45836213	105,48828	-288,29745	-288,33014	-0,83099902
45118	0,45836446	105,68848	-289,07822	-288,9512	-0,83266497
45118	0,45836678	105,88867	-289,85898	-289,86899	-0,83644986
45118	0,45836908	106,08887	-290,63974	-290,52017	-0,83922446
45118	0,4583714	106,28906	-291,4205	-291,43393	-0,84327161
45118	0,45837373	106,48926	-292,20126	-292,07843	-0,84621608
45118	0,45837605	106,68945	-292,98203	-292,95752	-0,84926784
45118	0,45837834	106,88965	-293,76279	-293,6347	-0,85170269
45118	0,45838067	107,08984	-294,54355	-294,56042	-0,8551836
45118	0,45838299	107,29004	-295,32431	-295,19928	-0,85789561
45118	0,45838532	107,49023	-296,10507	-296,10776	-0,8610487
45118	0,45838761	107,69043	-296,88583	-296,74573	-0,86429119
45118	0,45838994	107,89063	-297,6666	-297,67166	-0,86702704
45118	0,45839226	108,09082	-298,44736	-298,32315	-0,87002814
45118	0,45839456	108,29102	-299,22812	-299,19174	-0,87449849
45118	0,45839688	108,49121	-300,00888	-299,8981	-0,87760687
45118	0,45839921	108,69141	-300,78964	-300,75589	-0,88127553
45118	0,45840153	108,8916	-301,5704	-301,45566	-0,88467598
45118	0,45840383	109,0918	-302,35117	-302,31079	-0,88805854
45118	0,45840615	109,29199	-303,13193	-302,99341	-0,89088678
45118	0,45840847	109,49219	-303,91269	-303,92392	-0,8952111
45118	0,4584108	109,69238	-304,69345	-304,55157	-0,89891255
45118	0,45841309	109,89258	-305,47421	-305,4386	-0,90176463
45118	0,45841542	110,09277	-306,25497	-306,11972	-0,9052068
45118	0,45841774	110,29297	-307,03574	-306,98187	-0,90866387
45118	0,45842007	110,49316	-307,8165	-307,71759	-0,91359019
45118	0,45842236	110,69336	-308,59726	-308,56079	-0,91711283
45118	0,45842469	110,89355	-309,37802	-309,26431	-0,91993213
45118	0,45842701	111,09375	-310,15878	-310,08054	-0,9240061
45118	0,45842934	111,29395	-310,93954	-310,88126	-0,9281069
45118	0,45843163	111,49414	-311,72031	-311,56125	-0,93280375
45118	0,45843396	111,69434	-312,50107	-312,50729	-0,93671381
45118	0,45843628	111,89453	-313,28183	-313,08444	-0,93981624
45118	0,45843861	112,09473	-314,06259	-314,03058	-0,94492435
45118	0,4584409	112,29492	-314,84335	-314,65683	-0,9490639
45118	0,45844322	112,49512	-315,62411	-315,5517	-0,95395744
45118	0,45844555	112,69531	-316,40488	-316,25729	-0,95814764
45118	0,45844787	112,89551	-317,18564	-317,12186	-0,96307993
45118	0,45845017	113,0957	-317,9664	-317,83032	-0,96644461
45118	0,45845249	113,2959	-318,74716	-318,64563	-0,97229779
45118	0,45845482	113,49609	-319,52792	-319,37399	-0,97655356
45118	0,45845714	113,69629	-320,30869	-320,2554	-0,98237395
45118	0,45845944	113,89648	-321,08945	-320,91937	-0,98708272
45118	0,45846176	114,09668	-321,87021	-321,81342	-0,99110901
45118	0,45846409	114,29688	-322,65097	-322,42731	-0,99730194
45118	0,45846641	114,49707	-323,43173	-323,38159	-1,0029703
45118	0,45846871	114,69727	-324,21249	-324,00974	-1,0081232
45118	0,45847103	114,89746	-324,99326	-324,91229	-1,0148734
45118	0,45847335	115,09766	-325,77402	-325,56335	-1,020354
45118	0,45847568	115,29785	-326,55478	-326,42453	-1,0266215
45118	0,45847797	115,49805	-327,33554	-327,11536	-1,0345787
45118	0,4584803	115,69824	-328,1163	-327,95007	-1,0404587
45118	0,45848262	115,89844	-328,89706	-328,68802	-1,0483116
45118	0,45848495	116,09863	-329,67783	-329,46069	-1,0559142
45118	0,45848724	116,29883	-330,45859	-330,21509	-1,0639787
45118	0,45848957	116,49902	-331,23935	-330,93369	-1,0742545
45118	0,45849189	116,69922	-332,02011	-331,68893	-1,0850519
45118	0,45849422	116,89941	-332,80087	-332,37463	-1,0967612
45118	0,45849651	117,09961	-333,58163	-333,05643	-1,1132538
45118	0,45849884	117,2998	-334,3624	-333,4765	-1,1351764
45118	0,45850116	117,5	0	-292,17548	-1,0861576
45118	0,45850348	117,7002	0	-184,76759	-0,87616444
45118	0,45850578	117,90039	0	-92,262802	-0,65268278
45118	0,4585081	118,10059	0	-28,363501	-0,43080747
45118	0,45851043	118,30078	0	1,0671785	-0,20708442
45118	0,45851275	118,50098	0	1,0504706	0,016137958
45118	0,45851505	118,70117	0	1,0315144	0,22863448
45118	0,45851737	118,90137	0	1,063645	0,44106543
45118	0,4585197	119,10156	0	1,0438135	0,67313015
45118	0,45852202	119,30176	0	1,0227358	0,89437366
