Force [kN],Transducer 1[mm],Transducer 2[mm],Transducer 3[mm]
-1.0232348,0.085229494,0.037092578,-0.79244101
-1.0453091,0.085212208,0.037296478,-0.79241711
-0.91094339,0.085342363,0.037207074,-0.79233092
-0.94377434,0.085337736,0.037148945,-0.79230875
-1.0764748,0.085244186,0.037227105,-0.79235226
-0.96552444,0.085283622,0.037165865,-0.79239815
-0.97854066,0.085274197,0.037239604,-0.79238087
-1.065297,0.085280322,0.037168842,-0.79239917
-0.95949322,0.085301325,0.037149988,-0.7922827
-0.95583129,0.085370615,0.03731532,-0.79228735
-1.0767653,0.085269555,0.037259463,-0.79238957
-1.0035355,0.085327424,0.037296679,-0.79235232
-0.96815264,0.085364588,0.037263729,-0.79231107
-1.0823067,0.085270807,0.037246976,-0.79234833
-0.96729583,0.085345052,0.037285198,-0.79226923
-0.93512797,0.08538124,0.037221674,-0.79230845
-1.0555423,0.085302114,0.037335735,-0.79240739
-1.0567046,0.085336827,0.037222136,-0.79242349
-0.93075633,0.085403003,0.037222531,-0.79224002
-1.021158,0.085333757,0.037308075,-0.79225731
-2.5771651,-0.0006441921,-0.00034864375,-0.0006232392
-4.2003951,-0.0014577657,-0.0005855292,-0.0012726914
-6.1250291,-0.0022159144,-0.0010481008,-0.0019382965
-8.6241064,-0.0034185275,-0.0015572783,-0.0027597863
-10.508576,-0.0042642057,-0.0020522412,-0.0034238808
-12.631419,-0.0050876364,-0.002629187,-0.0041712113
-14.847228,-0.0059407577,-0.0032203046,-0.0050323661
-16.639069,-0.0067056492,-0.003858242,-0.0057914499
-18.455898,-0.0074142143,-0.0043754769,-0.0064316746
-20.540012,-0.0082429871,-0.0050171418,-0.0072098449
-22.427122,-0.0089900792,-0.0055646449,-0.0079560112
-24.240097,-0.0096371174,-0.0061969492,-0.0087433904
-26.28405,-0.010475427,-0.0068709548,-0.0095200241
-28.23559,-0.011090308,-0.0075164591,-0.01025586
-30.036171,-0.011883304,-0.0081507657,-0.011035234
-32.067318,-0.012552172,-0.0088760564,-0.011883428
-34.15509,-0.013412185,-0.0095505556,-0.012730425
-35.840023,-0.014032647,-0.01012503,-0.013389071
-37.843113,-0.014767043,-0.010799471,-0.014152283
-40.025135,-0.015587881,-0.011564792,-0.015096585
-41.751907,-0.01620999,-0.012290212,-0.015733004
-43.662758,-0.016897671,-0.012828605,-0.016553227
-45.845192,-0.017745011,-0.013645158,-0.017471001
-47.651268,-0.018441901,-0.014281363,-0.018146362
-49.453438,-0.019099876,-0.014975729,-0.018928122
-51.70042,-0.019950472,-0.015821187,-0.019890442
-53.530109,-0.020651586,-0.016456475,-0.020623762
-55.321712,-0.021266468,-0.017184747,-0.021323115
-57.434624,-0.022118211,-0.017856712,-0.02228228
-59.46582,-0.022864796,-0.018649926,-0.023134913
-61.229816,-0.023549773,-0.019348886,-0.0238728
-63.187134,-0.024233676,-0.019997885,-0.024626613
-65.374367,-0.025173813,-0.02089607,-0.025632665
-67.133423,-0.025780097,-0.02150026,-0.02627689
-69.047745,-0.026519738,-0.022222323,-0.027081138
-71.18515,-0.027302593,-0.023056298,-0.027938332
-73.03215,-0.027999774,-0.023679469,-0.028834088
-74.83284,-0.02875283,-0.024413561,-0.029556949
-77.00811,-0.029564645,-0.025224879,-0.030423826
-78.880394,-0.030299328,-0.025913382,-0.031259637
-80.738724,-0.031046174,-0.026808219,-0.032115314
-82.741089,-0.0317504,-0.027315522,-0.03288532
-84.737221,-0.032587562,-0.028295865,-0.033759467
-86.585693,-0.033253126,-0.028826147,-0.034544539
-88.58419,-0.034007668,-0.029657137,-0.035473291
-90.623718,-0.034777448,-0.030373842,-0.036224332
-92.448425,-0.035537817,-0.031220729,-0.037022553
-94.467125,-0.036302645,-0.032033488,-0.037951034
-96.48616,-0.037025627,-0.032597337,-0.038794965
-98.315559,-0.037786365,-0.033382948,-0.039568618
-100.24236,-0.038435675,-0.034150589,-0.040437009
-102.40585,-0.039334148,-0.034934592,-0.041321732
-104.20782,-0.040065121,-0.035706215,-0.042170972
-106.02352,-0.040826704,-0.036366008,-0.042902257
-108.11717,-0.041554678,-0.037229739,-0.04381609
-110.13428,-0.042441614,-0.038028408,-0.044712055
-111.90081,-0.043136675,-0.038744692,-0.045506049
-113.93132,-0.043884903,-0.039472546,-0.046322204
-115.95615,-0.044661514,-0.040301315,-0.047191627
-117.82201,-0.045472421,-0.041071337,-0.048047796
-119.81879,-0.046240438,-0.041818365,-0.04890357
-121.86502,-0.047097143,-0.042695366,-0.049758762
-123.66223,-0.047848161,-0.04336578,-0.050513931
-125.63165,-0.04858885,-0.044250004,-0.051472664
-127.70975,-0.049458221,-0.045080893,-0.052371543
-129.53882,-0.050138436,-0.045842856,-0.053155921
-131.42278,-0.050929349,-0.046538919,-0.053953677
-133.59546,-0.051799249,-0.047359787,-0.054928809
-135.41301,-0.052525569,-0.04821093,-0.055761173
-137.23068,-0.053352091,-0.049053509,-0.056547213
-139.36031,-0.054142017,-0.049831592,-0.057407342
-141.32545,-0.054938946,-0.050658822,-0.058453456
-143.11026,-0.05577464,-0.051331092,-0.059167936
-145.19109,-0.05653033,-0.052166227,-0.060076348
-147.16052,-0.057330433,-0.05309521,-0.060990196
-145.10025,-0.056747682,-0.052360322,-0.060456127
-143.15359,-0.056229819,-0.051963031,-0.059794821
-141.32515,-0.055782009,-0.051304635,-0.059262507
-139.20227,-0.055031385,-0.050695866,-0.058578886
-137.1467,-0.054400697,-0.050082184,-0.057862639
-135.39401,-0.053915691,-0.049430415,-0.057216492
-133.36661,-0.053316418,-0.048874654,-0.056663077
-131.32301,-0.052709129,-0.048101433,-0.055914544
-129.51489,-0.052011453,-0.047520213,-0.055263542
-127.47747,-0.05143863,-0.046866406,-0.05453261
-125.40679,-0.050765052,-0.046165761,-0.053868473
-123.6616,-0.050146777,-0.045603771,-0.05317235
-121.62236,-0.049512565,-0.044851087,-0.052482471
-119.55235,-0.048862897,-0.044188414,-0.051832173
-117.7374,-0.048230123,-0.043575987,-0.051092558
-115.76952,-0.047692392,-0.042840496,-0.050352708
-113.73295,-0.046908233,-0.042193376,-0.049681954
-111.83855,-0.046292353,-0.041464943,-0.049000651
-109.94492,-0.045608282,-0.040853556,-0.04828959
-107.89827,-0.045006145,-0.04012309,-0.04761076
-105.97148,-0.044328041,-0.03947676,-0.046843957
-104.09767,-0.04362626,-0.038822349,-0.046128117
-102.01766,-0.042986538,-0.038124733,-0.045445949
-100.06443,-0.042321764,-0.037492897,-0.044733077
-98.254066,-0.04173534,-0.036881059,-0.043994997
-96.181107,-0.040928025,-0.036098097,-0.043235242
-94.207611,-0.040344466,-0.035496786,-0.042551391
-92.461441,-0.03969653,-0.034827195,-0.041830521
-90.346001,-0.038955286,-0.034146026,-0.041034594
-88.339973,-0.038272012,-0.033460483,-0.040306732
-86.534088,-0.037562869,-0.032749955,-0.039569266
-84.555458,-0.036929019,-0.032228451,-0.038815886
-82.445801,-0.036201835,-0.031430837,-0.037995998
-80.61544,-0.035524484,-0.030791694,-0.037238017
-78.748482,-0.034861151,-0.030112116,-0.036600471
-76.627296,-0.034140196,-0.029308397,-0.035724454
-74.740753,-0.033447504,-0.028682567,-0.034942925
-72.958206,-0.032801598,-0.028074138,-0.034290094
-70.764694,-0.031989649,-0.027318748,-0.033385463
-68.826881,-0.031341288,-0.026757015,-0.03257221
-67.104355,-0.030716285,-0.026087735,-0.031894442
-64.978683,-0.029917073,-0.025371393,-0.031061986
-62.942005,-0.029138975,-0.02462022,-0.030141305
-61.254738,-0.028515778,-0.024071392,-0.029526103
-59.093067,-0.02772405,-0.023424391,-0.028627297
-57.065838,-0.026922822,-0.022599416,-0.027711505
-55.360413,-0.026397362,-0.022071965,-0.027070487
-53.311028,-0.025521442,-0.021317659,-0.026217889
-51.230911,-0.024766639,-0.020727247,-0.025325626
-49.416641,-0.024055392,-0.020036461,-0.024579253
-47.501328,-0.023283236,-0.019233186,-0.023765424
-45.40155,-0.02251979,-0.01858367,-0.022822823
-43.560757,-0.021763824,-0.017880272,-0.022141777
-41.717987,-0.021060161,-0.017324738,-0.021297518
-39.541458,-0.020191409,-0.016532386,-0.020292349
-37.672127,-0.019397423,-0.015880061,-0.019567683
-35.839035,-0.018771455,-0.015298889,-0.018745258
-33.725414,-0.017881282,-0.014466184,-0.017821208
-31.793669,-0.017068319,-0.013804281,-0.017079618
-30.033318,-0.016425356,-0.013137606,-0.016237963
-27.91992,-0.015535787,-0.012475061,-0.015284891
-25.942932,-0.014782839,-0.011788731,-0.01450186
-24.148191,-0.013920054,-0.011076218,-0.013663458
-22.162407,-0.013083637,-0.01041245,-0.012770521
-20.08143,-0.012256958,-0.0096177543,-0.011828959
-18.286423,-0.011446543,-0.0090211304,-0.011128023
-16.318926,-0.010576293,-0.0084193973,-0.010197243
-14.257138,-0.0096860752,-0.0075579747,-0.0092237182
-12.343479,-0.0088167787,-0.0068043806,-0.0083949994
-10.54903,-0.007894434,-0.0062157558,-0.007646095
-8.4044847,-0.006925039,-0.005522653,-0.0067178216
-6.4862781,-0.0059916079,-0.0048862905,-0.0058246944
-4.7466307,-0.0050942674,-0.0042286334,-0.0051541105
-4.6969094,-0.0049249902,-0.0041573462,-0.0049744342
-6.7838302,-0.0057456568,-0.0046291016,-0.0055809282
-9.0320292,-0.0067360178,-0.0053431434,-0.0064299367
-10.914794,-0.0074865222,-0.00595462,-0.0070467051
-12.791394,-0.0082063749,-0.0065292846,-0.0077377036
-14.927726,-0.0089848116,-0.0072592478,-0.0085351933
-16.947847,-0.0097420141,-0.0079483604,-0.0093523469
-18.735416,-0.010365762,-0.0085116997,-0.0099867098
-20.781536,-0.011152565,-0.0092603005,-0.010762876
-22.876221,-0.01191619,-0.0099305529,-0.011582974
-24.642477,-0.012633651,-0.010576514,-0.012211798
-26.621841,-0.013319135,-0.01137004,-0.013043286
-28.758512,-0.014164299,-0.011988401,-0.0138698
-30.54508,-0.014789544,-0.012639445,-0.01453181
-32.414722,-0.015444085,-0.013313358,-0.015260734
-34.562195,-0.016320877,-0.014069213,-0.016136345
-36.446922,-0.01691974,-0.01469486,-0.016838204
-38.279694,-0.017584495,-0.015317597,-0.017501634
-40.415092,-0.018400043,-0.01616657,-0.018474929
-42.351116,-0.01913552,-0.016871676,-0.019154642
-44.159355,-0.019833729,-0.017528294,-0.019871717
-46.210331,-0.020583525,-0.018193999,-0.020691033
-48.233028,-0.021207318,-0.018966673,-0.021564823
-50.027477,-0.021986246,-0.019611862,-0.022204282
-51.997055,-0.022647493,-0.020224122,-0.023052454
-54.100674,-0.02339562,-0.021035325,-0.023954611
-55.92688,-0.024146281,-0.021749862,-0.024622431
-57.790371,-0.024816103,-0.02234886,-0.025354536
-59.979523,-0.025582939,-0.023116428,-0.02631955
-61.81081,-0.026216254,-0.023775887,-0.027013013
-63.61969,-0.026950344,-0.024438646,-0.02771089
-65.760414,-0.02768144,-0.025242515,-0.028568985
-67.673584,-0.028384514,-0.025837343,-0.029359512
-69.486099,-0.029081386,-0.026559254,-0.030019645
-71.548233,-0.02977556,-0.027202174,-0.030919787
-73.526657,-0.030541185,-0.028031131,-0.031672332
-75.354118,-0.031212721,-0.028563498,-0.032409616
-77.335991,-0.031859096,-0.029269414,-0.033250954
-79.406807,-0.032622918,-0.030142004,-0.034059815
-81.245438,-0.033323206,-0.030671084,-0.034818824
-83.202293,-0.034080602,-0.03144148,-0.03563609
-85.259094,-0.03480731,-0.032147583,-0.036368757
-87.132484,-0.035390083,-0.032793526,-0.037136666
-88.980461,-0.036055382,-0.033528283,-0.037939247
-91.085838,-0.03687194,-0.034203287,-0.038811989
-93.009422,-0.037602007,-0.034921765,-0.039517105
-94.850784,-0.03820375,-0.03560134,-0.04026635
-96.934837,-0.038960069,-0.036337119,-0.041094165
-98.87043,-0.039631139,-0.037023563,-0.041864991
-100.72993,-0.040327236,-0.037611287,-0.042585738
-102.703,-0.041043554,-0.038469266,-0.043430552
-104.75124,-0.041693382,-0.039189529,-0.044159543
-106.61172,-0.042445891,-0.039809216,-0.04497027
-108.49849,-0.043162607,-0.04053802,-0.045737311
-110.62195,-0.043887764,-0.041299049,-0.046577625
-112.4662,-0.044562388,-0.041971382,-0.047328588
-114.35606,-0.045249183,-0.04263673,-0.048077568
-116.40413,-0.045990173,-0.043430731,-0.048775196
-118.34002,-0.046612479,-0.044206783,-0.049659342
-120.21009,-0.04733957,-0.044890676,-0.050329909
-122.23695,-0.04807277,-0.045623921,-0.05114384
-124.2082,-0.04875445,-0.046270784,-0.051954307
-126.05128,-0.049402326,-0.04700508,-0.052684985
-128.09966,-0.050117809,-0.047884785,-0.053419806
-130.08192,-0.050892297,-0.0484626,-0.054295212
-131.91585,-0.051548056,-0.049217984,-0.054946862
-133.89206,-0.052316464,-0.049920045,-0.055782154
-135.96353,-0.053064287,-0.05078366,-0.056547724
-137.76579,-0.053651199,-0.051467154,-0.057241499
-139.72202,-0.054415699,-0.052031897,-0.05815056
-141.7982,-0.055103421,-0.05293398,-0.05892913
-143.64732,-0.055838346,-0.05358338,-0.059750069
-145.519,-0.056551211,-0.054429553,-0.060447998
-144.74304,-0.056381255,-0.054155532,-0.060331225
-142.68599,-0.055778205,-0.053644951,-0.05971802
-140.53206,-0.055221479,-0.052897964,-0.058945131
-138.7272,-0.054652035,-0.052277334,-0.0584324
-136.76892,-0.053918451,-0.051710963,-0.057683252
-134.72044,-0.053332295,-0.05098927,-0.057044718
-132.75287,-0.052756041,-0.050451346,-0.056323513
-130.95831,-0.052174218,-0.049910918,-0.055750027
-128.84601,-0.051487956,-0.049110878,-0.054982308
-126.84613,-0.050829168,-0.0484921,-0.054276515
-125.05359,-0.050340176,-0.047814406,-0.053709626
-122.99048,-0.049567092,-0.047245219,-0.052927859
-121.02388,-0.0489778,-0.046497572,-0.052319013
-119.18481,-0.048381936,-0.045845363,-0.051618218
-117.15176,-0.047711823,-0.045178607,-0.050847284
-115.12369,-0.047015276,-0.044563513,-0.05020415
-113.32063,-0.046420649,-0.043893822,-0.049498953
-111.35201,-0.045771938,-0.043223575,-0.048838392
-109.27326,-0.045095347,-0.04243423,-0.048046313
-107.46533,-0.044462424,-0.041839365,-0.047353148
-105.51431,-0.043797508,-0.04117135,-0.046726666
-103.41904,-0.043138683,-0.040488318,-0.045951068
-101.55331,-0.042543579,-0.039760377,-0.04521548
-99.676743,-0.04176959,-0.039123558,-0.044588979
-97.583282,-0.041132417,-0.038512658,-0.043747503
-95.661949,-0.040438544,-0.037775815,-0.043075312
-93.818863,-0.039807726,-0.037163936,-0.04236225
-91.789749,-0.039122902,-0.036457408,-0.041644271
-89.79866,-0.038493026,-0.035767771,-0.040841531
-87.969246,-0.037768971,-0.035200194,-0.040126711
-85.977715,-0.037177343,-0.034459416,-0.03942024
-83.898369,-0.036462229,-0.033759568,-0.03860639
-82.1521,-0.035806451,-0.033103276,-0.037930436
-80.124733,-0.03507245,-0.032473426,-0.037097126
-78.054024,-0.034288969,-0.031707097,-0.036349509
-76.312103,-0.033740684,-0.031017944,-0.035702743
-74.2882,-0.032988701,-0.03034064,-0.034826193
-72.209984,-0.032232188,-0.029623266,-0.03397315
-70.357658,-0.031642683,-0.029090777,-0.033293966
-68.505035,-0.030940048,-0.028416123,-0.032529373
-66.366882,-0.030223891,-0.027595924,-0.031583067
-64.486427,-0.029477339,-0.026915137,-0.030912492
-62.686729,-0.028816115,-0.026286433,-0.030088158
-60.575542,-0.028073229,-0.025603976,-0.029149454
-58.633785,-0.027361743,-0.025003552,-0.028475666
-56.774094,-0.026625916,-0.024204815,-0.027633514
-54.743507,-0.025824837,-0.023552185,-0.02682288
-52.719242,-0.025126696,-0.022722077,-0.025975585
-50.945641,-0.024351485,-0.022196088,-0.025192879
-48.984798,-0.02368249,-0.021518871,-0.024417786
-46.879597,-0.022822164,-0.020698469,-0.023552567
-45.019291,-0.022151835,-0.02002429,-0.02270958
-43.154659,-0.021374263,-0.019346828,-0.021987163
-41.010422,-0.020553239,-0.018600941,-0.020987103
-39.150284,-0.019833788,-0.017967019,-0.020223251
-37.270203,-0.019096896,-0.017171087,-0.019399475
-35.233105,-0.018277779,-0.016463781,-0.018628556
-33.259354,-0.01746697,-0.015703769,-0.017735567
-31.49128,-0.016815908,-0.015083387,-0.016899973
-29.417439,-0.016000785,-0.014359802,-0.016102875
-27.380932,-0.015095636,-0.013569374,-0.015146016
-25.610489,-0.014380865,-0.012914838,-0.014466811
-23.573856,-0.01353319,-0.01209194,-0.013531446
-21.516401,-0.012721203,-0.01139318,-0.012586927
-19.72711,-0.011899546,-0.010799149,-0.011807412
-17.766268,-0.011051632,-0.0098569319,-0.01091975
-15.741875,-0.010250971,-0.0091485139,-0.010072038
-13.878119,-0.0094264001,-0.0084870439,-0.0092191119
-11.93886,-0.0085409656,-0.0077478378,-0.0084218793
-9.8371801,-0.0075940341,-0.0068565318,-0.0075050294
-7.9464207,-0.0067289621,-0.0061998139,-0.0067504961
-6.1474552,-0.0057744756,-0.005603753,-0.006052088
-4.0504746,-0.0048025548,-0.0047365059,-0.0051119104
-3.7408304,-0.0045652166,-0.0044968543,-0.0049549155
-3.9119105,-0.0045642927,-0.0046445192,-0.0049250573
-3.8800688,-0.0044852421,-0.004427636,-0.0048089791
-3.942456,-0.0044819564,-0.0045070439,-0.0049011018
-4.00842,-0.0044693425,-0.0044612745,-0.0048761535
-4.0090141,-0.0044695288,-0.0044870903,-0.004862804
-3.8855803,-0.0043871775,-0.0044702003,-0.0047215521
-3.8751607,-0.004358314,-0.0042682751,-0.0047528297
-3.8053803,-0.0042809024,-0.0044546262,-0.0047214627
-3.737267,-0.0042267442,-0.0043046004,-0.004610002
-3.8639083,-0.0042677745,-0.0043265675,-0.0047619976
-3.9000418,-0.0042776614,-0.00441238,-0.0046581086
-3.8249121,-0.0042068735,-0.0042503052,-0.0046967212
-3.8643758,-0.0042472631,-0.0042783143,-0.004625449
-3.95016,-0.0042841956,-0.004279417,-0.0046636146
-3.8438923,-0.0041855201,-0.0043603177,-0.0046877321
-3.8632712,-0.0042205676,-0.0042677601,-0.0045754537
-3.992321,-0.0042866319,-0.0043783044,-0.0046852212
-3.8975422,-0.0042352229,-0.0043654153,-0.0045467466
-3.8998816,-0.0041734725,-0.0042603537,-0.0046368763
-3.9528329,-0.0042196363,-0.0044530705,-0.004672097
-3.9243698,-0.0041164011,-0.0042699371,-0.004525274
-3.8556848,-0.0040644333,-0.0043071844,-0.0046234522
-3.9638896,-0.0041393936,-0.0043147136,-0.0045900736
-3.9973016,-0.0041361079,-0.0042591989,-0.0045808014
-3.8614385,-0.0041406229,-0.0041838195,-0.0045276843
-3.8949008,-0.0040147379,-0.0041812728,-0.0045065749
-4.0286183,-0.0041438043,-0.0042302436,-0.0046120174
-3.8976221,-0.004107289,-0.0042931759,-0.0045137294
-3.8937573,-0.0041275173,-0.0042230468,-0.0045303404
-4.0127654,-0.0041170418,-0.0043084691,-0.0045729727
-3.9044673,-0.0040412918,-0.0042086537,-0.0044633057
-3.8672817,-0.0040565133,-0.0041946452,-0.0045411065
-3.9712172,-0.0040833429,-0.0042970283,-0.0045714471
-3.9121361,-0.0040381998,-0.004212541,-0.0044984072
-3.8814042,-0.0040245876,-0.0042240564,-0.0045437682
-3.9707441,-0.00404533,-0.0041147391,-0.0045196749
-3.9753578,-0.0041101351,-0.0042864666,-0.0045212191
-3.8740878,-0.0039744601,-0.0041370485,-0.0044711567
-3.8998499,-0.0039510727,-0.0040898197,-0.0044618715
-4.017817,-0.0040437654,-0.0042302972,-0.0045585856
-3.8515182,-0.0039941892,-0.0041319435,-0.0043650363
-3.9016752,-0.004071191,-0.004146195,-0.0044888351
-3.9881673,-0.0039942861,-0.0041052429,-0.0045169611
-3.902426,-0.003962785,-0.0041394858,-0.0043649282
-3.8583224,-0.0039980263,-0.004163085,-0.0044099167
-3.9398298,-0.0039959848,-0.0041142409,-0.0044055395
-3.9111469,-0.004002139,-0.004133739,-0.0044556335
-3.8378258,-0.003923811,-0.0041580265,-0.0043608751
-3.9477479,-0.0040154308,-0.0041120322,-0.0044501256
-3.9191637,-0.0038820952,-0.0041308948,-0.0044242777
-3.8473904,-0.0039343461,-0.0040542549,-0.0044005401
-3.8814936,-0.0039330423,-0.0041241925,-0.0043913834
-3.9855838,-0.0039223805,-0.0041594375,-0.0045011621
-3.8274136,-0.003827177,-0.004125786,-0.004395349
-3.9277375,-0.0039484054,-0.0041423785,-0.0044748113
-3.9987712,-0.0039185807,-0.0041025416,-0.0044012032
-3.8806741,-0.0039422438,-0.0041726371,-0.0043802448
-3.8758461,-0.0039104745,-0.0042237197,-0.0043887831
-3.9686112,-0.0038970038,-0.0040253848,-0.0044025946
-5.4566674,-0.0045463368,-0.004647979,-0.0049951896
-6.6514926,-0.0050693899,-0.0049249097,-0.0053026248
-9.7625828,-0.0063196123,-0.00595523,-0.0064227004
-11.745171,-0.0070885643,-0.0066112992,-0.0071424674
-13.524386,-0.0077677071,-0.0072271968,-0.00772807
-15.584297,-0.0085321367,-0.0080097616,-0.0085705742
-17.557259,-0.0093410015,-0.0085951248,-0.0093163401
-19.364899,-0.010071613,-0.0093031842,-0.0099248979
-21.349339,-0.010794491,-0.0099265575,-0.010806238
-23.377817,-0.011500351,-0.010780447,-0.011526266
-25.217978,-0.012226723,-0.011333889,-0.012277381
-27.165764,-0.012877695,-0.012077222,-0.013025975
-29.186823,-0.013687126,-0.012822225,-0.013826158
-31.098961,-0.01442045,-0.013453503,-0.014574606
-32.9356,-0.01515092,-0.014172183,-0.015403789
-35.00005,-0.015922882,-0.015000375,-0.016159113
-36.965252,-0.016639799,-0.015554666,-0.01699567
-38.820515,-0.017355502,-0.016318509,-0.017759528
-40.848042,-0.018116079,-0.016956622,-0.018558873
-42.834576,-0.018847726,-0.017772427,-0.019364512
-44.71431,-0.0194747,-0.018408358,-0.020129275
-46.643925,-0.020239264,-0.019049378,-0.02088438
-48.716465,-0.020982444,-0.019879587,-0.021737805
-50.579002,-0.021725118,-0.020542907,-0.022524998
-52.482914,-0.022390425,-0.021238148,-0.023303978
-54.576477,-0.023135953,-0.021970129,-0.024108198
-56.491905,-0.023884639,-0.022719095,-0.024983395
-58.282013,-0.024566308,-0.023326907,-0.025680549
-60.389683,-0.025306843,-0.024099458,-0.026508525
-62.320408,-0.026093274,-0.024817619,-0.027286729
-64.153664,-0.026681051,-0.025481967,-0.028007504
-66.234566,-0.027472414,-0.026302503,-0.028984096
-68.189804,-0.028242689,-0.026967075,-0.029662056
-70.049492,-0.028858636,-0.027583279,-0.030440208
-72.027351,-0.029656131,-0.028404603,-0.031307295
-74.069702,-0.030347489,-0.029066693,-0.032131836
-75.956581,-0.031074621,-0.029782381,-0.032846093
-77.849693,-0.031717129,-0.030493641,-0.033701487
-79.924583,-0.032520141,-0.031212615,-0.034467682
-81.831551,-0.033214781,-0.031975951,-0.035228439
-83.710434,-0.033858143,-0.03259249,-0.036032051
-85.762978,-0.034682445,-0.033345602,-0.036866851
-87.735374,-0.035413995,-0.034023456,-0.03764531
-89.535568,-0.036043935,-0.034813393,-0.038347371
-91.514488,-0.036791164,-0.035490442,-0.039128937
-93.598404,-0.037557289,-0.036253661,-0.040030368
-95.425369,-0.038255099,-0.036947541,-0.040726624
-97.343872,-0.038847033,-0.037557639,-0.041522924
-99.446762,-0.03965712,-0.038457163,-0.042397171
-101.27298,-0.040299613,-0.039002482,-0.043043293
-103.19527,-0.040996451,-0.039718993,-0.043870911
-105.28268,-0.041795589,-0.040583279,-0.044725694
-107.16776,-0.042427391,-0.04109541,-0.045466594
-109.03668,-0.043107532,-0.041880749,-0.046244785
-111.05456,-0.043788347,-0.042669337,-0.046996254
-113.04996,-0.044542037,-0.043329146,-0.047871053
-114.91312,-0.045247465,-0.044020206,-0.048542641
-116.86183,-0.04591731,-0.044654228,-0.049267467
-118.92809,-0.046723776,-0.045570888,-0.050165422
-120.74265,-0.047387153,-0.046287905,-0.050862692
-122.69091,-0.048031893,-0.046964437,-0.051603839
-124.77475,-0.048798461,-0.04774718,-0.052420001
-126.56745,-0.049434572,-0.048406519,-0.053113557
-128.56978,-0.050155409,-0.049126945,-0.053989023
-130.63179,-0.05087452,-0.049938519,-0.054736864
-132.49026,-0.051607136,-0.050519936,-0.055538766
-134.34363,-0.052258022,-0.051311817,-0.056230064
-136.45865,-0.052940812,-0.05206259,-0.057063509
-138.35718,-0.053695776,-0.052719407,-0.057867408
-140.20471,-0.054327857,-0.053489491,-0.058583707
-142.28906,-0.055109859,-0.054161444,-0.059401333
-144.18971,-0.055817738,-0.055123229,-0.060139246
-145.99449,-0.056446768,-0.055677142,-0.060824402
-146.14615,-0.056603439,-0.055902835,-0.061084032
-146.11621,-0.056685764,-0.055880096,-0.061098948
-145.96782,-0.056692608,-0.055837616,-0.061122689
-146.05412,-0.056765143,-0.055954378,-0.061218448
-146.06416,-0.056853902,-0.055989619,-0.061244279
-145.96494,-0.056812223,-0.056027737,-0.061254993
-145.9874,-0.056933962,-0.056036964,-0.061344389
-146.09483,-0.056944918,-0.056139164,-0.061338816
-145.97386,-0.057015043,-0.056136053,-0.061387591
-145.95114,-0.056967892,-0.056120921,-0.061436221
-146.09402,-0.057025868,-0.056141272,-0.061425015
-145.98093,-0.057095729,-0.056220148,-0.061494432
-145.9097,-0.057035491,-0.056193694,-0.061479405
-146.09734,-0.057144687,-0.056338076,-0.061619554
-146.01717,-0.05714057,-0.056301724,-0.061593398
-145.90959,-0.057091609,-0.0562892,-0.061551541
-146.06288,-0.057208721,-0.056362759,-0.061700601
-146.00217,-0.05719788,-0.056287773,-0.061700724
-145.9248,-0.057143737,-0.056469277,-0.061631694
-145.97876,-0.057250492,-0.056439832,-0.061728507
-146.07256,-0.057285748,-0.05647184,-0.06170816
-145.96519,-0.057281144,-0.056349855,-0.061767042
-145.97861,-0.057351824,-0.056530323,-0.061804965
-146.11098,-0.057381731,-0.056593347,-0.061853483
-145.96661,-0.05737545,-0.056502502,-0.061866991
-145.93108,-0.057374887,-0.056564365,-0.061826535
-146.09676,-0.057474598,-0.056635622,-0.061897501
-145.98131,-0.057444021,-0.056605771,-0.061957523
-145.92094,-0.057404343,-0.056547571,-0.061840817
-146.10182,-0.057508342,-0.056647699,-0.061976485
-145.98538,-0.057525247,-0.056756526,-0.061977386
-145.93188,-0.057471678,-0.056607489,-0.061906733
-146.04776,-0.057508431,-0.056682378,-0.06204059
-146.02998,-0.057576805,-0.056688681,-0.061993115
-145.90532,-0.05747946,-0.056655288,-0.061950751
-146.06235,-0.057619985,-0.056759916,-0.062114827
-146.04747,-0.057619773,-0.056747295,-0.062103562
-145.92049,-0.05756294,-0.056717664,-0.062012956
-146.02139,-0.05768019,-0.056802567,-0.062182434
-146.06575,-0.057621751,-0.056826726,-0.062152445
-145.95836,-0.057632726,-0.056842793,-0.062148139
-145.99744,-0.057737119,-0.056794085,-0.062167823
-146.0918,-0.057796981,-0.056972645,-0.062207535
-145.95399,-0.057598513,-0.05674779,-0.062155411
-145.95772,-0.057745006,-0.056884464,-0.062237255
-146.08525,-0.057832092,-0.05697703,-0.062265381
-145.97162,-0.057742264,-0.056887694,-0.062235527
-145.95935,-0.057777084,-0.05697529,-0.062242113
-146.07498,-0.05780543,-0.056956034,-0.062285058
-145.99591,-0.057809334,-0.05697716,-0.062330402
-145.92395,-0.057849064,-0.057067655,-0.062333457
-146.05035,-0.057833459,-0.056917436,-0.062290065
-146.00285,-0.057810597,-0.057077564,-0.06241028
-145.9221,-0.05785843,-0.056967761,-0.062298849
-146.05222,-0.0579281,-0.057083912,-0.062368847
-146.0403,-0.057893526,-0.057063043,-0.062432595
-145.92831,-0.057865538,-0.056905881,-0.062309839
-146.04822,-0.057964992,-0.057079569,-0.062424503
-146.07951,-0.057908442,-0.057070747,-0.062472187
-145.93578,-0.057897106,-0.057119884,-0.062370874
-143.51096,-0.057105739,-0.056274388,-0.061623167
-141.07507,-0.056363944,-0.055397268,-0.060775347
-138.48666,-0.055527814,-0.054582722,-0.059890997
-135.88985,-0.054749034,-0.053780552,-0.058997009
-133.52956,-0.053960063,-0.053015821,-0.058166668
-130.93158,-0.053153191,-0.052103486,-0.057324164
-128.36339,-0.052234825,-0.051175203,-0.056297675
-126.02406,-0.051521976,-0.050471094,-0.055520408
-123.40892,-0.050731,-0.049521178,-0.05455593
-120.81811,-0.049854897,-0.048608709,-0.053605974
-118.49014,-0.049062349,-0.047878589,-0.052809924
-115.87341,-0.048194025,-0.046974741,-0.051807746
-113.33914,-0.047344267,-0.046035003,-0.050970204
-110.97978,-0.046496555,-0.045316249,-0.050055206
-108.40921,-0.045694333,-0.044370268,-0.049187168
-105.85785,-0.044762503,-0.043532263,-0.048227072
-103.38232,-0.043992165,-0.042591926,-0.047270279
-100.94427,-0.043172922,-0.041719824,-0.046398126
-98.314117,-0.042263124,-0.040890437,-0.045369137
-95.858391,-0.04138454,-0.039960451,-0.044439279
-93.478905,-0.040561423,-0.039239332,-0.043583401
-90.857292,-0.039587803,-0.038249176,-0.042529821
-88.376442,-0.038798757,-0.037363298,-0.041557372
-85.990921,-0.038017686,-0.036621541,-0.040712077
-83.317932,-0.037056353,-0.035625815,-0.039583862
-80.895508,-0.036218222,-0.034744941,-0.038757749
-78.474525,-0.03528576,-0.033859406,-0.037720144
-75.825714,-0.034323897,-0.032889288,-0.036633782
-73.361221,-0.033394154,-0.032126766,-0.035690583
-71.015709,-0.032611549,-0.031233197,-0.034693006
-68.319489,-0.03157457,-0.030278444,-0.033600699
-65.877266,-0.030734565,-0.02938135,-0.032611039
-63.447079,-0.029803988,-0.028537199,-0.031547811
-60.838192,-0.028816629,-0.027594551,-0.030530948
-58.30954,-0.027923554,-0.026737258,-0.029478611
-55.898193,-0.027019054,-0.02588423,-0.028389884
-53.380722,-0.026023805,-0.024978844,-0.027383765
-50.804794,-0.025060967,-0.024028255,-0.026300311
-48.429371,-0.024103567,-0.023016155,-0.025237257
-45.895977,-0.023083284,-0.022252969,-0.024230519
-43.320602,-0.022184707,-0.021360794,-0.023079392
-40.904228,-0.021158829,-0.020283828,-0.022076612
-38.434772,-0.020237811,-0.019470019,-0.021009903
-35.768585,-0.019148506,-0.018372988,-0.019822421
-33.385925,-0.018215872,-0.017523896,-0.018851966
-30.98563,-0.017182358,-0.016560972,-0.017739851
-28.293283,-0.016054943,-0.015585523,-0.016549254
-25.84733,-0.01508791,-0.014670083,-0.015526024
-23.463118,-0.014084414,-0.0137545,-0.014440516
-20.792286,-0.012995146,-0.012673612,-0.013257628
-18.348368,-0.011968352,-0.011788911,-0.012246812
-15.975564,-0.01092618,-0.010661412,-0.01113404
-13.359539,-0.0097575933,-0.0097409831,-0.00998413
-10.856184,-0.0086990446,-0.0086882534,-0.0089600477
-8.4519672,-0.0075536072,-0.0078060185,-0.0079022236
-5.9425907,-0.0064137578,-0.0068026902,-0.0068547502
-3.3668261,-0.005048357,-0.0057491255,-0.0058225393
-1.5878975,-0.0041717514,-0.0050434144,-0.0049663521
-1.1927001,-0.0038995594,-0.0047124103,-0.0048180223
-0.54441208,-0.0036114678,-0.0044799736,-0.0044379551
-0.62770957,-0.003485918,-0.0045429878,-0.0043789521
-0.70763564,-0.0035624653,-0.0043153423,-0.0043841247
-0.66420251,-0.0034575835,-0.004391978,-0.0042352639
-0.78230727,-0.0034424663,-0.0043077739,-0.0043230727
0.7769894,-0.0022192374,-0.003925086,-0.0039178897
