MTS793|MPT|DEU|1|2|,|.|:|49|1|1|A

Bediener Information						Zeit:	16,138672	s	01.09.2014 14:30:07
Datum : 	01.09.2014
Prüfer : 	Kh
Probenbezeichnung :  	BA-Losert MII E-Modul 28d v. 04.08.14 Probe 4
Bemerkungen	Kraftgeregelt 3,9 kN/s
Masse :	5374
Durchmesser :	98,6
Länge :	300,2
Bediener Information Ende

Datenerfassung						Zeit:	387,0752	s	01.09.2014 14:36:18
Datum	Laufzeit	Ch 1 Kraft Sollwert	Ch 1 Kraft	Ch 1 Weg	1944 B	1281068	2157
d	s	kN	kN	mm	mm	mm	mm
41883	16,648438	-1	-0,97106028	-0,027179718	-0,19078013	0,0072839758	-0,02271509
41883	17,148438	-1	-1,0520052	-0,027269125	-0,1907531	0,0072302846	-0,022740077
41883	17,648438	-1	-1,0272954	-0,026786327	-0,19077042	0,0072515937	-0,022754636
41883	18,148438	-1	-0,9842869	-0,027450919	-0,1906932	0,007309665	-0,02272282
41883	18,648438	-1	-1,0181404	-0,026428699	-0,19074437	0,0072864336	-0,022735531
41883	19,148438	-1	-1,0274109	-0,027582049	-0,19072944	0,0072830203	-0,022790179
41883	19,648438	-1	-0,95803475	-0,027489662	-0,19069594	0,0071955491	-0,022737624
41883	20,148438	-1	-1,0001287	-0,027817488	-0,1907292	0,007331253	-0,022772321
41883	20,648438	-1	-1,0376945	-0,028046966	-0,19072649	0,0072151627	-0,022723284
41883	21,148438	-1	-0,95250273	-0,026106834	-0,19072303	0,0073034293	-0,022714499
41883	21,648438	-1	-0,99859947	-0,02630353	-0,19069427	0,0072589223	-0,022763303
41883	22,148438	-1	-1,0135994	-0,027787685	-0,19077289	0,0072053578	-0,022732705
41883	22,648438	-1	-0,94312429	-0,027310848	-0,19071209	0,0073203212	-0,022708034
41883	23,148438	-1	-0,97682512	-0,026220083	-0,19068703	0,0072591272	-0,022723934
41883	23,648438	-1	-0,99683928	-0,027507544	-0,19074249	0,0072862846	-0,022730405
41883	24,148438	-1	-0,95746291	-0,026446581	-0,19070262	0,0072526424	-0,02270069
41883	24,648438	-1	-0,97929311	-0,026547909	-0,19070119	0,007341634	-0,022719968
41883	25,148438	-1	-1,0190774	-0,026503205	-0,19078919	0,0071640746	-0,022698546
41883	25,648438	-1	-0,93557125	-0,026097894	-0,19073293	0,0072645	-0,022683132
41883	26,148438	-1	-0,97962284	-0,027093291	-0,19071978	0,0071762144	-0,02273999
41883	26,648438	-2,7786133	-2,7246754	-0,007390976	-0,00064945221	-0,00051715871	-0,00061188638
41883	27,148438	-4,7286134	-3,9854479	-0,01360178	-0,0011364222	-0,00089862122	-0,00089079142
41883	27,648438	-6,6786132	-6,5280442	-0,024357438	-0,0020857155	-0,0017375243	-0,0016342849
41883	28,148438	-8,6286135	-8,5362206	-0,031739473	-0,0029089451	-0,0024148524	-0,0022351742
41883	28,648438	-10,578613	-10,669608	-0,040888786	-0,0036675632	-0,0030733664	-0,0028191525
41883	29,148438	-12,528613	-12,683383	-0,048607588	-0,0044006109	-0,0038038816	-0,0034717629
41883	29,648438	-14,478614	-14,686216	-0,055685639	-0,0051627755	-0,0043735602	-0,0041041188
41883	30,148438	-16,428614	-16,592714	-0,061753392	-0,0058301687	-0,0050408118	-0,0047518872
41883	30,648438	-18,378614	-18,474636	-0,068476796	-0,006513387	-0,005702877	-0,0053332802
41883	31,148438	-20,328613	-20,472307	-0,073072314	-0,0071353018	-0,0062987888	-0,0061006229
41883	31,648438	-22,278614	-22,395386	-0,079542398	-0,0079183578	-0,0069106803	-0,0068345657
41883	32,148438	-24,228613	-24,296762	-0,084772706	-0,0084864199	-0,0076298048	-0,0075102495
41883	32,648438	-26,178614	-26,307699	-0,090220571	-0,009136796	-0,0082541555	-0,0082351705
41883	33,148438	-28,128614	-28,245117	-0,095817447	-0,0098918378	-0,0089706592	-0,0089671295
41883	33,648438	-30,078613	-30,148237	-0,10057986	-0,010635465	-0,0095613468	-0,0097460011
41883	34,148438	-32,028614	-32,149387	-0,10535717	-0,011193633	-0,01027702	-0,010448026
41883	34,648438	-33,978615	-34,07341	-0,11154711	-0,011928201	-0,010919478	-0,011177747
41883	35,148438	-35,928616	-35,987259	-0,11601746	-0,012577862	-0,011483321	-0,011875261
41883	35,648438	-37,878613	-37,956123	-0,12189448	-0,013237119	-0,012338807	-0,012600673
41883	36,148438	-39,828613	-39,912132	-0,12581646	-0,013945103	-0,012919283	-0,013418848
41883	36,648438	-41,778614	-41,840923	-0,13161898	-0,014660388	-0,013653177	-0,014239695
41883	37,148438	-43,728615	-43,87257	-0,13673604	-0,015325874	-0,014363355	-0,014977936
41883	37,648438	-45,678616	-45,760223	-0,14110208	-0,016008139	-0,014961486	-0,015725594
41883	38,148438	-47,628613	-47,649799	-0,14549792	-0,016672134	-0,015627626	-0,016427644
41883	38,648438	-49,578613	-49,643654	-0,15151799	-0,017347395	-0,016369741	-0,017206354
41883	39,148438	-51,528614	-51,593452	-0,15563965	-0,018137336	-0,017064119	-0,017978208
41883	39,648438	-53,478615	-53,510971	-0,16123056	-0,018683136	-0,017767161	-0,018762037
41883	40,148438	-55,428616	-55,473606	-0,16536117	-0,019524872	-0,018391043	-0,019474927
41883	40,648438	-57,378616	-57,462936	-0,17046034	-0,020194829	-0,019217668	-0,020348262
41883	41,148438	-59,328613	-59,341179	-0,17497838	-0,020903498	-0,019800808	-0,021054862
41883	41,648438	-61,278614	-61,330112	-0,18006265	-0,021608025	-0,020557506	-0,021898478
41883	42,148438	-63,228615	-63,336582	-0,18419027	-0,022256136	-0,021234203	-0,022663649
41883	42,648438	-65,178612	-65,220131	-0,18943548	-0,02296868	-0,021970462	-0,023496788
41883	43,148438	-67,128616	-67,190712	-0,19313097	-0,023624957	-0,022790732	-0,024219628
41883	43,648438	-69,078613	-69,169754	-0,19962192	-0,024428338	-0,023348229	-0,025048997
41883	44,148438	-71,028618	-71,003036	-0,20338893	-0,025116086	-0,024101341	-0,025777284
41883	44,648438	-72,978615	-72,977486	-0,20893216	-0,025816828	-0,02476616	-0,026634183
41883	45,148438	-74,928612	-74,989403	-0,21294355	-0,026551157	-0,025505388	-0,027418453
41883	45,648438	-76,878616	-76,951111	-0,21790266	-0,027252316	-0,026349414	-0,028251853
41883	46,148438	-78,828613	-78,808029	-0,22068918	-0,027934521	-0,0269488	-0,029006023
41883	46,648438	-80,778618	-80,857224	-0,22622943	-0,028758407	-0,027833875	-0,029846635
41883	47,148438	-82,728615	-82,759026	-0,23062229	-0,029312372	-0,028433148	-0,03053553
41883	47,648438	-84,678612	-84,711975	-0,23533106	-0,030148596	-0,029207891	-0,031399641
41883	48,148438	-86,628616	-86,743675	-0,24026036	-0,030842155	-0,029905267	-0,032289825
41883	48,648438	-88,578613	-88,643852	-0,24581254	-0,031551778	-0,030496975	-0,033034928
41883	49,148438	-90,528618	-90,577515	-0,24803579	-0,032276094	-0,031286761	-0,033840477
41883	49,648438	-92,478615	-92,578682	-0,25275946	-0,033015907	-0,032040507	-0,034624733
41883	50,148438	-94,428612	-94,481812	-0,25975108	-0,033703774	-0,032779727	-0,035439566
41883	50,648438	-96,378616	-96,373749	-0,26313365	-0,034484386	-0,033512812	-0,036213078
41883	51,148438	-98,328613	-98,370781	-0,26661456	-0,035185963	-0,034180742	-0,037025794
41883	51,648438	-100,27862	-100,30705	-0,27123988	-0,035935611	-0,034959529	-0,037866592
41883	52,148438	-102,22861	-102,21919	-0,27557015	-0,036660999	-0,035630751	-0,038675234
41883	52,648438	-104,17862	-104,29115	-0,28013289	-0,037464231	-0,03651784	-0,039557282
41883	53,148438	-106,12862	-106,19765	-0,28464794	-0,038265526	-0,037271172	-0,040329136
41883	53,648438	-108,07861	-108,146	-0,28874278	-0,038893789	-0,038075887	-0,041154839
41883	54,148438	-110,02862	-110,13417	-0,29301643	-0,03969413	-0,038810067	-0,042010717
41883	54,648438	-111,97861	-112,05064	-0,29724836	-0,040403575	-0,039445929	-0,042827643
41883	55,148438	-113,92862	-113,94994	-0,30100346	-0,041161269	-0,040302463	-0,043665811
41883	55,648438	-115,87862	-115,91273	-0,30544102	-0,041951954	-0,040977832	-0,044460922
41883	56,148438	-117,82861	-117,9217	-0,30984581	-0,042733371	-0,041766509	-0,045334365
41883	56,648438	-119,77862	-119,83188	-0,31449795	-0,043475837	-0,042558853	-0,046215326
41883	57,148438	-121,72861	-121,794	-0,31895041	-0,044258326	-0,043321736	-0,047042798
41883	57,648438	-123,67862	-123,82549	-0,32323897	-0,045001477	-0,044073105	-0,047899771
41883	58,148438	-125,62862	-125,67248	-0,32750368	-0,045698494	-0,044778667	-0,048633523
41883	58,648438	-127,57861	-127,62106	-0,33107102	-0,046424717	-0,045571197	-0,049502142
41883	59,148438	-129,52861	-129,61588	-0,33648908	-0,047181576	-0,046397258	-0,050291747
41883	59,648438	-131,47862	-131,53658	-0,34013689	-0,04798317	-0,047142286	-0,051122651
41883	60,148438	-133,42862	-133,4653	-0,34380257	-0,04875347	-0,048021533	-0,05201266
41883	60,648438	-135,37862	-135,50284	-0,34858882	-0,049530536	-0,048721742	-0,052883476
41883	61,148438	-137,32861	-137,4285	-0,35343468	-0,050291806	-0,049576771	-0,053714793
41883	61,648438	-139,27861	-139,29573	-0,35758018	-0,05103451	-0,050390288	-0,054543871
41883	62,148438	-141,22862	-141,33052	-0,3613919	-0,051781833	-0,051165875	-0,055396963
41883	62,648438	-140,83838	-140,94353	-0,36242604	-0,05178678	-0,051257368	-0,055480503
41883	63,148438	-138,88838	-138,99542	-0,35880506	-0,051348895	-0,050667297	-0,054891139
41883	63,648438	-136,93839	-137,0533	-0,35582483	-0,050828248	-0,050168294	-0,054325622
41883	64,148438	-134,98837	-135,02345	-0,3521055	-0,050238967	-0,049562175	-0,05364405
41883	64,648438	-133,03838	-132,98407	-0,34840107	-0,049614877	-0,048906129	-0,052978117
41883	65,148438	-131,08838	-131,1524	-0,34536421	-0,049103796	-0,048396412	-0,052428402
41883	65,648438	-129,13838	-129,17686	-0,34182072	-0,048496783	-0,047652524	-0,051694348
41883	66,148438	-127,18838	-127,18694	-0,33747554	-0,047854424	-0,047131423	-0,051098946
41883	66,648438	-125,23838	-125,18485	-0,33441186	-0,047172308	-0,046558611	-0,050421424
41883	67,148438	-123,28838	-123,21001	-0,33130944	-0,046642095	-0,045824874	-0,049722821
41883	67,648438	-121,33838	-121,2144	-0,32741427	-0,046010017	-0,045284744	-0,048995506
41883	68,148438	-119,38838	-119,39684	-0,32327771	-0,045455605	-0,044715252	-0,048358828
41883	68,648438	-117,43838	-117,45443	-0,32186806	-0,044765174	-0,044078976	-0,047632679
41883	69,148438	-115,48838	-115,39812	-0,3167212	-0,044261307	-0,043459713	-0,046922542
41883	69,648438	-113,53838	-113,54198	-0,31326413	-0,043565154	-0,042878922	-0,046306133
41883	70,148438	-111,58838	-111,51674	-0,30963421	-0,042952329	-0,042314209	-0,045532834
41883	70,648438	-109,63837	-109,63244	-0,30577481	-0,042336524	-0,041646104	-0,044883542
41883	71,148438	-107,68838	-107,61485	-0,30184984	-0,041662663	-0,040984925	-0,044223003
41883	71,648438	-105,73838	-105,65836	-0,29755235	-0,041062534	-0,040445883	-0,043488506
41883	72,148438	-103,78838	-103,68743	-0,29554963	-0,040341496	-0,039645534	-0,042756051
41883	72,648438	-101,83838	-101,84551	-0,28983653	-0,039761364	-0,039115302	-0,04206356
41883	73,148438	-99,888374	-99,822304	-0,28623044	-0,039106786	-0,038404886	-0,041357972
41883	73,648438	-97,938377	-97,854225	-0,2833426	-0,03846845	-0,037834503	-0,040671103
41883	74,148438	-95,98838	-95,961525	-0,27898252	-0,037874132	-0,037236102	-0,039926574
41883	74,648438	-94,038376	-93,994843	-0,27537048	-0,037174404	-0,036624238	-0,039251421
41883	75,148438	-92,088379	-92,006683	-0,27212501	-0,036507189	-0,035947047	-0,038505472
41883	75,648438	-90,138374	-90,09993	-0,26722848	-0,035879672	-0,035206888	-0,037783183
41883	76,148438	-88,188377	-88,13485	-0,26412904	-0,035221994	-0,034688886	-0,03713613
41883	76,648438	-86,23838	-86,145508	-0,26029944	-0,034609228	-0,033985518	-0,036396362
41883	77,148438	-84,288376	-84,216881	-0,25570989	-0,033869892	-0,033381738	-0,035663366
41883	77,648438	-82,338379	-82,290527	-0,25134683	-0,033296525	-0,032752823	-0,034958377
41883	78,148438	-80,388374	-80,2994	-0,24862587	-0,032567561	-0,032039169	-0,034172378
41883	78,648438	-78,438377	-78,318436	-0,2431035	-0,031896919	-0,031339318	-0,033440404
41883	79,148438	-76,48838	-76,371597	-0,23866892	-0,031257927	-0,030862406	-0,032677811
41883	79,648438	-74,538376	-74,413185	-0,23539662	-0,030548036	-0,030079734	-0,031911626
41883	80,148438	-72,588379	-72,548447	-0,23188591	-0,029948175	-0,029530697	-0,031195505
41883	80,648438	-70,638374	-70,595451	-0,22687316	-0,029232472	-0,028780175	-0,030433219
41883	81,148438	-68,688377	-68,608803	-0,22380352	-0,028496385	-0,028197844	-0,029759815
41883	81,648438	-66,73838	-66,643135	-0,21787286	-0,027868718	-0,027593808	-0,029009836
41883	82,148438	-64,788376	-64,732056	-0,21422207	-0,027144998	-0,02688824	-0,028231684
41883	82,648438	-62,838375	-62,737225	-0,20884275	-0,026376039	-0,026285416	-0,027434118
41883	83,148438	-60,888378	-60,805843	-0,20492375	-0,025648206	-0,02562451	-0,026684206
41883	83,648438	-58,938377	-58,900951	-0,20095408	-0,025022805	-0,025045868	-0,025957249
41883	84,148438	-56,988377	-56,887669	-0,1958102	-0,024307668	-0,024336001	-0,025170054
41883	84,648438	-55,038376	-54,969009	-0,19149184	-0,023573548	-0,023614261	-0,024464434
41883	85,148438	-53,088375	-53,065205	-0,18675923	-0,022803873	-0,023043323	-0,023720315
41883	85,648438	-51,138378	-51,045238	-0,181216	-0,022057384	-0,022255769	-0,022909386
41883	86,148438	-49,188377	-49,120876	-0,17708242	-0,02139923	-0,021613387	-0,02214914
41883	86,648438	-47,238377	-47,220619	-0,17153919	-0,020701081	-0,021081602	-0,021364041
41883	87,148438	-45,288376	-45,201447	-0,16768277	-0,019966424	-0,020232433	-0,020536615
41883	87,648438	-43,338375	-43,26823	-0,16254485	-0,019196421	-0,019683516	-0,01986392
41883	88,148438	-41,388378	-41,383606	-0,15758872	-0,018467516	-0,018924689	-0,019059516
41883	88,648438	-39,438377	-39,37431	-0,15267134	-0,017837644	-0,018307338	-0,018288095
41883	89,148438	-37,488377	-37,399796	-0,14644861	-0,017006874	-0,017583758	-0,017455943
41883	89,648438	-35,538376	-35,531075	-0,1421392	-0,016287982	-0,016927199	-0,016737249
41883	90,148438	-33,588375	-33,536533	-0,13659	-0,015529186	-0,016308058	-0,015973808
41883	90,648438	-31,638376	-31,545229	-0,13188124	-0,014792949	-0,015495549	-0,015143669
41883	91,148438	-29,688375	-29,697727	-0,12649	-0,014063984	-0,014963841	-0,014438989
41883	91,648438	-27,738377	-27,723255	-0,12074709	-0,013303846	-0,014132196	-0,013628697
41883	92,148438	-25,788376	-25,700565	-0,11458099	-0,012554437	-0,01345218	-0,012801081
41883	92,648438	-23,838375	-23,80971	-0,1093328	-0,011816144	-0,01272108	-0,012028648
41883	93,148438	-21,888376	-21,839331	-0,10311306	-0,010994911	-0,011976225	-0,011200378
41883	93,648438	-19,938375	-19,857241	-0,097814202	-0,010282576	-0,011323162	-0,010482153
41883	94,148438	-17,988377	-17,936621	-0,091764331	-0,0095337331	-0,010480272	-0,0096798446
41883	94,648438	-16,038376	-15,952225	-0,084832311	-0,0088630617	-0,0098858485	-0,0088557256
41883	95,148438	-14,088376	-13,979497	-0,078848004	-0,007982105	-0,0090426346	-0,0080592576
41883	95,648438	-12,138375	-12,114523	-0,07199347	-0,0071590543	-0,0081564784	-0,0073683634
41883	96,148438	-10,188375	-10,148499	-0,06558001	-0,0064198673	-0,0075431927	-0,0065809209
41883	96,648438	-8,2383757	-8,1432858	-0,058320165	-0,0055997372	-0,0066691469	-0,0058417814
41883	97,148438	-6,2883754	-6,2330422	-0,04760623	-0,0047564805	-0,005889568	-0,0051880861
41883	97,648438	-4,3383756	-4,3266716	-0,038775802	-0,0039091408	-0,0050762836	-0,0045263572
41883	98,148438	-5,446629	-5,1549768	-0,041925907	-0,0042186081	-0,0051079593	-0,0047038859
41883	98,648438	-7,3966289	-7,2371998	-0,048676133	-0,00498721	-0,0058868225	-0,0052290587
41883	99,148438	-9,3466291	-9,3032494	-0,057637691	-0,0056996644	-0,0066252351	-0,0059328414
41883	99,648438	-11,296629	-11,23381	-0,063550472	-0,006369859	-0,0072447243	-0,0065376638
41883	100,14844	-13,246629	-13,265349	-0,070461631	-0,0071144998	-0,0079664961	-0,0072440924
41883	100,64844	-15,19663	-15,252776	-0,07635653	-0,007732302	-0,0087316502	-0,0079107955
41883	101,14844	-17,146629	-17,165899	-0,081390142	-0,0083504617	-0,0093562566	-0,0086617256
41883	101,64844	-19,09663	-19,146414	-0,088232756	-0,0090734661	-0,0099394973	-0,0093743606
41883	102,14844	-21,046629	-21,14525	-0,094720721	-0,0097388625	-0,010773514	-0,010114793
41883	102,64844	-22,99663	-23,056452	-0,099360943	-0,010380656	-0,011392064	-0,010794646
41883	103,14844	-24,946629	-24,993782	-0,10468364	-0,01103577	-0,011958688	-0,011507493
41883	103,64844	-26,896629	-27,029119	-0,11031926	-0,01166302	-0,012750809	-0,012249529
41883	104,14844	-28,84663	-28,931887	-0,11505187	-0,012390107	-0,013299396	-0,01301161
41883	104,64844	-30,796629	-30,865471	-0,12042522	-0,012941301	-0,01396794	-0,013767807
41883	105,14844	-32,746628	-32,886009	-0,12494028	-0,013732433	-0,014731233	-0,014537167
41883	105,64844	-34,696629	-34,823677	-0,12995601	-0,014431	-0,015365643	-0,015333393
41883	106,14844	-36,646629	-36,68771	-0,13614595	-0,015025049	-0,016108286	-0,016019545
41883	106,64844	-38,59663	-38,765163	-0,14128983	-0,015736818	-0,016706251	-0,016820833
41883	107,14844	-40,546631	-40,686966	-0,1452446	-0,016440123	-0,017327853	-0,017595692
41883	107,64844	-42,496632	-42,617546	-0,14919639	-0,017073393	-0,01812407	-0,018353337
41883	108,14844	-44,446629	-44,54974	-0,15450418	-0,017782301	-0,018662674	-0,019073065
41883	108,64844	-46,396629	-46,553753	-0,15966296	-0,018443584	-0,019430991	-0,019881412
41883	109,14844	-48,34663	-48,423073	-0,164482	-0,019123852	-0,01998787	-0,020525683
41883	109,64844	-50,296631	-50,447414	-0,16784668	-0,019841224	-0,020635391	-0,021362454
41883	110,14844	-52,246632	-52,326565	-0,17338395	-0,020420611	-0,021396292	-0,022087587
41883	110,64844	-54,196629	-54,265907	-0,17781258	-0,021131486	-0,021942627	-0,022853924
41883	111,14844	-56,146629	-56,340408	-0,18327236	-0,021836132	-0,022762503	-0,023631928
41883	111,64844	-58,09663	-58,241238	-0,18723011	-0,022492826	-0,02329869	-0,024387937
41883	112,14844	-60,046631	-60,128422	-0,19204617	-0,023220867	-0,024085078	-0,025061753
41883	112,64844	-61,996632	-62,075943	-0,19617379	-0,023855329	-0,024700321	-0,02580902
41883	113,14844	-63,946629	-64,095764	-0,20130277	-0,02465257	-0,025390889	-0,026658598
41883	113,64844	-65,896629	-65,953339	-0,20528734	-0,025210142	-0,026007563	-0,027377527
41883	114,14844	-67,846634	-68,003426	-0,21062791	-0,025961548	-0,026693719	-0,028132025
41883	114,64844	-69,796631	-69,936829	-0,21520853	-0,026591033	-0,027365802	-0,028883379
41883	115,14844	-71,746628	-71,819748	-0,21811426	-0,027314514	-0,027941963	-0,029638082
41883	115,64844	-73,696632	-73,786873	-0,2228111	-0,028069079	-0,028829085	-0,030382592
41883	116,14844	-75,646629	-75,754799	-0,22750199	-0,028705627	-0,029402412	-0,031179875
41883	116,64844	-77,596634	-77,681244	-0,23201108	-0,029398143	-0,030005842	-0,031961724
41883	117,14844	-79,546631	-79,615189	-0,23656785	-0,030147046	-0,030732816	-0,032684971
41883	117,64844	-81,496628	-81,651161	-0,24026036	-0,030819148	-0,031337056	-0,033499945
41883	118,14844	-83,446632	-83,501579	-0,24422109	-0,03146106	-0,032052096	-0,034209322
41883	118,64844	-85,396629	-85,461151	-0,2484709	-0,032202661	-0,032773707	-0,034945264
41883	119,14844	-87,346634	-87,463554	-0,25296509	-0,032959521	-0,033396985	-0,035726219
41883	119,64844	-89,296631	-89,332573	-0,25731027	-0,033613503	-0,033999018	-0,036433615
41883	120,14844	-91,246628	-91,315887	-0,26046336	-0,034209788	-0,034622941	-0,037188813
41883	120,64844	-93,196632	-93,328819	-0,2661258	-0,034934491	-0,035366215	-0,038016826
41883	121,14844	-95,146629	-95,201744	-0,26921928	-0,035532922	-0,036209296	-0,038723223
41883	121,64844	-97,096634	-97,118759	-0,2736032	-0,036284983	-0,036711466	-0,03947226
41883	122,14844	-99,046631	-99,162125	-0,27810633	-0,036941558	-0,037464779	-0,040275007
41883	122,64844	-100,99663	-101,02583	-0,28256178	-0,037704706	-0,038014483	-0,041016359
41883	123,14844	-102,94663	-102,99109	-0,28590858	-0,038401872	-0,038739551	-0,04177849
41883	123,64844	-104,89663	-105,01337	-0,29046237	-0,039066583	-0,039399426	-0,042576961
41883	124,14844	-106,84663	-106,83791	-0,29409826	-0,039704621	-0,040083472	-0,043330703
41883	124,64844	-108,79663	-108,74636	-0,29836893	-0,040464044	-0,040739473	-0,044097248
41883	125,14844	-110,74663	-110,80927	-0,30298233	-0,041085213	-0,041434214	-0,044850171
41883	125,64844	-112,69663	-112,71642	-0,30732155	-0,041718841	-0,042103916	-0,045621935
41883	126,14844	-114,64663	-114,66238	-0,31119883	-0,042480409	-0,042867679	-0,046425737
41883	126,64844	-116,59663	-116,68533	-0,31505525	-0,043199122	-0,043431114	-0,047224279
41883	127,14844	-118,54663	-118,64217	-0,3195703	-0,04394412	-0,044194113	-0,047997184
41883	127,64844	-120,49664	-120,53655	-0,32312274	-0,044492811	-0,044782408	-0,048763372
41883	128,14844	-122,44663	-122,58553	-0,3277719	-0,045266449	-0,045586299	-0,049551889
41883	128,64844	-124,39663	-124,51903	-0,33039153	-0,045942634	-0,046359979	-0,050251614
41883	129,14844	-126,34663	-126,39397	-0,3346622	-0,046620727	-0,046884488	-0,050994594
41883	129,64844	-128,29663	-128,39635	-0,33852458	-0,0473077	-0,047629274	-0,051758431
41883	130,14844	-130,24663	-130,33701	-0,34332275	-0,048019499	-0,048294503	-0,052528251
41883	130,64844	-132,19662	-132,23424	-0,34655035	-0,048713356	-0,049037736	-0,053247627
41883	131,14844	-134,14664	-134,15269	-0,35003722	-0,049314499	-0,049706388	-0,054006904
41883	131,64844	-136,09663	-136,13487	-0,35443604	-0,050057769	-0,05040307	-0,054787852
41883	132,14844	-138,04663	-138,0383	-0,35846233	-0,050754368	-0,051133517	-0,055553693
41883	132,64844	-139,99663	-140,061	-0,36171377	-0,051477343	-0,051826213	-0,056365624
41883	133,14844	-140,07071	-140,24646	-0,36324263	-0,05164212	-0,052052725	-0,056552432
41883	133,64844	-138,1207	-138,14931	-0,36037862	-0,051073223	-0,051417504	-0,055894293
41883	134,14844	-136,1707	-136,21576	-0,35719275	-0,050520509	-0,050804235	-0,055342112
41883	134,64844	-134,2207	-134,25862	-0,35321712	-0,049886107	-0,050300494	-0,05467524
41883	135,14844	-132,27071	-132,2493	-0,35021007	-0,049313545	-0,049627148	-0,054030046
41883	135,64844	-130,32071	-130,2502	-0,34573376	-0,048693091	-0,049086638	-0,053323418
41883	136,14844	-128,3707	-128,36049	-0,34252107	-0,048114955	-0,048441082	-0,052640196
41883	136,64844	-126,4207	-126,35814	-0,33946335	-0,047475785	-0,04786114	-0,051998537
41883	137,14844	-124,4707	-124,4176	-0,33546984	-0,046896815	-0,047272276	-0,051289491
41883	137,64844	-122,52071	-122,50179	-0,33132732	-0,046266943	-0,046557762	-0,050617371
41883	138,14844	-120,5707	-120,50687	-0,32957196	-0,045683444	-0,046046466	-0,049927548
41883	138,64844	-118,6207	-118,54748	-0,32433569	-0,045043796	-0,04536245	-0,04925707
41883	139,14844	-116,6707	-116,64091	-0,32179654	-0,044446498	-0,044722218	-0,048591875
41883	139,64844	-114,7207	-114,64501	-0,31774044	-0,043755144	-0,044171304	-0,047890455
41883	140,14844	-112,77071	-112,68591	-0,31421781	-0,043209851	-0,043408476	-0,047211364
41883	140,64844	-110,8207	-110,80412	-0,31148493	-0,04261893	-0,042909957	-0,046553932
41883	141,14844	-108,8707	-108,91082	-0,30753613	-0,041919082	-0,042256903	-0,045849748
41883	141,64844	-106,9207	-107,01107	-0,30405223	-0,041349888	-0,041705422	-0,045169294
41883	142,14844	-104,9707	-105,08108	-0,30029118	-0,040764213	-0,04097059	-0,044511244
41883	142,64844	-103,0207	-102,97094	-0,29664338	-0,04000926	-0,040381622	-0,043669984
41883	143,14844	-101,0707	-101,00365	-0,29174089	-0,039399654	-0,039696373	-0,042912103
41883	143,64844	-99,120705	-99,092163	-0,28777719	-0,038805336	-0,039053027	-0,042244218
41883	144,14844	-97,1707	-97,084564	-0,28433204	-0,038134724	-0,038430702	-0,041523077
41883	144,64844	-95,220703	-95,101837	-0,28084517	-0,037376136	-0,037686378	-0,040753137
41883	145,14844	-93,270699	-93,208748	-0,27723908	-0,036864609	-0,037169892	-0,040031333
41883	145,64844	-91,320702	-91,285706	-0,27372241	-0,036210895	-0,036562156	-0,039377004
41883	146,14844	-89,370705	-89,289345	-0,26872456	-0,035530835	-0,035822798	-0,038574398
41883	146,64844	-87,4207	-87,386055	-0,26510954	-0,034882218	-0,035294265	-0,037898272
41883	147,14844	-85,470703	-85,42041	-0,26200712	-0,034170002	-0,034474291	-0,037156686
41883	147,64844	-83,520699	-83,411446	-0,25644302	-0,033585489	-0,033984214	-0,036434993
41883	148,14844	-81,570702	-81,525978	-0,25224686	-0,032940388	-0,03339386	-0,035709538
41883	148,64844	-79,620705	-79,515388	-0,24876893	-0,032132119	-0,032612845	-0,03494123
41883	149,14844	-77,6707	-77,538261	-0,24488866	-0,031496465	-0,031928163	-0,034195572
41883	149,64844	-75,720703	-75,634598	-0,24053752	-0,030803859	-0,031266481	-0,033427041
41883	150,14844	-73,770699	-73,674232	-0,2365768	-0,030149579	-0,030666852	-0,032651141
41883	150,64844	-71,820702	-71,715401	-0,23187399	-0,029513538	-0,030075394	-0,031960156
41883	151,14844	-69,870705	-69,7556	-0,227651	-0,028748989	-0,029334396	-0,031168552
41883	151,64844	-67,9207	-67,879906	-0,22468567	-0,028012276	-0,02882202	-0,030488979
41883	152,14844	-65,970703	-65,886299	-0,21982193	-0,027407527	-0,028008878	-0,029668955
41883	152,64844	-64,020699	-63,984776	-0,21391213	-0,026691765	-0,027520377	-0,028926309
41883	153,14844	-62,070702	-61,972618	-0,21040738	-0,025997519	-0,026856313	-0,028154749
41883	153,64844	-60,120701	-59,991711	-0,20519197	-0,025258482	-0,02620673	-0,027336825
41883	154,14844	-58,1707	-58,071693	-0,20149648	-0,024534404	-0,025513945	-0,026582133
41883	154,64844	-56,220699	-56,143948	-0,1973629	-0,023853511	-0,024754992	-0,02579716
41883	155,14844	-54,270702	-54,145065	-0,19241869	-0,023183137	-0,024145031	-0,02504833
41883	155,64844	-52,320702	-52,257774	-0,18817782	-0,022390336	-0,023546452	-0,024307758
41883	156,14844	-50,370701	-50,303082	-0,1826793	-0,02172932	-0,022752995	-0,023558645
41883	156,64844	-48,4207	-48,316807	-0,17704368	-0,020965248	-0,022109503	-0,0227626
41883	157,14844	-46,470699	-46,395622	-0,17212033	-0,020243019	-0,021400789	-0,02195384
41883	157,64844	-44,520702	-44,429665	-0,16913712	-0,019472778	-0,020754574	-0,021158196
41883	158,14844	-42,570702	-42,509151	-0,16358197	-0,018826127	-0,020106899	-0,020427888
41883	158,64844	-40,620701	-40,548775	-0,15750527	-0,018133968	-0,019354839	-0,019603688
41883	159,14844	-38,6707	-38,652939	-0,15286207	-0,017349929	-0,018780539	-0,018865734
41883	159,64844	-36,720699	-36,63842	-0,14779568	-0,016631871	-0,018035606	-0,018050592
41883	160,14844	-34,770702	-34,710865	-0,1429528	-0,015932024	-0,017372668	-0,017259765
41883	160,64844	-32,820702	-32,812683	-0,13730526	-0,015193909	-0,01677875	-0,016463978
41883	161,14844	-30,870701	-30,813231	-0,13178289	-0,014415741	-0,015876703	-0,015628779
41883	161,64844	-28,9207	-28,84601	-0,12539029	-0,013757944	-0,015205454	-0,014872008
41883	162,14844	-26,970701	-26,978378	-0,12055635	-0,012959212	-0,014385751	-0,014086708
41883	162,64844	-25,0207	-24,96632	-0,11588633	-0,012188554	-0,013704488	-0,013261627
41883	163,14844	-23,0707	-22,981495	-0,10900795	-0,011511207	-0,013033055	-0,012379525
41883	163,64844	-21,120701	-21,115208	-0,10381043	-0,010723442	-0,012300699	-0,011713698
41883	164,14844	-19,1707	-19,094976	-0,098565221	-0,0099484622	-0,011611995	-0,010849683
41883	164,64844	-17,220699	-17,140362	-0,09073019	-0,0092012882	-0,010729043	-0,010066102
41883	165,14844	-15,2707	-15,265269	-0,085178018	-0,0084607005	-0,010006716	-0,0093080634
41883	165,64844	-13,3207	-13,28105	-0,077748299	-0,0077251792	-0,0093460223	-0,008459961
41883	166,14844	-11,3707	-11,292835	-0,072792172	-0,0069288909	-0,008420676	-0,0076337513
41883	166,64844	-9,4207001	-9,4077511	-0,063943863	-0,0061791241	-0,0076636705	-0,0069129886
41883	167,14844	-7,4706998	-7,4354682	-0,055772066	-0,0055213571	-0,006763177	-0,0061087869
41883	167,64844	-5,5207	-5,4735093	-0,046554208	-0,0046925545	-0,0059827077	-0,0054409727
41883	168,14844	-3,927	-3,8248022	-0,037288666	-0,0039982796	-0,0051723118	-0,0048319837
41883	168,64844	-3,927	-3,8356743	-0,036767125	-0,0039755404	-0,0051485193	-0,0047772657
41883	169,14844	-3,927	-3,9003844	-0,036743283	-0,0039068758	-0,0051660859	-0,0047911014
41883	169,64844	-3,927	-4,0150957	-0,037929416	-0,0038530231	-0,0051092156	-0,00480776
41883	170,14844	-3,927	-3,9942396	-0,036734343	-0,0038668215	-0,0050573689	-0,0047620805
41883	170,64844	-3,927	-3,8774796	-0,03721714	-0,0038524866	-0,004998887	-0,0047124252
41883	171,14844	-3,927	-3,8647261	-0,036326051	-0,0038022995	-0,0049696881	-0,0046903202
41883	171,64844	-3,927	-3,8453043	-0,036048889	-0,0037390888	-0,0049146437	-0,0046275109
41883	172,14844	-3,927	-3,8321297	-0,036108494	-0,0037339926	-0,0049360474	-0,0046106819
41883	172,64844	-3,927	-3,896553	-0,035533309	-0,00365448	-0,0049288883	-0,0045795497
41883	173,14844	-3,927	-3,9003398	-0,0369519	-0,0037662089	-0,0048862011	-0,0045586592
41883	173,64844	-3,927	-3,8709733	-0,036537647	-0,0036694407	-0,0048678089	-0,0045585213
41883	174,14844	-3,927	-3,9130206	-0,035405159	-0,0037120879	-0,0049641053	-0,0045070658
41883	174,64844	-3,927	-3,9264932	-0,036200881	-0,003705591	-0,0049279453	-0,0044951392
41883	175,14844	-3,927	-3,8780384	-0,036659837	-0,0036159456	-0,0048600286	-0,0044895755
41883	175,64844	-3,927	-3,9193778	-0,036218762	-0,003636688	-0,0048005949	-0,0044688266
41883	176,14844	-3,927	-3,9516428	-0,036028028	-0,0036695004	-0,0048336685	-0,0044748764
41883	176,64844	-3,927	-3,8966591	-0,035983324	-0,0035788715	-0,0048359996	-0,0044437638
41883	177,14844	-3,927	-3,9194524	-0,035920739	-0,0036097467	-0,004757646	-0,0044391267
41883	177,64844	-3,927	-3,9433706	-0,035628676	-0,0035464764	-0,00480359	-0,004415499
41883	178,14844	-3,927	-3,8917809	-0,034683943	-0,0036251545	-0,0047857612	-0,0043421602
41883	178,64844	-3,927	-3,9050822	-0,035348535	-0,0036408901	-0,0048426739	-0,0043826839
41883	179,14844	-3,927	-3,9538257	-0,036534667	-0,0035950243	-0,0047913999	-0,0043521263
41883	179,64844	-3,927	-3,898792	-0,035902858	-0,0035503805	-0,0048496532	-0,0043222718
41883	180,14844	-3,927	-3,9350297	-0,034502149	-0,0035223067	-0,0048093922	-0,0043756776
41883	180,64844	-3,927	-3,9559715	-0,036367774	-0,0035167933	-0,0047206534	-0,0043407381
41883	181,14844	-3,927	-3,9057751	-0,034821033	-0,0035313666	-0,0047214678	-0,0043626623
41883	181,64844	-3,927	-3,9430335	-0,035220385	-0,0035515428	-0,0048333467	-0,0043515796
41883	182,14844	-3,927	-3,9647036	-0,035384297	-0,0035711825	-0,0047247191	-0,0043363273
41883	182,64844	-3,927	-3,9070714	-0,035259128	-0,0034546852	-0,0047105826	-0,0043265549
41883	183,14844	-3,927	-3,9125438	-0,035005808	-0,0034849048	-0,0047962223	-0,0043216292
41883	183,64844	-3,927	-3,9637537	-0,035539269	-0,0034785569	-0,004657425	-0,0043130117
41883	184,14844	-3,927	-3,9387698	-0,034692883	-0,0034422576	-0,0048055234	-0,0043176729
41883	184,64844	-3,927	-3,9206762	-0,035950541	-0,0035260618	-0,0046575572	-0,0042618494
41883	185,14844	-3,927	-3,9844923	-0,034454465	-0,003539592	-0,0047261878	-0,0043039937
41883	185,64844	-3,927	-3,9091446	-0,0354141	-0,0034519732	-0,004716686	-0,0042790398
41883	186,14844	-3,927	-3,9224272	-0,035279989	-0,003485322	-0,0047262902	-0,0042685252
41883	186,64844	-3,927	-3,974771	-0,035721064	-0,0034837723	-0,0047457512	-0,0042828117
41883	187,14844	-3,927	-3,9467757	-0,035017729	-0,003477186	-0,0046777953	-0,004272759
41883	187,64844	-3,927	-3,9018934	-0,035700202	-0,0034344494	-0,0046935957	-0,0042241672
41883	188,14844	-3,927	-3,9756243	-0,035920739	-0,0034871697	-0,0047164331	-0,0042334488
41883	188,64844	-3,927	-3,9454997	-0,034958124	-0,0034531355	-0,0047043581	-0,004238531
41883	189,14844	-3,927	-3,9008837	-0,035631657	-0,0034365952	-0,0046844678	-0,0042214664
41883	189,64844	-3,927	-3,9699283	-0,035554171	-0,0033945143	-0,0046356381	-0,0043147355
41883	190,14844	-3,927	-3,9797089	-0,034600496	-0,0034274459	-0,0046981229	-0,0043500308
41883	190,64844	-3,927	-3,9243493	-0,034937263	-0,003423214	-0,004758765	-0,0042257216
41883	191,14844	-3,927	-3,9637666	-0,034305453	-0,0034404099	-0,0045788796	-0,0042789392
41883	191,64844	-3,927	-3,9657521	-0,036343932	-0,0034162998	-0,0047148215	-0,0043096645
41883	192,14844	-3,927	-3,9247518	-0,034347177	-0,0033997595	-0,0046185809	-0,0042768409
41883	192,64844	-3,927	-3,9717798	-0,034868717	-0,0034550428	-0,0046376423	-0,0042858711
41883	193,14844	-3,927	-3,9666276	-0,035578012	-0,0033497214	-0,0046228198	-0,0042212484
41883	193,64844	-3,927	-3,9208457	-0,035348535	-0,0033714473	-0,0046360996	-0,0041944319
41883	194,14844	-3,927	-3,9677956	-0,035727024	-0,0033990443	-0,004625666	-0,0042229518
41883	194,64844	-3,927	-3,9871595	-0,034499168	-0,0033868253	-0,0046735788	-0,0042226072
41883	195,14844	-3,927	-3,9039106	-0,036138296	-0,0033657551	-0,0045940741	-0,0041857595
41883	195,64844	-3,927	-3,936965	-0,035372376	-0,0033571422	-0,0045526628	-0,0041588964
41883	196,14844	-3,927	-3,9629843	-0,035178661	-0,0033619404	-0,0046063871	-0,0041776523
41883	196,64844	-3,927	-3,9108303	-0,03567934	-0,0033644438	-0,0045610061	-0,0041130027
41883	197,14844	-3,927	-3,9329641	-0,034737587	-0,0033501089	-0,0045298757	-0,0041792011
41883	197,64844	-3,927	-3,9848778	-0,035202503	-0,0033850968	-0,0045777215	-0,0041879099
41883	198,14844	-4,254539	-4,0810628	-0,035730004	-0,003423214	-0,0045645274	-0,0042017633
41883	198,64844	-6,2045393	-5,4752789	-0,040963292	-0,0039406717	-0,0051549478	-0,004622397
41883	199,14844	-8,1545391	-8,3319778	-0,052800775	-0,0049629509	-0,0061443662	-0,0054962346
41883	199,64844	-10,104539	-10,258933	-0,060001016	-0,0055876672	-0,0067812754	-0,0061427103
41883	200,14844	-12,05454	-12,153869	-0,067058206	-0,006223321	-0,0075062634	-0,0067361454
41883	200,64844	-14,004539	-14,149198	-0,072532892	-0,0070071816	-0,00816279	-0,0074415617
41883	201,14844	-15,954539	-16,08395	-0,080004334	-0,0074962676	-0,0088970587	-0,0081732497
41883	201,64844	-17,904539	-17,977024	-0,084170699	-0,0081950426	-0,009625609	-0,0089028459
41883	202,14844	-19,85454	-19,985413	-0,090458989	-0,0089205801	-0,010239827	-0,0096141724
41883	202,64844	-21,804539	-21,900497	-0,094920397	-0,0095996559	-0,010911772	-0,010376354
41883	203,14844	-23,754539	-23,82172	-0,10157526	-0,010213792	-0,011534119	-0,011069337
41883	203,64844	-25,70454	-25,812298	-0,10610521	-0,010873526	-0,012239343	-0,011845972
41883	204,14844	-27,654539	-27,749418	-0,1124233	-0,011590928	-0,012906616	-0,012613981
41883	204,64844	-29,60454	-29,652388	-0,11726618	-0,01224032	-0,013542065	-0,013334059
41883	205,14844	-31,554541	-31,651794	-0,12207329	-0,012899488	-0,014282282	-0,014133172
41883	205,64844	-33,504539	-33,621101	-0,12775362	-0,013638616	-0,014899435	-0,014910973
41883	206,14844	-35,45454	-35,538818	-0,13228953	-0,014247924	-0,015606336	-0,015665216
41883	206,64844	-37,404541	-37,467167	-0,13697743	-0,014890194	-0,016325004	-0,01643217
41883	207,14844	-39,354542	-39,439732	-0,14232397	-0,015616387	-0,017021665	-0,017227788
41883	207,64844	-41,304539	-41,429108	-0,14768839	-0,016362846	-0,017758526	-0,018009953
41883	208,14844	-43,254539	-43,36248	-0,15156865	-0,016908556	-0,018305436	-0,018748486
41883	208,64844	-45,20454	-45,314724	-0,1567781	-0,017647386	-0,019036673	-0,019449329
41883	209,14844	-47,154541	-47,198353	-0,16133785	-0,018281221	-0,019771423	-0,020218199
41883	209,64844	-49,104542	-49,156551	-0,16628504	-0,019017875	-0,020390708	-0,020972898
41883	210,14844	-51,054539	-51,140129	-0,17077029	-0,019691586	-0,021042198	-0,021761559
41883	210,64844	-53,004539	-53,065434	-0,17540455	-0,020407677	-0,021705387	-0,022538349
41883	211,14844	-54,95454	-55,041023	-0,18079281	-0,02113539	-0,022515329	-0,023315575
41883	211,64844	-56,904541	-57,009407	-0,18442273	-0,021764368	-0,023134984	-0,024120547
41883	212,14844	-58,854542	-58,916431	-0,18944144	-0,022440642	-0,023695687	-0,024868369
41883	212,64844	-60,804539	-60,908295	-0,19421875	-0,023204237	-0,024414835	-0,025621913
41883	213,14844	-62,754539	-62,91753	-0,19910634	-0,023873866	-0,02509553	-0,026475471
41883	213,64844	-64,704544	-64,759674	-0,20309389	-0,024513811	-0,025788693	-0,027203619
41883	214,14844	-66,654541	-66,688332	-0,20668507	-0,02520147	-0,026565932	-0,027905606
41883	214,64844	-68,604538	-68,57962	-0,21173358	-0,025858045	-0,027093496	-0,028651394
41883	215,14844	-70,554543	-70,548531	-0,21634102	-0,026561439	-0,02783392	-0,029451046
41883	215,64844	-72,504539	-72,551926	-0,22120476	-0,027318627	-0,028485967	-0,030225968
41883	216,14844	-74,454544	-74,474388	-0,22494197	-0,027947158	-0,029178929	-0,030951604
41883	216,64844	-76,404541	-76,423187	-0,23059547	-0,028614283	-0,029878844	-0,03178145
41883	217,14844	-78,354538	-78,33564	-0,23401678	-0,029322743	-0,030501531	-0,03249006
41883	217,64844	-80,304543	-80,356796	-0,23821592	-0,030100137	-0,031195544	-0,033324573
41883	218,14844	-82,254539	-82,332108	-0,24311543	-0,030702651	-0,031823538	-0,03409408
41883	218,64844	-84,204544	-84,2285	-0,24683774	-0,031408697	-0,032593999	-0,034874517
41883	219,14844	-86,154541	-86,250999	-0,25117993	-0,032178283	-0,0333695	-0,035653666
41883	219,64844	-88,104538	-88,165833	-0,25513768	-0,03289932	-0,033819716	-0,036408033
41883	220,14844	-90,054543	-90,065575	-0,26026666	-0,033490449	-0,034630846	-0,037120394
41883	220,64844	-92,004539	-92,075768	-0,26403666	-0,034211308	-0,03519699	-0,037915695
41883	221,14844	-93,954544	-93,996758	-0,26856065	-0,034961998	-0,036006637	-0,038718339
41883	221,64844	-95,904541	-95,866562	-0,27184486	-0,035671651	-0,036632266	-0,039445207
41883	222,14844	-97,854538	-97,870636	-0,27673841	-0,036323726	-0,037305862	-0,040229321
41883	222,64844	-99,804543	-99,851295	-0,28135777	-0,036959887	-0,038060937	-0,040966026
41883	223,14844	-101,75454	-101,71736	-0,28539896	-0,037688583	-0,038652021	-0,041687079
41883	223,64844	-103,70454	-103,68969	-0,28983057	-0,038434774	-0,039365713	-0,042471085
41883	224,14844	-105,65454	-105,68082	-0,29341578	-0,039054364	-0,040051997	-0,043278795
41883	224,64844	-107,60454	-107,60979	-0,2976656	-0,039734989	-0,040698942	-0,044034004
41883	225,14844	-109,55454	-109,56963	-0,30113757	-0,040444493	-0,041329719	-0,044809107
41883	225,64844	-111,50454	-111,57459	-0,3051579	-0,041161805	-0,042100281	-0,045580819
41883	226,14844	-113,45454	-113,46289	-0,30942559	-0,041832805	-0,04272908	-0,046371873
41883	226,64844	-115,40454	-115,4425	-0,31302273	-0,042550027	-0,043453522	-0,047139503
41883	227,14844	-117,35455	-117,43987	-0,31845272	-0,043250769	-0,044011198	-0,047940072
41883	227,64844	-119,30454	-119,32229	-0,32253265	-0,043946594	-0,044841778	-0,048711762
41883	228,14844	-121,25454	-121,27811	-0,32578111	-0,044703364	-0,045428198	-0,049418867
41883	228,64844	-123,20454	-123,28188	-0,33005774	-0,045343369	-0,046175897	-0,050221689
41883	229,14844	-125,15454	-125,17923	-0,33443868	-0,046063364	-0,046930332	-0,050920296
41883	229,64844	-127,10455	-127,12059	-0,33784509	-0,046755284	-0,047564022	-0,051683851
41883	230,14844	-129,05453	-129,1422	-0,34137964	-0,047423422	-0,048300084	-0,052471206
41883	230,64844	-131,00455	-131,05927	-0,34563243	-0,048134685	-0,048886564	-0,053266425
41883	231,14844	-132,95454	-132,99506	-0,34891367	-0,048811704	-0,049749661	-0,054049511
41883	231,64844	-134,90454	-135,04761	-0,35488904	-0,04956159	-0,050487634	-0,054836757
41883	232,14844	-136,85454	-136,92146	-0,35821497	-0,050142467	-0,051101163	-0,055569101
41883	232,64844	-138,80453	-138,8835	-0,36159158	-0,050837129	-0,051755119	-0,056366809
41883	233,14844	-140,75455	-140,88844	-0,36526918	-0,051560223	-0,052415926	-0,057179842
41883	233,64844	-141	-141,09882	-0,36596954	-0,051774055	-0,052709885	-0,057344232
41883	234,14844	-141	-141,06804	-0,36593676	-0,051786572	-0,052757531	-0,057392061
41883	234,64844	-141	-141,12968	-0,36652684	-0,051879257	-0,052805554	-0,057452608
41883	235,14844	-141	-141,01498	-0,36669075	-0,051844776	-0,052805919	-0,057438295
41883	235,64844	-141	-140,97519	-0,36776662	-0,05190298	-0,052786957	-0,057463404
41883	236,14844	-141	-141,04285	-0,36741495	-0,051920176	-0,052790295	-0,057514563
41883	236,64844	-141	-140,98947	-0,3677994	-0,051913738	-0,052981783	-0,057514653
41883	237,14844	-141	-140,95341	-0,36686957	-0,052011728	-0,052862007	-0,05757203
41883	237,64844	-141	-141,02333	-0,36822557	-0,052059084	-0,053064689	-0,057582144
41883	238,14844	-141	-140,98923	-0,3675282	-0,052069038	-0,052934125	-0,057588737
41883	238,64844	-141	-140,92799	-0,36709905	-0,052058727	-0,053076681	-0,057646085
41883	239,14844	-141	-141,00812	-0,36756098	-0,052129924	-0,053141568	-0,057685923
41883	239,64844	-141	-140,98409	-0,36827922	-0,05216369	-0,053108796	-0,057723105
41883	240,14844	-141	-140,95531	-0,36760271	-0,052129328	-0,053122733	-0,057737943
41883	240,64844	-141	-141,01808	-0,36732554	-0,052234411	-0,053158429	-0,057759687
41883	241,14844	-141	-141,02335	-0,36852062	-0,052206397	-0,053156629	-0,057846699
41883	241,64844	-141	-140,94476	-0,36843717	-0,05227977	-0,053183377	-0,057892356
41883	242,14844	-141	-141,01042	-0,36990345	-0,052364141	-0,05318417	-0,057942212
41883	242,64844	-141	-141,02736	-0,36803186	-0,052281469	-0,053268109	-0,057938825
41883	243,14844	-141	-140,96246	-0,36888421	-0,052306682	-0,053211384	-0,057930671
41883	243,64844	-141	-141,01535	-0,36861002	-0,05239889	-0,053259302	-0,058024932
41883	244,14844	-141	-141,05937	-0,3685385	-0,052460968	-0,053392183	-0,058041859
41883	244,64844	-141	-140,95575	-0,36865771	-0,052364081	-0,053234559	-0,057982191
41883	245,14844	-141	-140,99915	-0,36892295	-0,052444249	-0,053397439	-0,05800496
41883	245,64844	-141	-141,02133	-0,36992431	-0,052474618	-0,053316634	-0,058025088
41883	246,14844	-141	-140,94165	-0,3693223	-0,052487671	-0,053395718	-0,058020838
41883	246,64844	-141	-140,97098	-0,37016273	-0,052564532	-0,05333405	-0,058008049
41883	247,14844	-141	-141,00737	-0,36922395	-0,052481413	-0,05340324	-0,058032826
41883	247,64844	-141	-140,93828	-0,36919713	-0,052428097	-0,0533562	-0,058059189
41883	248,14844	-141	-140,93526	-0,36915541	-0,052514762	-0,053406343	-0,058106139
41883	248,64844	-141	-141,00856	-0,37024021	-0,052595079	-0,053514872	-0,058114
41883	249,14844	-141	-140,93933	-0,36936402	-0,052530289	-0,053430293	-0,058096908
41883	249,64844	-141	-140,95638	-0,36872923	-0,052576572	-0,053565774	-0,058101043
41883	250,14844	-141	-141,01018	-0,36955774	-0,052604705	-0,053525686	-0,058158349
41883	250,64844	-141	-140,95865	-0,36963224	-0,052629858	-0,053493492	-0,058176819
41883	251,14844	-141	-140,94173	-0,3703475	-0,052639633	-0,053485107	-0,058162306
41883	251,64844	-141	-141,03511	-0,37106872	-0,052719921	-0,053551693	-0,058198888
41883	252,14844	-141	-140,97305	-0,37028193	-0,052603483	-0,053659476	-0,058275606
41883	252,64844	-141	-140,9626	-0,36959648	-0,052693009	-0,053547695	-0,058283646
41883	253,14844	-141	-141,02826	-0,36981404	-0,052736729	-0,053493511	-0,058316126
41883	253,64844	-141	-140,9767	-0,3710568	-0,052740514	-0,053676758	-0,058344483
41883	254,14844	-141	-140,98628	-0,37084818	-0,052702725	-0,0535472	-0,058334552
41883	254,64844	-141	-141,02687	-0,36964118	-0,052783787	-0,0536515	-0,05836096
41883	255,14844	-141	-141,00838	-0,36912858	-0,052757472	-0,053702742	-0,058355536
41883	255,64844	-141	-140,99718	-0,37026405	-0,052801698	-0,053651065	-0,058408637
41883	256,14844	-141	-141,07056	-0,37045181	-0,052853644	-0,05374812	-0,058466848
41883	256,64844	-141	-141,0368	-0,37063658	-0,052811384	-0,053737849	-0,058464814
41883	257,14844	-141	-140,99947	-0,36994219	-0,052836388	-0,05371476	-0,058429893
41883	257,64844	-141	-141,07451	-0,37077665	-0,052931637	-0,053690009	-0,058440894
41883	258,14844	-141	-141,0217	-0,37035644	-0,052882761	-0,053759385	-0,058473378
41883	258,64844	-141	-140,96701	-0,37027597	-0,05287388	-0,053760193	-0,058446396
41883	259,14844	-141	-141,0482	-0,37104785	-0,052902937	-0,053737152	-0,058439616
41883	259,64844	-141	-141,0183	-0,37076771	-0,052871257	-0,053751137	-0,05847083
41883	260,14844	-141	-140,9485	-0,37035048	-0,052917957	-0,053679861	-0,05843493
41883	260,64844	-141	-141,01006	-0,37136376	-0,052941293	-0,053884473	-0,058479797
41883	261,14844	-141	-141,00296	-0,37116706	-0,052959979	-0,053759079	-0,058500398
41883	261,64844	-141	-140,92993	-0,37158132	-0,052967817	-0,053839449	-0,058476776
41883	262,14844	-141	-141,10197	-0,37148595	-0,052988172	-0,053921368	-0,058552716
41883	262,64844	-141	-140,99197	-0,37139654	-0,052968621	-0,053877383	-0,058505248
41883	263,14844	-141	-140,9502	-0,37073493	-0,052951843	-0,053902496	-0,058577728
41883	263,64844	-138,85156	-138,84529	-0,36730766	-0,052302867	-0,053309754	-0,057846047
41883	264,14844	-136,35156	-136,34601	-0,3634721	-0,051542044	-0,052425977	-0,057048991
41883	264,64844	-133,85156	-133,76508	-0,3585875	-0,05082804	-0,051641684	-0,056082822
41883	265,14844	-131,35156	-131,27821	-0,35431385	-0,050009489	-0,050875064	-0,055281889
41883	265,64844	-128,85156	-128,81306	-0,34858584	-0,04929322	-0,050161052	-0,054473143
41883	266,14844	-126,35156	-126,24123	-0,34511089	-0,04849425	-0,04932984	-0,05351093
41883	266,64844	-123,85156	-123,74321	-0,34009218	-0,047694415	-0,048536811	-0,052613202
41883	267,14844	-121,35156	-121,33438	-0,33593774	-0,046880186	-0,047724359	-0,051734127
41883	267,64844	-118,85156	-118,76883	-0,3321141	-0,046033919	-0,046901572	-0,050888062
41883	268,14844	-116,35156	-116,34633	-0,32646954	-0,045185387	-0,046054423	-0,050009932
41883	268,64844	-113,85156	-113,88549	-0,32188296	-0,044509381	-0,045266148	-0,049122743
41883	269,14844	-111,35156	-111,29334	-0,31712055	-0,043666691	-0,044416543	-0,048228785
41883	269,64844	-108,85156	-108,78829	-0,31218231	-0,042801142	-0,043621253	-0,047363229
41883	270,14844	-106,35156	-106,33024	-0,3084451	-0,04201597	-0,042848911	-0,04640983
41883	270,64844	-103,85156	-103,80608	-0,30353367	-0,041103572	-0,041980267	-0,04547514
41883	271,14844	-101,35156	-101,28593	-0,29822886	-0,040338099	-0,041162722	-0,044505879
41883	271,64844	-98,851563	-98,814964	-0,2930373	-0,039499938	-0,040277291	-0,043576095
41883	272,14844	-96,351563	-96,296234	-0,28843582	-0,038640887	-0,039497841	-0,042613119
41883	272,64844	-93,851563	-93,770409	-0,28336644	-0,037777185	-0,038597133	-0,041702621
41883	273,14844	-91,351563	-91,320374	-0,27780533	-0,036970884	-0,037927903	-0,040774863
41883	273,64844	-88,851563	-88,760551	-0,27261972	-0,036151499	-0,03694493	-0,039798934
41883	274,14844	-86,351563	-86,242188	-0,26761889	-0,035301894	-0,036135979	-0,0388854
41883	274,64844	-83,851563	-83,814392	-0,26275814	-0,034447223	-0,035415858	-0,03795018
41883	275,14844	-81,351563	-81,205017	-0,25689006	-0,033533067	-0,034477826	-0,036949817
41883	275,64844	-78,851563	-78,69384	-0,25218725	-0,032680511	-0,033695035	-0,035992905
41883	276,14844	-76,351563	-76,318115	-0,24643242	-0,031872958	-0,032768086	-0,035050534
41883	276,64844	-73,851563	-73,771263	-0,24122596	-0,030934542	-0,031952005	-0,034097992
41883	277,14844	-71,351563	-71,250771	-0,23535192	-0,030052155	-0,031218491	-0,033080526
41883	277,64844	-68,851563	-68,807549	-0,23110807	-0,029203206	-0,030360892	-0,032086797
41883	278,14844	-66,351563	-66,27906	-0,2241075	-0,028277308	-0,029532703	-0,031112421
41883	278,64844	-63,851563	-63,79557	-0,2189368	-0,027427793	-0,028683508	-0,030182285
41883	279,14844	-61,351563	-61,356579	-0,21334589	-0,02648741	-0,02785942	-0,029249841
41883	279,64844	-58,851563	-58,838764	-0,20721853	-0,025559247	-0,02697549	-0,028226577
41883	280,14844	-56,351563	-56,271465	-0,20145774	-0,024641275	-0,026027134	-0,027166197
41883	280,64844	-53,851563	-53,873459	-0,19496083	-0,023681551	-0,02531142	-0,026216932
41883	281,14844	-51,351563	-51,296062	-0,18915236	-0,022744924	-0,024279304	-0,025137827
41883	281,64844	-48,851563	-48,744343	-0,18254519	-0,021825045	-0,023452023	-0,024158258
41883	282,14844	-46,351563	-46,284573	-0,17629862	-0,020944625	-0,022621	-0,023077607
41883	282,64844	-43,851563	-43,746094	-0,1701057	-0,019963294	-0,021545185	-0,02205055
41883	283,14844	-41,351563	-41,205143	-0,16340315	-0,019031465	-0,020706432	-0,021015204
41883	283,64844	-38,851563	-38,812428	-0,15654862	-0,018026084	-0,019891841	-0,020020831
41883	284,14844	-36,351563	-36,268837	-0,15103221	-0,017004907	-0,018955972	-0,018957466
41883	284,64844	-33,851563	-33,719723	-0,14341474	-0,016152799	-0,01797555	-0,017877191
41883	285,14844	-31,351563	-31,297804	-0,1378864	-0,015235543	-0,017090024	-0,016846044
41883	285,64844	-28,851563	-28,761095	-0,12978911	-0,01425761	-0,016200211	-0,015839808
41883	286,14844	-26,351563	-26,251404	-0,12319982	-0,013271749	-0,015183927	-0,014793946
41883	286,64844	-23,851563	-23,800829	-0,11607111	-0,012342602	-0,014223662	-0,013789847
41883	287,14844	-21,351563	-21,282995	-0,10918975	-0,011467725	-0,01324754	-0,012714833
41883	287,64844	-18,851563	-18,741877	-0,099980831	-0,010396391	-0,012294981	-0,011618307
41883	288,14844	-16,351563	-16,305216	-0,092071295	-0,0095765293	-0,011427176	-0,010637561
41883	288,64844	-13,851563	-13,797314	-0,08417964	-0,0084997118	-0,010218726	-0,0096141538
41883	289,14844	-11,351563	-11,285636	-0,076287985	-0,0075888038	-0,0092067188	-0,0085484125
41883	289,64844	-8,8515625	-8,7969694	-0,065377355	-0,0065320134	-0,0081761125	-0,0075120972
41883	290,14844	-6,3515625	-6,3261652	-0,055828691	-0,0056017637	-0,007071835	-0,0065858318
41883	290,64844	-3,8515625	-3,779633	-0,040876865	-0,0045923889	-0,0060131187	-0,0056733964
41883	291,14844	-1,3515625	-2,0998139	-0,031784177	-0,0038954318	-0,0050159278	-0,0049699331
41883	291,64844	-1	-0,93704647	-0,022104383	-0,0035170019	-0,0044246558	-0,0044960706
41883	292,14844	-1	-0,88449192	-0,020292401	-0,0033740401	-0,0042392267	-0,0043142205
41883	292,64844	-1	-0,93873215	-0,021025538	-0,00338462	-0,0042752768	-0,0042885346
41883	293,14844	-1	-0,93593264	-0,020876527	-0,003321588	-0,0042120279	-0,0042502377
41883	293,64844	-1	-0,90328228	-0,018912554	-0,0033655167	-0,0041622911	-0,0041966299
41883	294,14844	-1	-0,95820427	-0,019657612	-0,0033357143	-0,0041486174	-0,0042352937
41883	294,64844	-1	-0,95225501	-0,019806623	-0,0032759011	-0,0040898458	-0,0041323025
41883	295,14844	-1	-0,94478202	-0,020185113	-0,0032347739	-0,0040116291	-0,0041177627
41883	295,64844	-1	-0,97622722	-0,020670891	-0,0031703711	-0,0040904162	-0,0040702941
41883	296,14844	-1	-1,0004137	-0,019359589	-0,0032838285	-0,0040550935	-0,004063094
41883	296,64844	-1	-0,9476766	-0,019946694	-0,0031675398	-0,0039537312	-0,0040635262
41883	297,14844	-1	-0,99375284	-0,019204617	-0,0032071173	-0,0040417765	-0,0040514562
41883	297,64844	-1	-1,0145624	-0,019678473	-0,0032193065	-0,003943359	-0,0040129442
41883	298,14844	-1	-0,96352214	-0,019624829	-0,0031808615	-0,0041022459	-0,0040389737
41883	298,64844	-1	-1,002727	-0,020137429	-0,0031792223	-0,0039608777	-0,0040146606
41883	299,14844	-1	-1,0197461	-0,019520521	-0,0031358898	-0,003960331	-0,0040098326
41883	299,64844	-1	-0,96252745	-0,019386411	-0,003105253	-0,0038652266	-0,0038751289
41883	300,14844	-1	-1,0111183	-0,019153953	-0,0031329989	-0,0039680353	-0,0039049294
41883	300,64844	-1	-1,0220968	-0,019496679	-0,0031386316	-0,0039572488	-0,0039413553
41883	301,14844	-1	-0,9887237	-0,01937747	-0,0030986667	-0,003902141	-0,00385872
41883	301,64844	-1	-0,99779481	-0,019088387	-0,0030589402	-0,0038765317	-0,003883346
41883	302,14844	-1	-1,027735	-0,019431114	-0,0031086802	-0,0039011501	-0,0039098896
41883	302,64844	-1	-1,0070931	-0,020071864	-0,0029746592	-0,0038631519	-0,0038502403
41883	303,14844	-1	-1,0118763	-0,019317865	-0,0030816495	-0,003978671	-0,0038562203
41883	303,64844	-1	-1,0439585	-0,018918514	-0,0030598044	-0,0038642711	-0,0038560545
41883	304,14844	-1	-1,0017306	-0,018551946	-0,0030609965	-0,0038869875	-0,0038379431
41883	304,64844	-1	-1,0018088	-0,018042326	-0,0030272901	-0,003799801	-0,0038186312
41883	305,14844	-1	-1,0400732	-0,019273162	-0,0030300021	-0,0039148275	-0,0038129315
41883	305,64844	-1	-0,99034423	-0,019079447	-0,0029631853	-0,0038621107	-0,0037558647
41883	306,14844	-1	-0,97461045	-0,01860261	-0,0029826164	-0,0038344825	-0,0037694788
41883	306,64844	-1	-1,0262747	-0,018486381	-0,0029881895	-0,0037635595	-0,0037455857
41883	307,14844	-1	-0,97590315	-0,019052625	-0,0030069649	-0,0036992456	-0,0036896225
41883	307,64844	-1	-0,94621813	-0,020182133	-0,002976656	-0,0037472774	-0,0037365481
41883	308,14844	-1	-0,99404341	-0,018292665	-0,0029975772	-0,0039465493	-0,0036822455
41883	308,64844	-1	-0,96901691	-0,018447638	-0,0029652119	-0,0036994019	-0,0037407987
41883	309,14844	-1	-0,95850974	-0,018265843	-0,0029025972	-0,0038240289	-0,0036645448
41883	309,64844	-1	-1,0216758	-0,019344687	-0,0030200183	-0,0037050869	-0,0036971886
41883	310,14844	-1	-0,990035	-0,018033385	-0,0029985309	-0,0038505527	-0,0037198989
41883	310,64844	-1	-0,9522438	-0,017631054	-0,0029115975	-0,0037824721	-0,0036611231
41883	311,14844	-1	-1,0229815	-0,018462539	-0,0028893054	-0,0037642177	-0,0037038364
41883	311,64844	-1	-0,98828226	-0,0197649	-0,0029786825	-0,0038232089	-0,0037160544
41883	312,14844	-1	-0,95889717	-0,018265843	-0,0028891563	-0,0037616594	-0,0036696075
41883	312,64844	-1	-1,0207574	-0,018897653	-0,0030357242	-0,003798929	-0,0036821878
41883	313,14844	-1	-1,015775	-0,019285083	-0,0029260218	-0,0037151559	-0,0036996603
41883	313,64844	-1	-0,98404849	-0,018742681	-0,0028727353	-0,0036841608	-0,0037444104
41883	314,14844	-1	-1,0413435	-0,018972158	-0,0029079914	-0,0036983867	-0,0036793286
41883	314,64844	-1	-1,0299497	-0,018253922	-0,0028959811	-0,0036937909	-0,0037029255
41883	315,14844	-1	-0,97613406	-0,018751621	-0,002905786	-0,0036720543	-0,0036957348
41883	315,64844	-1	-1,0256879	-0,018143654	-0,0028759241	-0,0036405611	-0,0036672428
41883	316,14844	-1	-1,0111295	-0,020110607	-0,0028886795	-0,0036042267	-0,0036138715
41883	316,64844	-1	-0,96011162	-0,019541383	-0,0028310716	-0,0036858339	-0,0035908315
41883	317,14844	-1	-1,008505	-0,018632412	-0,0029279888	-0,003615675	-0,0036442615
41883	317,64844	-1	-1,0115262	-0,019231439	-0,0028733015	-0,0037062136	-0,0036090603
41883	318,14844	-1	-0,965029	-0,018438697	-0,0028369427	-0,0036659527	-0,0036168788
41883	318,64844	-1	-1,0040383	-0,018334389	-0,0028865933	-0,0036549431	-0,0035906387
41883	319,14844	-1	-1,0298826	-0,018364191	-0,0028544962	-0,0036213454	-0,0035940008
41883	319,64844	-1	-0,97479486	-0,017979741	-0,0028067529	-0,0036099826	-0,0036028707
41883	320,14844	-1	-1,0077022	-0,018587708	-0,0028023422	-0,0037438381	-0,0036522988
41883	320,64844	-1	-1,0538548	-0,019085407	-0,0028637648	-0,0036471942	-0,0036774389
41883	321,14844	-1	-1,000464	-0,019475818	-0,0028638542	-0,0035373545	-0,0036658728
41883	321,64844	-1	-0,99576825	-0,017407537	-0,0028549731	-0,0035961396	-0,0036336314
41883	322,14844	-1	-1,0677874	-0,018432736	-0,0028755963	-0,0036086587	-0,0035968125
41883	322,64844	-1	-0,99324059	-0,01783669	-0,0028306246	-0,0036114587	-0,0035888609
41883	323,14844	-1	-1,0247585	-0,019091368	-0,0028770268	-0,0036603308	-0,0035715448
41883	323,64844	-1	-1,0324624	-0,018134713	-0,0028752685	-0,0035381615	-0,0035725739
41883	324,14844	-1	-0,99382734	-0,017374754	-0,0028634071	-0,0035546145	-0,0035989489
41883	324,64844	-1	-0,97164512	-0,01719296	-0,0028286278	-0,0035425639	-0,0034995209
41883	325,14844	-1	-1,0309405	-0,018969178	-0,0028447807	-0,0035719192	-0,0035436144
41883	325,64844	-1	-0,97755343	-0,017547607	-0,0028111041	-0,0036104473	-0,003481457
41883	326,14844	-1	-0,96304715	-0,018179417	-0,0028254092	-0,0035525509	-0,0034920294
41883	326,64844	-1	-1,0183454	-0,018644333	-0,0028859079	-0,0036115923	-0,003514654
41883	327,14844	-1	-0,96661413	-0,017896295	-0,0027633309	-0,0035207118	-0,0034698099
41883	327,64844	-1	-0,96295959	-0,018107891	-0,0028458536	-0,0035324837	-0,0034540882
41883	328,14844	-1	-1,0318682	-0,018072128	-0,0028328001	-0,0036671946	-0,0034909714
41883	328,64844	-1	-0,95110387	-0,017768145	-0,002866894	-0,0034716204	-0,0034542186
41883	329,14844	-1	-0,97001529	-0,017860532	-0,0028048158	-0,0036078445	-0,0035106745
41883	329,64844	-1	-1,0417309	-0,018239021	-0,0028467774	-0,0035513537	-0,0035359366
41883	330,14844	-1	-1,0100137	-0,017231703	-0,002789855	-0,0035906031	-0,0035391217
41883	330,64844	-1	-0,98098069	-0,017127395	-0,0027721822	-0,0035322383	-0,0035401611
41883	331,14844	-1	-1,0291543	-0,018519163	-0,0027835667	-0,0035726554	-0,0034773899
41883	331,64844	-1	-1,0035355	-0,017979741	-0,002807647	-0,0036125518	-0,0035337415
41883	332,14844	-1	-0,98756701	-0,018405914	-0,0028221309	-0,0034828493	-0,003472684
41883	332,64844	-1	-1,0360777	-0,01924634	-0,0028060973	-0,0035395706	-0,0035062209
41883	333,14844	-1	-1,0310709	-0,01732111	-0,002748996	-0,0035413294	-0,0035321834
41883	333,64844	-1	-1,0349975	-0,017654896	-0,0027459264	-0,0035217642	-0,003512322
41883	334,14844	-1	-1,0712836	-0,018566847	-0,0027947128	-0,003559608	-0,0035248557
41883	334,64844	-1	-1,0391511	-0,017267466	-0,0027807951	-0,0034789341	-0,0035031475
41883	335,14844	-1	-0,97740257	-0,016340613	-0,0027409792	-0,0035523055	-0,003470934
41883	335,64844	-1	-1,0027196	-0,01885891	-0,0027469695	-0,0035109441	-0,0034955265
41883	336,14844	-1	-1,000151	-0,018453598	-0,0027455389	-0,0035414	-0,0034675123
41883	336,64844	-1	-0,94969571	-0,017595291	-0,0027853847	-0,0035665908	-0,0034107305
41883	337,14844	-1	-1,0007452	-0,01847446	-0,0027711093	-0,0035053408	-0,0034596622
41883	337,64844	-1	-1,0229666	-0,017869473	-0,0027590096	-0,0035568753	-0,0034644948
41883	338,14844	-1	-0,96692145	-0,01860261	-0,0027675033	-0,0034242615	-0,0034529204
41883	338,64844	-1	-1,0002944	-0,017338991	-0,0027081072	-0,0034387403	-0,0035154596
41883	339,14844	-1	-1,0290612	-0,017887354	-0,0027521551	-0,0035189197	-0,0034753643
41883	339,64844	-1	-0,97308123	-0,01821816	-0,0027473867	-0,0034804214	-0,0035017189
41883	340,14844	-1	-0,99818593	-0,017568469	-0,0027816892	-0,0034871513	-0,0035031047
41883	340,64844	-1	-1,0425839	-0,018268824	-0,0027748048	-0,0033974161	-0,0034935912
41883	341,14844	-1	-0,99648905	-0,018155575	-0,0027428269	-0,0034698246	-0,0034768507
41883	341,64844	-1	-1,0031257	-0,018694997	-0,0027436316	-0,0035474943	-0,003492929
41883	342,14844	-1	-1,0340438	-0,017783046	-0,0027432144	-0,0034916019	-0,0034691142
41883	342,64844	-1	-1,011163	-0,018128753	-0,0027369559	-0,0035354546	-0,0035023894
41883	343,14844	-1	-1,0147151	-0,016760826	-0,0027772784	-0,0034586848	-0,003502599
41883	343,64844	-1	-1,0477304	-0,017291307	-0,0027087629	-0,0034965174	-0,0034361714
41883	344,14844	-1	-0,98086524	-0,017404556	-0,0027517676	-0,0034999531	-0,0033848463
41883	344,64844	-1	-0,97209215	-0,017687678	-0,002684027	-0,0033830227	-0,0034376327
41883	345,14844	-1	-1,0282639	-0,017923117	-0,0026237667	-0,0034235923	-0,0034249919
41883	345,64844	-1	-0,96851957	-0,018075109	-0,0026936829	-0,0033901096	-0,0033940431
41883	346,14844	-1	-0,9784922	-0,017505884	-0,0027283132	-0,0034880028	-0,0034171138
41883	346,64844	-1	-1,0419395	-0,017672777	-0,0027396381	-0,0035249544	-0,0034611486
41883	347,14844	-1	-1,0035504	-0,017473102	-0,0027031004	-0,0035530753	-0,0034480356
41883	347,64844	-1	-0,98886341	-0,017303228	-0,0027342439	-0,0035370125	-0,0034625297
41883	348,14844	-1	-1,0746886	-0,017288327	-0,0027227402	-0,0034722078	-0,0034786249
41883	348,64844	-1	-1,0203328	-0,016611814	-0,0027728677	-0,0035044039	-0,0034585297
41883	349,14844	-1	-0,99715406	-0,017294288	-0,0026834309	-0,0033550507	-0,0034297183
41883	349,64844	-1	-1,011746	-0,016522408	-0,0027287006	-0,0034860359	-0,0033407575
41883	350,14844	-1	-0,9714011	-0,017881393	-0,0026523471	-0,003421945	-0,0033673253
41883	350,64844	-1	-0,97119808	-0,0174582	-0,0026822984	-0,0034626334	-0,0033543399
41883	351,14844	-1	-1,0336413	-0,016635656	-0,0027379096	-0,0035373471	-0,0034519341
41883	351,64844	-1	-0,98206472	-0,017258525	-0,0026078522	-0,0034391528	-0,0033831028
41883	352,14844	-1	-0,96984577	-0,016734004	-0,002573669	-0,003480678	-0,0033917958
41883	352,64844	-1	-1,0256655	-0,017353892	-0,00273785	-0,0034441687	-0,0033921255
41883	353,14844	-1	-1,0017939	-0,017666817	-0,0027419031	-0,0033735675	-0,0034121601
41883	353,64844	-1	-0,98130852	-0,017240644	-0,0027265847	-0,0034467529	-0,0033902684
41883	354,14844	-1	-1,0240916	-0,017976761	-0,0027413964	-0,0034008108	-0,003438958
41883	354,64844	-1	-1,0022335	-0,017508864	-0,0026993752	-0,0034486789	-0,0033949753
41883	355,14844	-1	-0,97799861	-0,017422438	-0,0027146637	-0,0034716947	-0,0034497352
41883	355,64844	-1	-1,0419562	-0,017270446	-0,0027407408	-0,0034441056	-0,0034294818
41883	356,14844	-1	-1,056837	-0,016188622	-0,0027402043	-0,0033947686	-0,0034468733
41883	356,64844	-1	-0,98340958	-0,016161799	-0,0026930273	-0,0034462139	-0,0033775391
41883	357,14844	-1	-1,0298361	-0,017380714	-0,0027109683	-0,0034093515	-0,0034244256
41883	357,64844	-1	-1,0155793	-0,01732111	-0,002679497	-0,0035122901	-0,0033808975
41883	358,14844	-1	-0,9605009	-0,01758039	-0,0026941001	-0,0034384539	-0,0033896845
41883	358,64844	-1	-1,0040979	-0,016105175	-0,0027174056	-0,003476718	-0,0033693099
41883	359,14844	-1	-0,99900365	-0,016751885	-0,0026928484	-0,0033952259	-0,0033552581
41883	359,64844	-1	-0,96267092	-0,017344952	-0,0026733875	-0,0033832088	-0,0033912603
41883	360,14844	-1	-0,98709202	-0,01707077	-0,0027011335	-0,0035286762	-0,0033412045
41883	360,64844	-1	-0,98832697	-0,016766787	-0,0026807189	-0,0034472325	-0,0033487761
41883	361,14844	-1	-0,9573195	-0,017184019	-0,0026742518	-0,0033308601	-0,0033447081
41883	361,64844	-1	-0,9990111	-0,015759468	-0,0026898086	-0,0033816211	-0,0033683358
41883	362,14844	-1	-1,0400881	-0,016626716	-0,0027281046	-0,0034662811	-0,0034150872
41883	362,64844	-1	-0,97038037	-0,017502904	-0,0026745498	-0,0035067613	-0,0033609206
41883	363,14844	-1	-0,98541194	-0,016847253	-0,0027322769	-0,0034349179	-0,0033551212
41883	363,64844	-1	-1,0561664	-0,016698241	-0,0026860237	-0,0034453252	-0,0034155324
41883	364,14844	-1	-0,99288672	-0,016328692	-0,0026665628	-0,0033803307	-0,0033915639
41883	364,64844	-1	-1,0414236	-0,017368793	-0,0027110279	-0,0034103144	-0,0034880135
41883	365,14844	-1	-1,0499395	-0,017344952	-0,0027035773	-0,0034284184	-0,0033957707
41883	365,64844	-1	-0,97512454	-0,016361475	-0,0026561618	-0,0033538013	-0,0033503361
41883	366,14844	-1	-1,000369	-0,017297268	-0,0025878847	-0,0034563534	-0,0033292565
41883	366,64844	-1	-1,0333787	-0,016009808	-0,0027148724	-0,0034182677	-0,0033049639
41883	367,14844	-1	-1,0038763	-0,017130375	-0,0026748776	-0,0033835843	-0,0033455156
41883	367,64844	-1	-0,98738074	-0,017234683	-0,0026627779	-0,0034438788	-0,003321996
41883	368,14844	-1	-1,0302216	-0,017017126	-0,0027122498	-0,0033770252	-0,0033749789
41883	368,64844	-1	-1,0101665	-0,017395616	-0,0026771724	-0,0035395038	-0,0033470849
41883	369,14844	-1	-1,0178648	-0,016689301	-0,0027074814	-0,0034455035	-0,0033952724
41883	369,64844	-1	-1,0609646	-0,016796589	-0,0026692748	-0,0034351335	-0,0033820877
41883	370,14844	-1	-1,0080411	-0,016775727	-0,0026581287	-0,0034943535	-0,0033818716
41883	370,64844	-1	-0,98767316	-0,016689301	-0,0026421249	-0,0032880597	-0,0033072587
41883	371,14844	-1	-1,0070913	-0,01527369	-0,0027030706	-0,0034409452	-0,0032898961
41883	371,64844	-1	-0,99725091	-0,017008185	-0,0026448667	-0,0033976615	-0,0032900749
41883	372,14844	-1	-0,9367857	-0,015425682	-0,0027013123	-0,0033783489	-0,0032763956
41883	372,64844	-1	-1,0332484	-0,016576052	-0,0025993586	-0,0035321603	-0,003332519
41883	373,14844	-1	-0,99070185	-0,017386675	-0,0026809275	-0,0033720913	-0,0033119936
41883	373,64844	-1	-0,98962897	-0,016829371	-0,0026741922	-0,00342444	-0,0033151386
41883	374,14844	-1	-1,0379832	-0,017017126	-0,0027061403	-0,0033921548	-0,0033095954
41883	374,64844	-1	-1,0256562	-0,01578629	-0,0026879609	-0,0033733591	-0,0033699637
41883	375,14844	-1	-1,0108296	-0,017359853	-0,0026618838	-0,0034050941	-0,0033881431
41883	375,64844	-1	-1,0530502	-0,017026067	-0,0027161837	-0,0034476081	-0,0033682436
41883	376,14844	-1	-1,0413826	-0,016200542	-0,0026592016	-0,0034465336	-0,0034016874
41883	376,64844	-1	-0,99159032	-0,017482042	-0,0026307404	-0,0034178884	-0,0033137277
41883	377,14844	-1	-1,0416452	-0,01603663	-0,0027285218	-0,0034869877	-0,0033067018
41883	377,64844	-1	-1,0287781	-0,016343594	-0,0025992692	-0,0034381156	-0,0033617383
41883	378,14844	-1	-0,9843502	-0,016385317	-0,0026829541	-0,003382558	-0,003311038
41883	378,64844	-1	-1,0323263	-0,016930699	-0,0026310384	-0,0034225846	-0,0032771053
41883	379,14844	-1	-1,0019038	-0,017902255	-0,002692014	-0,0033725635	-0,0032549566
41883	379,64844	-1	-0,9777993	-0,016152859	-0,0025891662	-0,0034276375	-0,003261541
41883	380,14844	-1	-1,0102298	-0,015971065	-0,0026527345	-0,0033112464	-0,0032099672
41883	380,64844	-1	-1,0120608	-0,016501546	-0,0026718974	-0,0033983418	-0,0033305269
41883	381,14844	-1	-0,97006929	-0,016817451	-0,0026239753	-0,0033931921	-0,003240766
41883	381,64844	-1	-1,0021236	-0,016883016	-0,0026772022	-0,0033671609	-0,003248008
41883	382,14844	-1	-1,0132771	-0,016483665	-0,0025995374	-0,0034260796	-0,0032730354
41883	382,64844	-1	-0,961734	-0,016447902	-0,0026105642	-0,0033456213	-0,0032631392
41883	383,14844	-1	-1,000518	-0,016355515	-0,002738595	-0,0033858004	-0,0032559168
41883	383,64844	-1	-1,0432359	-0,017014146	-0,0025491416	-0,0034379705	-0,0033015553
41883	384,14844	-1	-0,96882319	-0,016662478	-0,0026582181	-0,0034105785	-0,0032872837
41883	384,64844	-1	-1,0121353	-0,015717745	-0,0026365817	-0,0034538212	-0,0032822238
41883	385,14844	-1	-1,029916	-0,016584992	-0,0027171075	-0,0033653539	-0,0032827584
41883	385,64844	-1	-0,99385905	-0,016829371	-0,002558589	-0,0034190598	-0,003326931
41883	386,14844	-1	-1,0058135	-0,017374754	-0,0026462376	-0,0034129841	-0,0032853493
41883	386,64844	0	0,70656276	0,63249469	-0,0025360286	-0,0024176484	-0,0025189202

Datenerfassung						Zeit:	387,08496	s	01.09.2014 14:36:18
Ch 1 Kraft	Ch 1 W2TK Mittel	1944 A	1944 B	1281068
kN	mm	mm	mm	mm
0,80210155	0,00016491699	0,00038999418	0,00015419722	0,007461234
-142,12914	-8,7587978e-07	-0,00046993123	-0,19089201	-0,054022945
