MTS793|MPT|DEU|1|2|,|.|:|49|1|1|A

Bediener Information			Würfeldruckfestigkeit (150mm)			Zeit:	14,918945	s	27.02.2024 10:18:48
Datum	27.02.2024
Prüfer: 	Be, Mac
Probe	20240220_7188_M02_W02
Protokoll Seite	-
Breite [mm]:	150
Höhe [mm]:	150
Länge Einfüllseite [mm]:	151
Masse [g]:	7939
Bediener Information Ende

Datenerfassung						Zeit:	152,07422	s	27.02.2024 10:21:06
Ch 1 Weg	Ch 1 Prüfkraft
mm	kN
4,9051666	2,8874366
-1,0255679	-1244,7476

Datenerfassung						Zeit:	152,08008	s	27.02.2024 10:21:06
Datum	Tageszeit	Laufzeit	Ch 1 Weg	Ch 1 Prüfkraft
d	d	s	mm	kN
45349	0,41225439	39,779297	-0,0023005165	-16,201099
45349	0,41225672	39,979492	-0,0049919118	-18,226614
45349	0,41225901	40,179688	-0,0077907247	-20,712725
45349	0,41226134	40,379883	-0,010258335	-22,617689
45349	0,41226366	40,580078	-0,012693122	-24,820974
45349	0,41226599	40,780273	-0,017082306	-27,013084
45349	0,41226828	40,980469	-0,018484695	-29,239616
45349	0,41227061	41,180664	-0,021292459	-31,430683
45349	0,41227293	41,380859	-0,022850007	-33,973717
45349	0,41227525	41,581055	-0,025577208	-36,438663
45349	0,41227755	41,78125	-0,027868774	-38,75341
45349	0,41227987	41,981445	-0,031004757	-41,28318
45349	0,4122822	42,181641	-0,03236239	-43,695827
45349	0,41228452	42,381836	-0,034880724	-46,378334
45349	0,41228682	42,582031	-0,038025659	-48,617233
45349	0,41228914	42,782227	-0,038983461	-51,431618
45349	0,41229147	42,982422	-0,042817656	-53,746216
45349	0,41229379	43,182617	-0,044461735	-56,259296
45349	0,41229609	43,382813	-0,046472821	-58,320572
45349	0,41229841	43,583008	-0,047731988	-60,684196
45349	0,41230074	43,783203	-0,051360302	-62,981953
45349	0,41230306	43,983398	-0,053314693	-65,168999
45349	0,41230536	44,183594	-0,056018025	-67,511459
45349	0,41230768	44,383789	-0,058357332	-69,580338
45349	0,41231	44,583984	-0,060272936	-71,500648
45349	0,41231233	44,78418	-0,063755043	-73,57206
45349	0,41231462	44,984375	-0,06611225	-75,579102
45349	0,41231695	45,18457	-0,067818992	-77,729637
45349	0,41231927	45,384766	-0,07032539	-79,738014
45349	0,4123216	45,584961	-0,071563669	-81,897041
45349	0,41232389	45,785156	-0,073470324	-83,855949
45349	0,41232622	45,985352	-0,076081157	-86,231194
45349	0,41232854	46,185547	-0,07863231	-88,234955
45349	0,41233087	46,385742	-0,081714585	-90,709587
45349	0,41233316	46,585938	-0,083901718	-93,307907
45349	0,41233549	46,786133	-0,086739324	-95,758698
45349	0,41233781	46,986328	-0,087843329	-97,906998
45349	0,41234013	47,186523	-0,090045378	-99,879463
45349	0,41234243	47,386719	-0,092035584	-101,82511
45349	0,41234475	47,586914	-0,094786651	-104,2987
45349	0,41234708	47,787109	-0,096767902	-106,0709
45349	0,4123494	47,987305	-0,098450772	-108,34154
45349	0,4123517	48,1875	-0,10039323	-110,09242
45349	0,41235402	48,387695	-0,10243415	-112,35085
45349	0,41235635	48,587891	-0,10298914	-114,47024
45349	0,41235867	48,788086	-0,10529861	-116,09715
45349	0,41236097	48,988281	-0,1075305	-118,05068
45349	0,41236329	49,188477	-0,10931481	-120,5131
45349	0,41236562	49,388672	-0,11098277	-122,4817
45349	0,41236794	49,588867	-0,1116034	-124,83488
45349	0,41237023	49,789063	-0,11368013	-127,00345
45349	0,41237256	49,989258	-0,11627604	-129,2428
45349	0,41237488	50,189453	-0,11921509	-131,47365
45349	0,41237721	50,389648	-0,1191584	-133,85933
45349	0,4123795	50,589844	-0,12014604	-136,28792
45349	0,41238183	50,790039	-0,12265244	-138,77373
45349	0,41238415	50,990234	-0,12380121	-140,75275
45349	0,41238648	51,19043	-0,12584214	-143,21472
45349	0,41238877	51,390625	-0,12903182	-145,74808
45349	0,4123911	51,59082	-0,12935407	-148,11826
45349	0,41239342	51,791016	-0,13091461	-150,65488
45349	0,41239575	51,991211	-0,13295256	-152,72807
45349	0,41239804	52,191406	-0,13411921	-155,11852
45349	0,41240036	52,391602	-0,13562605	-157,54294
45349	0,41240269	52,591797	-0,13809963	-159,75606
45349	0,41240501	52,791992	-0,13976757	-161,69514
45349	0,41240731	52,992188	-0,14044788	-163,98918
45349	0,41240963	53,192383	-0,14229187	-166,29558
45349	0,41241196	53,392578	-0,1443686	-168,69348
45349	0,41241428	53,592773	-0,14535923	-170,98096
45349	0,41241658	53,792969	-0,14673178	-173,40836
45349	0,4124189	53,993164	-0,14865036	-175,77391
45349	0,41242123	54,193359	-0,14982599	-178,14603
45349	0,41242355	54,393555	-0,1503392	-180,89439
45349	0,41242585	54,59375	-0,15383324	-183,38423
45349	0,41242817	54,793945	-0,1532902	-185,74904
45349	0,4124305	54,994141	-0,154245	-188,17108
45349	0,41243282	55,194336	-0,15727358	-190,61665
45349	0,41243511	55,394531	-0,15726462	-192,75661
45349	0,41243744	55,594727	-0,16002764	-195,23557
45349	0,41243976	55,794922	-0,16030513	-197,67609
45349	0,41244206	55,995117	-0,16280854	-200,11034
45349	0,41244438	56,195313	-0,16289209	-202,19785
45349	0,41244671	56,395508	-0,16454512	-204,12024
45349	0,41244903	56,595703	-0,16597436	-206,01924
45349	0,41245133	56,795898	-0,16706644	-208,23236
45349	0,41245365	56,996094	-0,16866575	-210,3215
45349	0,41245598	57,196289	-0,1694863	-212,53969
45349	0,4124583	57,396484	-0,17042322	-214,5378
45349	0,4124606	57,59668	-0,17263123	-216,46391
45349	0,41246292	57,796875	-0,17218068	-218,70251
45349	0,41246524	57,99707	-0,1746453	-221,0639
45349	0,41246757	58,197266	-0,17542706	-223,2049
45349	0,41246986	58,397461	-0,17619391	-225,37048
45349	0,41247219	58,597656	-0,17839	-227,87239
45349	0,41247451	58,797852	-0,17981924	-230,16374
45349	0,41247684	58,998047	-0,17960142	-232,35243
45349	0,41247913	59,198242	-0,18101276	-234,39984
45349	0,41248146	59,398438	-0,18273143	-236,58748
45349	0,41248378	59,598633	-0,18451276	-238,43121
45349	0,41248611	59,798828	-0,18536614	-240,44316
45349	0,4124884	59,999023	-0,18743989	-242,64317
45349	0,41249073	60,199219	-0,18779793	-244,69595
45349	0,41249305	60,399414	-0,18894373	-246,63951
45349	0,41249537	60,599609	-0,19055796	-248,62465
45349	0,41249767	60,799805	-0,19214833	-250,56924
45349	0,41249999	61	-0,19256309	-252,63544
45349	0,41250232	61,200195	-0,19339557	-254,77867
45349	0,41250464	61,400391	-0,19446078	-257,1438
45349	0,41250694	61,600586	-0,19547826	-259,33231
45349	0,41250926	61,800781	-0,19848892	-261,55289
45349	0,41251159	62,000977	-0,19808014	-264,00339
45349	0,41251391	62,201172	-0,19984657	-266,40903
45349	0,41251621	62,401367	-0,2008163	-268,50876
45349	0,41251853	62,601563	-0,20237683	-270,83124
45349	0,41252086	62,801758	-0,2035435	-273,36221
45349	0,41252318	63,001953	-0,20377922	-275,98975
45349	0,41252548	63,202148	-0,20613942	-278,40567
45349	0,4125278	63,402344	-0,20633037	-280,75452
45349	0,41253012	63,602539	-0,20819525	-282,99567
45349	0,41253245	63,802734	-0,20789091	-285,10611
45349	0,41253474	64,00293	-0,21059126	-287,3927
45349	0,41253707	64,203125	-0,21304992	-289,34998
45349	0,41253939	64,40332	-0,21257548	-291,85843
45349	0,41254172	64,603516	-0,21572341	-294,22623
45349	0,41254401	64,803711	-0,21627243	-297,09424
45349	0,41254634	65,003906	-0,21619783	-299,22406
45349	0,41254866	65,204102	-0,21843867	-301,69946
45349	0,41255099	65,404297	-0,21918462	-304,03909
45349	0,41255328	65,604492	-0,21959341	-306,81622
45349	0,41255561	65,804688	-0,21996936	-309,18921
45349	0,41255793	66,004883	-0,22168505	-311,57535
45349	0,41256025	66,205078	-0,22326647	-313,82498
45349	0,41256255	66,405273	-0,2253074	-316,1506
45349	0,41256487	66,605469	-0,22559683	-318,7337
45349	0,4125672	66,805664	-0,22621746	-321,06573
45349	0,41256952	67,005859	-0,22801073	-322,83853
45349	0,41257182	67,206055	-0,22815992	-325,36072
45349	0,41257414	67,40625	-0,22934151	-327,64075
45349	0,41257647	67,606445	-0,22889394	-329,44974
45349	0,41257879	67,806641	-0,23199411	-331,67685
45349	0,41258109	68,006836	-0,23318465	-333,82056
45349	0,41258341	68,207031	-0,23377545	-335,7139
45349	0,41258574	68,407227	-0,2344289	-337,58429
45349	0,41258806	68,607422	-0,2342827	-339,68384
45349	0,41259035	68,807617	-0,23646684	-341,99695
45349	0,41259268	69,007813	-0,23719192	-344,45639
45349	0,412595	69,208008	-0,23811987	-346,64032
45349	0,41259733	69,408203	-0,23970129	-348,93689
45349	0,41259962	69,608398	-0,24053676	-351,12808
45349	0,41260195	69,808594	-0,24299841	-352,84738
45349	0,41260427	70,008789	-0,24179295	-354,95441
45349	0,4126066	70,208984	-0,24409346	-356,92419
45349	0,41260889	70,40918	-0,24501546	-359,02615
45349	0,41261122	70,609375	-0,24755765	-361,24866
45349	0,41261354	70,80957	-0,24674308	-363,18613
45349	0,41261587	71,009766	-0,24822603	-365,12952
45349	0,41261816	71,209961	-0,24915698	-367,30212
45349	0,41262048	71,410156	-0,25033259	-369,3075
45349	0,41262281	71,610352	-0,25204232	-371,41483
45349	0,41262513	71,810547	-0,25310159	-373,59561
45349	0,41262743	72,010742	-0,25480831	-375,89471
45349	0,41262975	72,210938	-0,25527677	-378,23776
45349	0,41263208	72,411133	-0,25519919	-380,34091
45349	0,4126344	72,611328	-0,25656876	-382,91852
45349	0,4126367	72,811523	-0,25745496	-385,41
45349	0,41263902	73,011719	-0,25897968	-387,52701
45349	0,41264135	73,211914	-0,26085949	-390,15869
45349	0,41264367	73,412109	-0,26171285	-392,60159
45349	0,41264597	73,612305	-0,26276314	-395,30826
45349	0,41264829	73,8125	-0,2639716	-397,35284
45349	0,41265061	74,012695	-0,26572606	-399,42453
45349	0,41265294	74,212891	-0,26777595	-401,62799
45349	0,41265523	74,413086	-0,26694646	-403,93796
45349	0,41265756	74,613281	-0,26968858	-406,17416
45349	0,41265988	74,813477	-0,26912463	-408,42426
45349	0,41266221	75,013672	-0,26897246	-410,96014
45349	0,4126645	75,213867	-0,27097461	-413,20096
45349	0,41266683	75,414063	-0,27211738	-415,62836
45349	0,41266915	75,614258	-0,27435225	-418,11374
45349	0,41267148	75,814453	-0,27513701	-420,69016
45349	0,41267377	76,014648	-0,2754145	-423,29413
45349	0,4126761	76,214844	-0,27579045	-425,92508
45349	0,41267842	76,415039	-0,27748525	-428,22165
45349	0,41268075	76,615234	-0,27877724	-430,62982
45349	0,41268304	76,81543	-0,27962166	-433,36133
45349	0,41268536	77,015625	-0,28066301	-435,3107
45349	0,41268769	77,21582	-0,28199977	-437,67047
45349	0,41269001	77,416016	-0,2833007	-439,87524
45349	0,41269231	77,616211	-0,28293669	-441,91312
45349	0,41269463	77,816406	-0,28520438	-444,32175
45349	0,41269696	78,016602	-0,28605774	-446,35693
45349	0,41269928	78,216797	-0,28683054	-448,34564
45349	0,41270158	78,416992	-0,28820908	-450,72031
45349	0,4127039	78,617188	-0,28970695	-452,909
45349	0,41270623	78,817383	-0,29081693	-454,71857
45349	0,41270855	79,017578	-0,29093626	-456,52924
45349	0,41271085	79,217773	-0,29167923	-458,83502
45349	0,41271317	79,417969	-0,2929593	-461,08673
45349	0,41271549	79,618164	-0,29480627	-463,30164
45349	0,41271782	79,818359	-0,29410508	-465,58914
45349	0,41272011	80,018555	-0,29575214	-468,02695
45349	0,41272244	80,21875	-0,29779306	-470,08957
45349	0,41272476	80,418945	-0,29819289	-472,36081
45349	0,41272709	80,619141	-0,29983696	-474,27338
45349	0,41272938	80,819336	-0,30054712	-476,24777
45349	0,41273171	81,019531	-0,3014572	-478,25467
45349	0,41273403	81,219727	-0,30229563	-480,43396
45349	0,41273636	81,419922	-0,30322957	-482,08829
45349	0,41273865	81,620117	-0,30445889	-484,14124
45349	0,41274098	81,820313	-0,3065058	-486,23618
45349	0,4127433	82,020508	-0,30690861	-488,20535
45349	0,41274562	82,220703	-0,30760086	-490,1954
45349	0,41274792	82,420898	-0,31008637	-492,31882
45349	0,41275024	82,621094	-0,31004757	-494,41156
45349	0,41275257	82,821289	-0,31049514	-496,7868
45349	0,41275486	83,021484	-0,3122347	-499,06042
45349	0,41275719	83,22168	-0,31320146	-501,34952
45349	0,41275951	83,421875	-0,31466353	-503,95901
45349	0,41276184	83,62207	-0,31661493	-506,27048
45349	0,41276413	83,822266	-0,31660897	-508,9393
45349	0,41276646	84,022461	-0,31810683	-511,02188
45349	0,41276878	84,222656	-0,31850666	-513,35626
45349	0,41277111	84,422852	-0,31981358	-516,10046
45349	0,4127734	84,623047	-0,31964946	-518,52667
45349	0,41277573	84,823242	-0,32219765	-520,74786
45349	0,41277805	85,023438	-0,32254079	-523,04681
45349	0,41278037	85,223633	-0,32351351	-525,39972
45349	0,41278267	85,423828	-0,32553652	-526,87671
45349	0,41278499	85,624023	-0,32590055	-529,409
45349	0,41278732	85,824219	-0,32699859	-531,79706
45349	0,41278964	86,024414	-0,32816526	-534,18665
45349	0,41279194	86,224609	-0,32839501	-536,75262
45349	0,41279426	86,424805	-0,33018231	-539,31439
45349	0,41279659	86,625	-0,33098793	-541,4906
45349	0,41279891	86,825195	-0,33214566	-543,91113
45349	0,41280121	87,025391	-0,33279911	-546,2226
45349	0,41280353	87,225586	-0,33460432	-548,72388
45349	0,41280586	87,425781	-0,33459833	-551,29199
45349	0,41280818	87,625977	-0,33556211	-553,86212
45349	0,41281047	87,826172	-0,33718231	-555,95215
45349	0,4128128	88,026367	-0,33753142	-558,46954
45349	0,41281512	88,226563	-0,33761796	-560,91064
45349	0,41281745	88,426758	-0,34056297	-562,98999
45349	0,41281974	88,626953	-0,34088522	-565,14795
45349	0,41282207	88,827148	-0,34209964	-567,33545
45349	0,41282439	89,027344	-0,34351695	-569,37689
45349	0,41282672	89,227539	-0,34375864	-571,44373
45349	0,41282901	89,427734	-0,34495217	-573,65442
45349	0,41283134	89,62793	-0,34525353	-575,66937
45349	0,41283366	89,828125	-0,34699905	-577,84375
45349	0,41283599	90,02832	-0,34797776	-579,7088
45349	0,41283828	90,228516	-0,34922796	-581,96869
45349	0,4128406	90,428711	-0,35045132	-584,23724
45349	0,41284293	90,628906	-0,35183284	-586,57166
45349	0,41284525	90,829102	-0,35248926	-588,94543
45349	0,41284755	91,029297	-0,35395432	-591,50873
45349	0,41284987	91,229492	-0,35490316	-593,70422
45349	0,4128522	91,429688	-0,35576251	-595,68372
45349	0,41285452	91,629883	-0,35745433	-597,7323
45349	0,41285682	91,830078	-0,35747522	-599,92639
45349	0,41285914	92,030273	-0,35938483	-601,99225
45349	0,41286147	92,230469	-0,36037546	-603,72913
45349	0,41286379	92,430664	-0,36142576	-605,68982
45349	0,41286609	92,630859	-0,3629505	-607,73248
45349	0,41286841	92,831055	-0,36412612	-609,7644
45349	0,41287073	93,03125	-0,36472586	-611,90216
45349	0,41287306	93,231445	-0,36640278	-613,92426
45349	0,41287535	93,431641	-0,36602083	-616,01697
45349	0,41287768	93,631836	-0,36803788	-617,97821
45349	0,41288	93,832031	-0,36957157	-619,97382
45349	0,41288233	94,032227	-0,36976552	-622,41071
45349	0,41288462	94,232422	-0,37037718	-624,62592
45349	0,41288695	94,432617	-0,37124249	-627,22205
45349	0,41288927	94,632813	-0,37345648	-629,68188
45349	0,4128916	94,833008	-0,37402639	-632,24493
45349	0,41289389	95,033203	-0,37444711	-634,34357
45349	0,41289622	95,233398	-0,37636569	-636,70453
45349	0,41289854	95,433594	-0,3770102	-638,9826
45349	0,41290087	95,633789	-0,37746972	-641,8678
45349	0,41290316	95,833984	-0,37885419	-643,85382
45349	0,41290548	96,03418	-0,38082051	-646,19714
45349	0,41290781	96,234375	-0,38275403	-648,28571
45349	0,41291013	96,43457	-0,38268542	-650,43384
45349	0,41291243	96,634766	-0,38414747	-652,83978
45349	0,41291475	96,834961	-0,38524252	-655,21594
45349	0,41291708	97,035156	-0,38520375	-657,57001
45349	0,4129194	97,235352	-0,38659719	-659,68597
45349	0,4129217	97,435547	-0,38844416	-662,44568
45349	0,41292402	97,635742	-0,38912147	-664,89008
45349	0,41292635	97,835938	-0,39055669	-667,15833
45349	0,41292867	98,036133	-0,39159805	-669,69421
45349	0,41293097	98,236328	-0,39178604	-672,04529
45349	0,41293329	98,436523	-0,39399105	-674,49359
45349	0,41293561	98,636719	-0,39458781	-677,19305
45349	0,41293794	98,836914	-0,39484143	-679,54865
45349	0,41294023	99,037109	-0,39676005	-682,02374
45349	0,41294256	99,237305	-0,39782226	-684,34235
45349	0,41294488	99,4375	-0,39814153	-687,12292
45349	0,41294721	99,637695	-0,40082994	-688,79034
45349	0,4129495	99,837891	-0,40097019	-691,29346
45349	0,41295183	100,03809	-0,40523404	-696,63702
45349	0,41295415	100,23828	-0,40418971	-695,40405
45349	0,41295648	100,43848	-0,40481034	-697,07001
45349	0,41295877	100,63867	-0,40547574	-699,17914
45349	0,4129611	100,83887	-0,40603071	-700,40582
45349	0,41296342	101,03906	-0,40791351	-703,43372
45349	0,41296574	101,23926	-0,40926218	-705,08594
45349	0,41296804	101,43945	-0,41110021	-707,20728
45349	0,41297036	101,63965	-0,41032442	-709,70593
45349	0,41297269	101,83984	-0,41103756	-711,18622
45349	0,41297501	102,04004	-0,4133321	-714,15479
45349	0,41297731	102,24023	-0,41358572	-716,54822
45349	0,41297963	102,44043	-0,41743186	-719,36572
45349	0,41298196	102,64063	-0,41633978	-719,77966
45349	0,41298428	102,84082	-0,41753331	-722,36743
45349	0,41298658	103,04102	-0,41800475	-724,3952
45349	0,4129889	103,24121	-0,42031124	-726,2417
45349	0,41299123	103,44141	-0,42137945	-733,95935
45349	0,41299355	103,6416	-0,42190161	-730,11572
45349	0,41299585	103,8418	-0,42325625	-731,599
45349	0,41299817	104,04199	-0,42667869	-740,32007
45349	0,41300049	104,24219	-0,42439309	-735,59845
45349	0,41300282	104,44238	-0,42563435	-737,69568
45349	0,41300511	104,64258	-0,43167061	-746,31775
45349	0,41300744	104,84277	-0,43126777	-744,39728
45349	0,41300976	105,04297	-0,42949539	-744,44916
45349	0,41301209	105,24316	-0,43195704	-747,79565
45349	0,41301438	105,44336	-0,43499753	-754,93719
45349	0,41301671	105,64355	-0,4326672	-751,2879
45349	0,41301903	105,84375	-0,43508705	-754,57092
45349	0,41302136	106,04395	-0,43691316	-762,78802
45349	0,41302365	106,24414	-0,43591058	-758,47919
45349	0,41302598	106,44434	-0,43985221	-761,28387
45349	0,4130283	106,64453	-0,43915996	-770,11578
45349	0,41303062	106,84473	-0,4416962	-767,94916
45349	0,41303292	107,04492	-0,44070855	-766,97852
45349	0,41303524	107,24512	-0,44240037	-771,08679
45349	0,41303757	107,44531	-0,44567958	-779,16827
45349	0,41303989	107,64551	-0,44588545	-774,21362
45349	0,41304219	107,8457	-0,44544089	-775,3324
45349	0,41304451	108,0459	-0,44804275	-779,7619
45349	0,41304684	108,24609	-0,45096689	-786,46356
45349	0,41304916	108,44629	-0,4524737	-791,08862
45349	0,41305146	108,64648	-0,45329127	-790,58496
45349	0,41305378	108,84668	-0,45002997	-787,36182
45349	0,41305611	109,04688	-0,45566341	-794,16956
45349	0,41305843	109,24707	-0,45554405	-800,98712
45349	0,41306072	109,44727	-0,45900825	-801,14209
45349	0,41306305	109,64746	-0,45538589	-797,25055
45349	0,41306537	109,84766	-0,45647499	-799,89282
45349	0,41306767	110,04785	-0,46146691	-806,39716
45349	0,41306999	110,24805	-0,46201593	-812,52063
45349	0,41307232	110,44824	-0,46269625	-811,43433
45349	0,41307464	110,64844	-0,46138933	-808,0932
45349	0,41307694	110,84863	-0,46473718	-811,36102
45349	0,41307926	111,04883	-0,46755388	-817,86328
45349	0,41308159	111,24902	-0,46761057	-823,22565
45349	0,41308391	111,44922	-0,46949336	-823,25781
45349	0,41308621	111,64941	-0,46901596	-818,66974
45349	0,41308853	111,84961	-0,47098824	-821,44733
45349	0,41309085	112,0498	-0,47409737	-831,00226
45349	0,41309318	112,25	-0,47421077	-833,4389
45349	0,41309547	112,4502	-0,47715279	-834,14166
45349	0,4130978	112,65039	-0,47646055	-830,14069
45349	0,41310012	112,85059	-0,47621587	-831,91241
45349	0,41310245	113,05078	-0,48081988	-836,65216
45349	0,41310474	113,25098	-0,481536	-844,06342
45349	0,41310707	113,45117	-0,48097804	-846,19128
45349	0,41310939	113,65137	-0,48344564	-847,90015
45349	0,41311172	113,85156	-0,48424828	-848,01044
45349	0,41311401	114,05176	-0,48213574	-843,68732
45349	0,41311634	114,25195	-0,48714557	-847,91479
45349	0,41311866	114,45215	-0,48797804	-855,17493
45349	0,41312099	114,65234	-0,48813322	-857,52722
45349	0,41312328	114,85254	-0,48947594	-858,94073
45349	0,4131256	115,05273	-0,49191669	-858,52948
45349	0,41312793	115,25293	-0,49046955	-855,48633
45349	0,41313025	115,45313	-0,493334	-860,13733
45349	0,41313255	115,65332	-0,49595675	-867,94196
45349	0,41313487	115,85352	-0,49592394	-870,61462
45349	0,4131372	116,05371	-0,49789026	-871,86273
45349	0,41313952	116,25391	-0,49770227	-869,19659
45349	0,41314182	116,4541	-0,49925089	-870,52881
45349	0,41314414	116,6543	-0,50283742	-878,52832
45349	0,41314647	116,85449	-0,50184083	-881,78003
45349	0,41314879	117,05469	-0,50379223	-883,7345
45349	0,41315109	117,25488	-0,50492609	-885,90918
45349	0,41315341	117,45508	-0,50594658	-888,03882
45349	0,41315573	117,65527	-0,50738472	-889,85889
45349	0,41315806	117,85547	-0,50891542	-892,1441
45349	0,41316035	118,05566	-0,51084298	-893,82886
45349	0,41316268	118,25586	-0,51160681	-896,18646
45349	0,413165	118,45605	-0,51206338	-898,19696
45349	0,41316733	118,65625	-0,51406848	-900,08942
45349	0,41316962	118,85645	-0,51614523	-902,60083
45349	0,41317195	119,05664	-0,51742226	-904,80176
45349	0,41317427	119,25684	-0,51745212	-907,55878
45349	0,4131766	119,45703	-0,52017337	-909,85834
45349	0,41317889	119,65723	-0,52155483	-912,42133
45349	0,41318122	119,85742	-0,52247983	-914,86389
45349	0,41318354	120,05762	-0,52504295	-917,22601
45349	0,41318586	120,25781	-0,52483404	-919,74554
45349	0,41318816	120,45801	-0,5269466	-922,15894
45349	0,41319048	120,6582	-0,52924711	-924,55383
45349	0,41319281	120,8584	-0,53010941	-926,76996
45349	0,41319513	121,05859	-0,53040183	-928,98065
45349	0,41319743	121,25879	-0,53114778	-931,25458
45349	0,41319975	121,45898	-0,53416741	-933,87781
45349	0,41320208	121,65918	-0,53508341	-935,88202
45349	0,4132044	121,85938	-0,53559667	-938,07098
45349	0,4132067	122,05957	-0,53759283	-940,04626
45349	0,41320902	122,25977	-0,53909367	-942,1062
45349	0,41321135	122,45996	-0,5405975	-944,18555
45349	0,41321367	122,66016	-0,54224455	-946,08301
45349	0,41321597	122,86035	-0,54258472	-947,95282
45349	0,41321829	123,06055	-0,54346496	-950,30511
45349	0,41322061	123,26074	-0,54562223	-952,24347
45349	0,41322294	123,46094	-0,54763037	-954,70276
45349	0,41322523	123,66113	-0,54910135	-956,77014
45349	0,41322756	123,86133	-0,5497787	-959,18323
45349	0,41322988	124,06152	-0,5511393	-961,41248
45349	0,41323221	124,26172	-0,55272669	-963,68964
45349	0,4132345	124,46191	-0,55456769	-965,46887
45349	0,41323683	124,66211	-0,55644751	-967,53088
45349	0,41323915	124,8623	-0,55841386	-969,60986
45349	0,41324148	125,0625	-0,55981922	-971,64624
45349	0,41324377	125,2627	-0,56100082	-973,78491
45349	0,4132461	125,46289	-0,56211674	-975,39215
45349	0,41324842	125,66309	-0,56468284	-977,60077
45349	0,41325074	125,86328	-0,56557202	-979,47296
45349	0,41325304	126,06348	-0,56692368	-981,69678
45349	0,41325536	126,26367	-0,56850809	-983,52966
45349	0,41325769	126,46387	-0,57103235	-985,92126
45349	0,41326001	126,66406	-0,57224381	-987,76459
45349	0,41326231	126,86426	-0,57324934	-990,38092
45349	0,41326463	127,06445	-0,5753231	-992,33624
45349	0,41326696	127,26465	-0,5770328	-995,03723
45349	0,41326928	127,46484	-0,57798463	-997,62433
45349	0,41327158	127,66504	-0,58077449	-999,84375
45349	0,4132739	127,86523	-0,5807029	-1002,2524
45349	0,41327623	128,06543	-0,58315855	-1004,7137
45349	0,41327855	128,26563	-0,58489513	-1007,0598
45349	0,41328084	128,46582	-0,58581418	-1009,415
45349	0,41328317	128,66602	-0,58777452	-1011,7626
45349	0,41328549	128,86621	-0,58940369	-1013,9841
45349	0,41328782	129,06641	-0,59253967	-1016,1906
45349	0,41329011	129,2666	-0,59400767	-1018,4976
45349	0,41329244	129,4668	-0,59594715	-1020,4699
45349	0,41329476	129,66699	-0,59814328	-1022,8064
45349	0,41329709	129,86719	-0,59990668	-1025,48
45349	0,41329938	130,06738	-0,60049748	-1027,7361
45349	0,41330171	130,26758	-0,60135978	-1030,5962
45349	0,41330403	130,46777	-0,60411984	-1032,8776
45349	0,41330636	130,66797	-0,60549831	-1035,2811
45349	0,41330865	130,86816	-0,60678732	-1037,9824
45349	0,41331097	131,06836	-0,60932958	-1040,6021
45349	0,4133133	131,26855	-0,6109975	-1042,6899
45349	0,41331562	131,46875	-0,61262369	-1045,4386
45349	0,41331792	131,66895	-0,61359042	-1047,6741
45349	0,41332024	131,86914	-0,61587006	-1049,9492
45349	0,41332257	132,06934	-0,61777967	-1052,4324
45349	0,41332489	132,26953	-0,61940289	-1054,7924
45349	0,41332719	132,46973	-0,62206149	-1056,7471
45349	0,41332951	132,66992	-0,62217486	-1058,7972
45349	0,41333184	132,87012	-0,62436199	-1060,8115
45349	0,41333416	133,07031	-0,6262418	-1062,9597
45349	0,41333646	133,27051	-0,62800521	-1065,0974
45349	0,41333878	133,4707	-0,63115311	-1066,95
45349	0,4133411	133,6709	-0,63208407	-1068,7494
45349	0,41334343	133,87109	-0,63398474	-1071,1169
45349	0,41334572	134,07129	-0,63526779	-1073,3541
45349	0,41334805	134,27148	-0,63877976	-1075,6707
45349	0,41335037	134,47168	-0,64052826	-1078,1058
45349	0,4133527	134,67188	-0,64192468	-1080,3502
45349	0,41335499	134,87207	-0,64430577	-1082,578
45349	0,41335732	135,07227	-0,64590508	-1084,5664
45349	0,41335964	135,27246	-0,64726567	-1086,604
45349	0,41336197	135,47266	-0,6510641	-1088,5554
45349	0,41336426	135,67285	-0,65202785	-1090,5009
45349	0,41336659	135,87305	-0,65484756	-1092,5624
45349	0,41336891	136,07324	-0,65702873	-1094,4923
45349	0,41337124	136,27344	-0,6593352	-1096,3717
45349	0,41337353	136,47363	-0,65984839	-1098,3107
45349	0,41337585	136,67383	-0,66293371	-1100,3336
45349	0,41337818	136,87402	-0,6650492	-1102,5265
45349	0,41338047	137,07422	-0,66608459	-1104,4525
45349	0,4133828	137,27441	-0,66869837	-1106,8081
45349	0,41338512	137,47461	-0,67030966	-1108,8622
45349	0,41338745	137,6748	-0,67461526	-1111,2991
45349	0,41338974	137,875	-0,67538512	-1113,7115
45349	0,41339207	138,0752	-0,67915368	-1116,2224
45349	0,41339439	138,27539	-0,68011147	-1118,3163
45349	0,41339672	138,47559	-0,68258804	-1120,772
45349	0,41339901	138,67578	-0,68585831	-1123,3335
45349	0,41340134	138,87598	-0,68742776	-1125,4933
45349	0,41340366	139,07617	-0,68994612	-1128,2825
45349	0,41340598	139,27637	-0,69221973	-1130,5729
45349	0,41340828	139,47656	-0,69475001	-1132,8834
45349	0,4134106	139,67676	-0,69760555	-1135,1301
45349	0,41341293	139,87695	-0,69955695	-1137,292
45349	0,41341525	140,07715	-0,70250493	-1139,4122
45349	0,41341755	140,27734	-0,70532167	-1141,6882
45349	0,41341987	140,47754	-0,70735365	-1143,7354
45349	0,4134222	140,67773	-0,70875603	-1146,0116
45349	0,41342452	140,87793	-0,71353906	-1148,4437
45349	0,41342682	141,07813	-0,71625137	-1151,0798
45349	0,41342914	141,27832	-0,71893084	-1153,4669
45349	0,41343147	141,47852	-0,72001994	-1155,9933
45349	0,41343379	141,67871	-0,72328418	-1158,3629
45349	0,41343608	141,87891	-0,72707361	-1160,8761
45349	0,41343841	142,0791	-0,72953528	-1163,3586
45349	0,41344073	142,2793	-0,73285925	-1165,9661
45349	0,41344306	142,47949	-0,73539847	-1168,4825
45349	0,41344535	142,67969	-0,73840016	-1170,8149
45349	0,41344768	142,87988	-0,74103487	-1173,0316
45349	0,41345	143,08008	-0,74421561	-1175,4813
45349	0,41345233	143,28027	-0,74768877	-1177,5812
45349	0,41345462	143,48047	-0,75091726	-1180,1326
45349	0,41345695	143,68066	-0,75411588	-1182,085
45349	0,41345927	143,88086	-0,75743687	-1184,1768
45349	0,4134616	144,08105	-0,76067728	-1186,5491
45349	0,41346389	144,28125	-0,76453835	-1188,614
45349	0,41346622	144,48145	-0,76765943	-1190,6951
45349	0,41346854	144,68164	-0,77120715	-1192,9965
45349	0,41347086	144,88184	-0,77536958	-1194,7109
45349	0,41347316	145,08203	-0,77971697	-1197,1023
45349	0,41347548	145,28223	-0,7826739	-1198,7289
45349	0,41347781	145,48242	-0,78742415	-1200,9075
45349	0,41348013	145,68262	-0,79133892	-1203,3381
45349	0,41348243	145,88281	-0,79444802	-1205,5179
45349	0,41348475	146,08301	-0,79937726	-1207,5212
45349	0,41348708	146,2832	-0,80386496	-1209,8494
45349	0,4134894	146,4834	-0,80885088	-1212,3904
45349	0,4134917	146,68359	-0,81399494	-1214,4878
45349	0,41349402	146,88379	-0,81871235	-1216,507
45349	0,41349635	147,08398	-0,82359087	-1218,6395
45349	0,41349867	147,28418	-0,82986283	-1220,7883
45349	0,41350096	147,48438	-0,83590508	-1222,7118
45349	0,41350329	147,68457	-0,84116852	-1224,7478
45349	0,41350561	147,88477	-0,84729725	-1226,6882
45349	0,41350794	148,08496	-0,85446733	-1228,6212
45349	0,41351023	148,28516	-0,86102277	-1230,5066
45349	0,41351256	148,48535	-0,86984891	-1232,2581
45349	0,41351488	148,68555	-0,87784845	-1234,264
45349	0,41351721	148,88574	-0,88614345	-1236,124
45349	0,4135195	149,08594	-0,8972134	-1238,0144
45349	0,41352183	149,28613	-0,90978718	-1239,3778
45349	0,41352415	149,48633	-0,92586094	-1240,5038
45349	0,41352648	149,68652	-0,94772333	-1241,0897
45349	0,41352877	149,88672	-0,97888917	-1239,2932
45349	0,41353109	150,08691	-1,0211638	-1224,0717
45349	0,41353342	150,28711	-0,47368562	-99,221428
45349	0,41353574	150,4873	0,12657316	2,057889
45349	0,41353804	150,6875	0,73076463	2,0340471
45349	0,41354036	150,8877	1,3330375	1,6257553
45349	0,41354269	151,08789	1,9376258	1,5584021
45349	0,41354501	151,28809	2,5425572	1,4250367
45349	0,41354731	151,48828	3,1467814	1,0742633
45349	0,41354963	151,68848	3,7488902	0,96012044
45349	0,41355196	151,88867	4,3539886	0,903198
