MTS793|MPT|DEU|1|2|,|.|:|49|1|1|A

Bediener Information			Zylinder Druckfestigkeit (100mm)			Zeit:	39,078125	s	26.03.2024 09:56:20
Datum	26.03.2024
Prüfer:	Glagow/Bindnagel
Probebezeichnung	20240227_7188_M04_Z03
Protokoll Seite	-
Durchmesser [mm]:	99
Höhe [mm]:	298,9
Masse [g]:	5382
Bediener Information Ende

Datenerfassung						Zeit:	140,125	s	26.03.2024 09:58:01
Ch 1 Weg	Ch 1 Prüfkraft
mm	kN
0,0028942944	-10,349712
-2,160531	-326,59811

Datenerfassung						Zeit:	140,12988	s	26.03.2024 09:58:01
Laufzeit	Ch 1 Kraft dP Sollwert	Ch 1 Prüfkraft	Ch 1 Weg	Datum	Tageszeit
s	kN	kN	mm	d	d
58,452148	0	-20,478626	0,001420293	45377	0,39581543
58,577148	0	-21,118931	0,0015545643	45377	0,39581686
58,702148	0	-22,512337	0,0016127486	45377	0,39581832
58,827148	0	-21,879784	0,00074744411	45377	0,39581975
58,952148	0	-20,548513	0,00081756362	45377	0,39582121
59,077148	0	-21,562984	0,00057289127	45377	0,39582264
59,202148	0	-23,19809	0,0004386199	45377	0,3958241
59,327148	0	-22,982618	-0,0003714842	45377	0,39582554
59,452148	0	-21,316221	0,00031329991	45377	0,395827
59,577148	0	-22,12595	-0,00011338473	45377	0,39582843
59,702148	0	-23,995451	-0,00069821125	45377	0,39582989
59,827148	0	-23,882797	-0,0011457825	45377	0,39583135
59,952148	0	-22,461376	-0,0021498343	45377	0,39583278
60,077148	0	-23,330412	-0,0035865381	45377	0,39583424
60,202148	0	-25,374554	-0,0043041441	45377	0,39583567
60,327148	0	-25,487354	-0,0043772473	45377	0,39583713
60,452148	0	-24,044327	-0,0040460448	45377	0,39583856
60,577148	0	-24,803839	-0,0054842406	45377	0,39584002
60,702148	0	-26,880911	-0,0062764417	45377	0,39584145
60,827148	0	-27,027836	-0,006630023	45377	0,39584291
60,952148	0	-25,654844	-0,007005983	45377	0,39584434
61,077148	0	-26,228687	-0,0076146801	45377	0,3958458
61,202148	0	-28,077326	-0,0078071356	45377	0,39584726
61,327148	0	-28,397104	-0,0092169857	45377	0,39584869
61,452148	0	-27,186235	-0,010215069	45377	0,39585015
61,577148	0	-28,039923	-0,010977432	45377	0,39585158
61,702148	0	-29,879025	-0,011783061	45377	0,39585304
61,827148	0	-29,980949	-0,011878543	45377	0,39585447
61,952148	0	-28,673073	-0,012715501	45377	0,39585593
62,077148	0	-29,556713	-0,013283917	45377	0,39585736
62,202148	0	-31,368546	-0,014740015	45377	0,39585882
62,327148	0	-31,300745	-0,014483408	45377	0,39586025
62,452148	0	-30,330381	-0,01469675	45377	0,39586172
62,577148	0	-31,428299	-0,01686598	45377	0,39586318
62,702148	0	-33,223442	-0,017574634	45377	0,39586461
62,827148	0	-33,08918	-0,017946118	45377	0,39586607
62,952148	0	-32,205692	-0,019041175	45377	0,3958675
63,077148	0	-33,61549	-0,019517094	45377	0,39586896
63,202148	0	-35,095921	-0,020218289	45377	0,39587039
63,327148	0	-34,872704	-0,020679286	45377	0,39587185
63,452148	0	-34,42075	-0,022763478	45377	0,39587328
63,577148	0	-35,325848	-0,022280101	45377	0,39587474
63,702148	0	-36,469955	-0,024228526	45377	0,39587617
63,827148	0	-36,52256	-0,025369834	45377	0,39587763
63,952148	0	-36,298595	-0,02629929	45377	0,39587909
64,077148	0	-37,465801	-0,026029255	45377	0,39588052
64,202148	0	-38,60157	-0,027379429	45377	0,39588198
64,327148	0	-38,385651	-0,027197417	45377	0,39588341
64,452148	0	-38,163773	-0,028643072	45377	0,39588487
64,577148	0	-39,371811	-0,029532246	45377	0,3958863
64,702148	0	-40,356777	-0,03102266	45377	0,39588776
64,827148	0	-40,045193	-0,031710427	45377	0,39588919
64,952148	0	-40,001534	-0,030821253	45377	0,39589065
65,077148	0	-41,361115	-0,032438476	45377	0,39589208
65,202148	0	-42,464695	-0,034667384	45377	0,39589354
65,327148	0	-41,981003	-0,034385413	45377	0,395895
65,452148	0	-41,654816	-0,03489266	45377	0,39589643
65,577148	0	-43,161472	-0,035663974	45377	0,3958979
65,702148	0	-44,46011	-0,036896288	45377	0,39589933
65,827148	0	-44,165512	-0,036932092	45377	0,39590079
65,952148	0	-44,013672	-0,039031204	45377	0,39590222
66,077148	0	-45,465042	-0,040036745	45377	0,39590368
66,202148	0	-46,368202	-0,041500304	45377	0,39590511
66,327148	0	-45,703609	-0,041093014	45377	0,39590657
66,452148	0	-45,753231	-0,042308915	45377	0,395908
66,577148	0	-47,37299	-0,043676991	45377	0,39590946
66,702148	0	-48,026703	-0,045095794	45377	0,39591092
66,827148	0	-47,705284	-0,045171879	45377	0,39591235
66,952148	0	-47,795586	-0,045729853	45377	0,39591381
67,077148	0	-49,21954	-0,047666345	45377	0,39591524
67,202148	0	-49,962513	-0,046730921	45377	0,3959167
67,327148	0	-49,396564	-0,0486883	45377	0,39591813
67,452148	0	-49,476734	-0,049857952	45377	0,39591959
67,577148	0	-51,27158	-0,050647169	45377	0,39592102
67,702148	0	-52,146576	-0,052013755	45377	0,39592248
67,827148	0	-51,390938	-0,052862648	45377	0,39592391
67,952148	0	-51,513126	-0,053395256	45377	0,39592537
68,077148	0	-53,295307	-0,054291893	45377	0,39592683
68,202148	0	-54,184158	-0,055281024	45377	0,39592826
68,327148	0	-53,503029	-0,056405921	45377	0,39592972
68,452148	0	-53,459515	-0,056749057	45377	0,39593115
68,577148	0	-55,281929	-0,058515474	45377	0,39593261
68,702148	0	-56,199097	-0,058057457	45377	0,39593405
68,827148	0	-55,289974	-0,058803409	45377	0,39593551
68,952148	0	-55,46402	-0,060052134	45377	0,39593694
69,077148	0	-57,025661	-0,061602224	45377	0,3959384
69,202148	0	-57,931355	-0,061303843	45377	0,39593983
69,327148	0	-57,332031	-0,062643573	45377	0,39594129
69,452148	0	-57,257374	-0,063529767	45377	0,39594275
69,577148	0	-59,126575	-0,065519966	45377	0,39594418
69,702148	0	-60,042404	-0,066188335	45377	0,39594564
69,827148	0	-59,327148	-0,066756755	45377	0,39594707
69,952148	0	-59,133579	-0,066618003	45377	0,39594853
70,077148	0	-60,959568	-0,068411276	45377	0,39594996
70,202148	0	-62,128265	-0,068615668	45377	0,39595142
70,327148	0	-61,333588	-0,069927052	45377	0,39595285
70,452148	0	-61,289482	-0,071857572	45377	0,39595431
70,577148	0	-62,925629	-0,071584553	45377	0,39595574
70,702148	0	-63,783787	-0,071866527	45377	0,3959572
70,827148	0	-63,053032	-0,073015295	45377	0,39595866
70,952148	0	-63,430031	-0,074207321	45377	0,39596009
71,077148	0	-65,090767	-0,074814528	45377	0,39596155
71,202148	0	-65,936707	-0,075678341	45377	0,39596298
71,327148	0	-64,850708	-0,076645099	45377	0,39596444
71,452148	0	-65,04055	-0,078985892	45377	0,39596587
71,577148	0	-67,007797	-0,078562193	45377	0,39596733
71,702148	0	-67,919899	-0,080783635	45377	0,39596877
71,827148	0	-67,135056	-0,080424093	45377	0,39597023
71,952148	0	-66,958031	-0,08109694	45377	0,39597166
72,077148	0	-68,733208	-0,082344167	45377	0,39597312
72,202148	0	-69,633537	-0,083395965	45377	0,39597458
72,327148	0	-69,032425	-0,083628699	45377	0,39597601
72,452148	0	-69,005005	-0,085081816	45377	0,39597747
72,577148	0	-70,601067	-0,085874014	45377	0,3959789
72,702148	0	-71,763504	-0,086478241	45377	0,39598036
72,827148	0	-70,932022	-0,088346101	45377	0,39598179
72,952148	0	-71,138107	-0,088751897	45377	0,39598325
73,077148	0	-72,799141	-0,09000808	45377	0,39598468
73,202148	0	-73,439888	-0,091198623	45377	0,39598614
73,327148	0	-72,839966	-0,089854419	45377	0,39598757
73,452148	0	-72,685738	-0,091883406	45377	0,39598903
73,577148	0	-74,660439	-0,092201181	45377	0,39599049
73,702148	0	-75,70874	-0,093687117	45377	0,39599192
73,827148	0	-74,951462	-0,094683714	45377	0,39599338
73,952148	0	-75,085571	-0,095971227	45377	0,39599481
74,077148	0	-76,550652	-0,097252771	45377	0,39599627
74,202148	0	-77,344139	-0,09774062	45377	0,3959977
74,327148	0	-76,77417	-0,098052435	45377	0,39599916
74,452148	0	-76,845695	-0,098689474	45377	0,39600059
74,577148	0	-78,519691	-0,099687561	45377	0,39600205
74,702148	0	-79,257751	-0,10055435	45377	0,39600348
74,827148	0	-78,786278	-0,10226408	45377	0,39600495
74,952148	0	-78,998466	-0,10271165	45377	0,39600641
75,077148	0	-80,277878	-0,10498382	45377	0,39600784
75,202148	0	-81,252861	-0,10361724	45377	0,3960093
75,327148	0	-80,714935	-0,10503007	45377	0,39601073
75,452148	0	-80,879143	-0,10685168	45377	0,39601219
75,577148	0	-82,616913	-0,10817948	45377	0,39601362
75,702148	0	-83,234871	-0,1080646	45377	0,39601508
75,827148	0	-82,725395	-0,10789452	45377	0,39601651
75,952148	0	-82,846245	-0,10916264	45377	0,39601797
76,077148	0	-84,068886	-0,10921188	45377	0,3960194
76,202148	0	-85,196304	-0,10971763	45377	0,39602086
76,327148	0	-84,903801	-0,11187045	45377	0,39602232
76,452148	0	-84,754044	-0,11244334	45377	0,39602375
76,577148	0	-86,180527	-0,1136488	45377	0,39602521
76,702148	0	-87,273529	-0,1146812	45377	0,39602664
76,827148	0	-86,687614	-0,11456334	45377	0,3960281
76,952148	0	-86,190811	-0,11624919	45377	0,39602953
77,077148	0	-87,571999	-0,11680865	45377	0,39603099
77,202148	0	-89,041847	-0,11750537	45377	0,39603242
77,327148	0	-89,268944	-0,11857507	45377	0,39603388
77,452148	0	-88,369507	-0,12014604	45377	0,39603531
77,577148	0	-89,5923	-0,12114562	45377	0,39603677
77,702148	0	-90,954559	-0,12085768	45377	0,3960382
77,827148	0	-90,816132	-0,12244059	45377	0,39603966
77,952148	0	-90,516769	-0,12335215	45377	0,39604113
78,077148	0	-91,373581	-0,12416822	45377	0,39604256
78,202148	0	-93,251427	-0,12497534	45377	0,39604402
78,327148	0	-93,100479	-0,12585557	45377	0,39604545
78,452148	0	-92,357658	-0,1262912	45377	0,39604691
78,577148	0	-93,13401	-0,12810087	45377	0,39604834
78,702148	0	-94,811874	-0,12871405	45377	0,3960498
78,827148	0	-94,982498	-0,12937348	45377	0,39605123
78,952148	0	-94,183647	-0,12957935	45377	0,39605269
79,077148	0	-95,303169	-0,13063711	45377	0,39605412
79,202148	0	-96,770638	-0,13270937	45377	0,39605558
79,327148	0	-97,285172	-0,13197088	45377	0,39605704
79,452148	0	-96,102318	-0,13367015	45377	0,39605847
79,577148	0	-96,916664	-0,13496363	45377	0,39605993
79,702148	0	-99,019814	-0,1344907	45377	0,39606136
79,827148	0	-99,258835	-0,13634215	45377	0,39606282
79,952148	0	-98,081192	-0,13710751	45377	0,39606425
80,077148	0	-99,028458	-0,13799667	45377	0,39606571
80,202148	0	-100,86786	-0,13908577	45377	0,39606714
80,327148	0	-101,12848	-0,13921706	45377	0,3960686
80,452148	0	-99,792892	-0,13930956	45377	0,39607003
80,577148	0	-100,61052	-0,14071046	45377	0,39607149
80,702148	0	-103,08947	-0,14244702	45377	0,39607295
80,827148	0	-103,38213	-0,14327206	45377	0,39607438
80,952148	0	-101,96757	-0,14401652	45377	0,39607584
81,077148	0	-102,9108	-0,1453473	45377	0,39607728
81,202148	0	-105,07192	-0,14619917	45377	0,39607874
81,327148	0	-105,18055	-0,14601566	45377	0,39608017
81,452148	0	-103,58017	-0,14595002	45377	0,39608163
81,577148	0	-104,69358	-0,148534	45377	0,39608306
81,702148	0	-107,0049	-0,1490517	45377	0,39608452
81,827148	0	-107,23378	-0,15029445	45377	0,39608595
81,952148	0	-105,87852	-0,15179679	45377	0,39608741
82,077148	0	-106,80016	-0,15243682	45377	0,39608887
82,202148	0	-109,14158	-0,15309177	45377	0,3960903
82,327148	0	-108,99212	-0,15383175	45377	0,39609176
82,452148	0	-107,71837	-0,15394066	45377	0,39609319
82,577148	0	-108,68784	-0,15484774	45377	0,39609465
82,702148	0	-110,7442	-0,15685137	45377	0,39609608
82,827148	0	-111,05489	-0,15693343	45377	0,39609754
82,952148	0	-109,63377	-0,15825376	45377	0,39609897
83,077148	0	-110,57179	-0,15861331	45377	0,39610043
83,202148	0	-112,66734	-0,15955022	45377	0,39610186
83,327148	0	-112,8767	-0,16073479	45377	0,39610332
83,452148	0	-111,87803	-0,16069004	45377	0,39610478
83,577148	0	-112,83736	-0,16174631	45377	0,39610621
83,702148	0	-114,74531	-0,16217597	45377	0,39610767
83,827148	0	-114,73622	-0,16347989	45377	0,3961091
83,952148	0	-113,35667	-0,16419899	45377	0,39611056
84,077148	0	-114,634	-0,16488826	45377	0,39611199
84,202148	0	-116,56906	-0,16559094	45377	0,39611346
84,327148	0	-116,71077	-0,16640402	45377	0,39611489
84,452148	0	-115,52091	-0,16849419	45377	0,39611635
84,577148	0	-116,74877	-0,16982049	45377	0,39611778
84,702148	0	-118,77444	-0,16917598	45377	0,39611924
84,827148	0	-118,74747	-0,1698921	45377	0,3961207
84,952148	0	-117,50784	-0,17025761	45377	0,39612213
85,077148	0	-118,91033	-0,17092897	45377	0,39612359
85,202148	0	-120,56242	-0,17241342	45377	0,39612502
85,327148	0	-120,61637	-0,17363082	45377	0,39612648
85,452148	0	-119,63498	-0,17358159	45377	0,39612791
85,577148	0	-120,7697	-0,17531368	45377	0,39612937
85,702148	0	-122,50077	-0,17754558	45377	0,3961308
85,827148	0	-122,16534	-0,17649825	45377	0,39613226
85,952148	0	-121,28156	-0,1757523	45377	0,39613369
86,077148	0	-122,59315	-0,17787081	45377	0,39613515
86,202148	0	-124,75532	-0,1799192	45377	0,39613661
86,327148	0	-124,41393	-0,18123057	45377	0,39613804
86,452148	0	-123,36235	-0,18162742	45377	0,3961395
86,577148	0	-124,68811	-0,18162891	45377	0,39614093
86,702148	0	-126,5214	-0,18269116	45377	0,39614239
86,827148	0	-126,05186	-0,18355496	45377	0,39614382
86,952148	0	-125,2767	-0,18382202	45377	0,39614528
87,077148	0	-126,63792	-0,18493944	45377	0,39614671
87,202148	0	-128,31386	-0,18598229	45377	0,39614818
87,327148	0	-128,29643	-0,18676256	45377	0,39614961
87,452148	0	-127,1626	-0,18688937	45377	0,39615107
87,577148	0	-128,25739	-0,18768008	45377	0,39615253
87,702148	0	-130,06892	-0,1892973	45377	0,39615396
87,827148	0	-130,3495	-0,18906754	45377	0,39615542
87,952148	0	-129,26485	-0,19053559	45377	0,39615685
88,077148	0	-130,17949	-0,19098912	45377	0,39615831
88,202148	0	-132,05777	-0,19318968	45377	0,39615974
88,327148	0	-132,42062	-0,19334334	45377	0,3961612
88,452148	0	-131,20454	-0,1933881	45377	0,39616263
88,577148	0	-132,13153	-0,19506352	45377	0,39616409
88,702148	0	-134,03844	-0,19610187	45377	0,39616552
88,827148	0	-134,29131	-0,19606458	45377	0,39616698
88,952148	0	-133,18698	-0,19712831	45377	0,39616844
89,077148	0	-133,92102	-0,19806522	45377	0,39616987
89,202148	0	-136,0042	-0,19916476	45377	0,39617133
89,327148	0	-136,1474	-0,20064473	45377	0,39617276
89,452148	0	-135,18925	-0,20011659	45377	0,39617422
89,577148	0	-135,83582	-0,20159209	45377	0,39617565
89,702148	0	-137,66628	-0,2012952	45377	0,39617711
89,827148	0	-138,21866	-0,2030825	45377	0,39617854
89,952148	0	-137,38315	-0,20501451	45377	0,39618
90,077148	0	-137,84344	-0,20567693	45377	0,39618143
90,202148	0	-139,61058	-0,20654073	45377	0,39618289
90,327148	0	-139,99414	-0,20675407	45377	0,39618436
90,452148	0	-139,12524	-0,20796102	45377	0,39618579
90,577148	0	-139,45978	-0,20798787	45377	0,39618725
90,702148	0	-141,3564	-0,20946039	45377	0,39618868
90,827148	0	-142,16821	-0,20991841	45377	0,39619014
90,952148	0	-141,58647	-0,21061811	45377	0,39619157
91,077148	0	-141,61583	-0,21281271	45377	0,39619303
91,202148	0	-143,39861	-0,21271871	45377	0,39619446
91,327148	0	-144,32069	-0,2134393	45377	0,39619592
91,452148	0	-143,45657	-0,21440606	45377	0,39619735
91,577148	0	-143,5184	-0,2148044	45377	0,39619881
91,702148	0	-145,55034	-0,2154832	45377	0,39620027
91,827148	0	-146,24741	-0,21748684	45377	0,3962017
91,952148	0	-145,56001	-0,21824622	45377	0,39620316
92,077148	0	-145,54944	-0,21910107	45377	0,39620459
92,202148	0	-147,26755	-0,22035129	45377	0,39620605
92,327148	0	-148,14716	-0,22074963	45377	0,39620748
92,452148	0	-147,33028	-0,22177756	45377	0,39620894
92,577148	0	-147,71115	-0,22316651	45377	0,39621037
92,702148	0	-149,12259	-0,22454056	45377	0,39621183
92,827148	0	-149,81966	-0,22432573	45377	0,39621326
92,952148	0	-149,56216	-0,22489116	45377	0,39621472
93,077148	0	-149,59004	-0,22644125	45377	0,39621618
93,202148	0	-150,93591	-0,22731997	45377	0,39621761
93,327148	0	-151,8273	-0,22842996	45377	0,39621907
93,452148	0	-151,5619	-0,22824645	45377	0,39622051
93,577148	0	-151,75771	-0,229067	45377	0,39622197
93,702148	0	-152,97618	-0,2301725	45377	0,3962234
93,827148	0	-153,78947	-0,23179719	45377	0,39622486
93,952148	0	-153,28656	-0,23166589	45377	0,39622629
94,077148	0	-153,14203	-0,23288031	45377	0,39622775
94,202148	0	-154,73079	-0,23355614	45377	0,39622918
94,327148	0	-155,49045	-0,23459451	45377	0,39623064
94,452148	0	-155,32996	-0,23539566	45377	0,3962321
94,577148	0	-155,3331	-0,23661007	45377	0,39623353
94,702148	0	-156,69818	-0,23720832	45377	0,39623499
94,827148	0	-157,71281	-0,23777823	45377	0,39623642
94,952148	0	-157,37976	-0,23879421	45377	0,39623788
95,077148	0	-157,11632	-0,23917912	45377	0,39623931
95,202148	0	-158,53267	-0,24064119	45377	0,39624077
95,327148	0	-159,56755	-0,24150202	45377	0,3962422
95,452148	0	-159,52345	-0,24173923	45377	0,39624366
95,577148	0	-159,12245	-0,24282534	45377	0,39624509
95,702148	0	-160,25346	-0,24407555	45377	0,39624655
95,827148	0	-161,446	-0,24511988	45377	0,39624801
95,952148	0	-161,31308	-0,24515122	45377	0,39624944
96,077148	0	-161,27046	-0,24631043	45377	0,3962509
96,202148	0	-162,25543	-0,24745919	45377	0,39625233
96,327148	0	-163,51144	-0,24962395	45377	0,39625379
96,452148	0	-163,69249	-0,2489153	45377	0,39625522
96,577148	0	-163,31833	-0,25024608	45377	0,39625669
96,702148	0	-163,92749	-0,25142616	45377	0,39625812
96,827148	0	-165,58226	-0,25288078	45377	0,39625958
96,952148	0	-165,54933	-0,2527853	45377	0,39626101
97,077148	0	-164,67567	-0,2536864	45377	0,39626247
97,202148	0	-165,9597	-0,25432941	45377	0,39626393
97,327148	0	-167,68243	-0,25513056	45377	0,39626536
97,452148	0	-167,67155	-0,25607941	45377	0,39626682
97,577148	0	-166,72711	-0,25739378	45377	0,39626825
97,702148	0	-167,85991	-0,25860074	45377	0,39626971
97,827148	0	-169,58307	-0,25937802	45377	0,39627114
97,952148	0	-169,73909	-0,25937355	45377	0,3962726
98,077148	0	-168,46086	-0,25987333	45377	0,39627403
98,202148	0	-169,65445	-0,2615577	45377	0,39627549
98,327148	0	-171,61871	-0,26212463	45377	0,39627692
98,452148	0	-171,62483	-0,2627005	45377	0,39627838
98,577148	0	-170,52914	-0,26466534	45377	0,39627984
98,702148	0	-171,59473	-0,2657589	45377	0,39628127
98,827148	0	-173,63544	-0,26748055	45377	0,39628273
98,952148	0	-173,65556	-0,26664209	45377	0,39628416
99,077148	0	-172,37317	-0,26729557	45377	0,39628562
99,202148	0	-173,19049	-0,26792961	45377	0,39628705
99,327148	0	-175,45607	-0,26991087	45377	0,39628851
99,452148	0	-175,71832	-0,27024803	45377	0,39628994
99,577148	0	-174,45993	-0,27128938	45377	0,3962914
99,702148	0	-175,33835	-0,27239937	45377	0,39629284
99,827148	0	-177,20457	-0,27330643	45377	0,3962943
99,952148	0	-177,37221	-0,27390918	45377	0,39629576
100,07715	0	-176,24568	-0,27344221	45377	0,39629719
100,20215	0	-177,1472	-0,27558756	45377	0,39629865
100,32715	0	-179,27733	-0,27677214	45377	0,39630008
100,45215	0	-179,69589	-0,27704814	45377	0,39630154
100,57715	0	-178,31531	-0,27795967	45377	0,39630297
100,70215	0	-179,13307	-0,27859226	45377	0,39630443
100,82715	0	-181,30209	-0,27989468	45377	0,39630586
100,95215	0	-181,44664	-0,28074208	45377	0,39630732
101,07715	0	-180,2757	-0,28112403	45377	0,39630875
101,20215	0	-181,13937	-0,28237274	45377	0,39631021
101,32715	0	-183,56245	-0,28475234	45377	0,39631167
101,45215	0	-183,76764	-0,28443605	45377	0,3963131
101,57715	0	-182,4097	-0,28513128	45377	0,39631456
101,70215	0	-183,11571	-0,28708118	45377	0,39631599
101,82715	0	-185,17743	-0,28771973	45377	0,39631745
101,95215	0	-185,66396	-0,28757054	45377	0,39631888
102,07715	0	-184,22137	-0,28752279	45377	0,39632034
102,20215	0	-184,89983	-0,28894159	45377	0,39632177
102,32715	0	-187,26971	-0,28985763	45377	0,39632323
102,45215	0	-187,53047	-0,29166582	45377	0,39632466
102,57715	0	-186,11502	-0,29134506	45377	0,39632612
102,70215	0	-186,92415	-0,2943781	45377	0,39632758
102,82715	0	-189,29448	-0,29496589	45377	0,39632902
102,95215	0	-189,39223	-0,29516134	45377	0,39633048
103,07715	0	-187,98869	-0,29494652	45377	0,39633191
103,20215	0	-188,94012	-0,29712915	45377	0,39633337
103,32715	0	-191,45679	-0,29793331	45377	0,3963348
103,45215	0	-191,4985	-0,29910296	45377	0,39633626
103,57715	0	-190,39136	-0,29967138	45377	0,39633769
103,70215	0	-191,06847	-0,30102155	45377	0,39633915
103,82715	0	-193,17236	-0,30200472	45377	0,39634058
103,95215	0	-193,40451	-0,30251792	45377	0,39634204
104,07715	0	-192,11929	-0,30304906	45377	0,3963435
104,20215	0	-193,01709	-0,3047722	45377	0,39634493
104,32715	0	-195,20383	-0,3060627	45377	0,39634639
104,45215	0	-195,58098	-0,30555692	45377	0,39634782
104,57715	0	-194,08133	-0,30822298	45377	0,39634928
104,70215	0	-195,03828	-0,30875856	45377	0,39635071
104,82715	0	-197,23843	-0,31028479	45377	0,39635217
104,95215	0	-197,3119	-0,31023407	45377	0,3963536
105,07715	0	-196,02264	-0,31002966	45377	0,39635506
105,20215	0	-196,85875	-0,31198406	45377	0,39635649
105,32715	0	-199,05266	-0,31337899	45377	0,39635795
105,45215	0	-199,27438	-0,31412345	45377	0,39635941
105,57715	0	-198,16246	-0,31522447	45377	0,39636084
105,70215	0	-198,90468	-0,315402	45377	0,3963623
105,82715	0	-201,15431	-0,3175981	45377	0,39636374
105,95215	0	-201,17369	-0,31759062	45377	0,3963652
106,07715	0	-199,83109	-0,31832317	45377	0,39636663
106,20215	0	-200,96611	-0,31850368	45377	0,39636809
106,32715	0	-203,04825	-0,32010898	45377	0,39636952
106,45215	0	-202,86139	-0,32206038	45377	0,39637098
106,57715	0	-201,85794	-0,32262135	45377	0,39637241
106,70215	0	-202,99207	-0,32324794	45377	0,39637387
106,82715	0	-205,00612	-0,32502627	45377	0,39637533
106,95215	0	-204,7683	-0,32466227	45377	0,39637676
107,07715	0	-203,77394	-0,32573047	45377	0,39637822
107,20215	0	-204,48219	-0,32701948	45377	0,39637965
107,32715	0	-207,01628	-0,32701498	45377	0,39638111
107,45215	0	-207,19167	-0,32858148	45377	0,39638254
107,57715	0	-205,72569	-0,33034045	45377	0,396384
107,70215	0	-206,67921	-0,3320815	45377	0,39638543
107,82715	0	-208,98979	-0,33130869	45377	0,39638689
107,95215	0	-208,78386	-0,33237392	45377	0,39638832
108,07715	0	-207,66165	-0,33254996	45377	0,39638978
108,20215	0	-208,9418	-0,33401948	45377	0,39639124
108,32715	0	-211,039	-0,33629465	45377	0,39639267
108,45215	0	-210,86256	-0,33571726	45377	0,39639413
108,57715	0	-209,71622	-0,33681533	45377	0,39639556
108,70215	0	-210,70581	-0,338622	45377	0,39639702
108,82715	0	-213,06808	-0,33937094	45377	0,39639845
108,95215	0	-212,37637	-0,34054211	45377	0,39639992
109,07715	0	-211,39514	-0,34121045	45377	0,39640135
109,20215	0	-212,80299	-0,3421638	45377	0,39640281
109,32715	0	-214,6731	-0,34337971	45377	0,39640424
109,45215	0	-214,65224	-0,34381384	45377	0,3964057
109,57715	0	-213,50529	-0,3438392	45377	0,39640716
109,70215	0	-214,54733	-0,34652016	45377	0,39640859
109,82715	0	-216,54424	-0,34691551	45377	0,39641005
109,95215	0	-216,35469	-0,34791806	45377	0,39641148
110,07715	0	-215,42426	-0,34870431	45377	0,39641294
110,20215	0	-216,70978	-0,35064825	45377	0,39641437
110,32715	0	-218,58778	-0,351524	45377	0,39641583
110,45215	0	-218,55962	-0,35181344	45377	0,39641726
110,57715	0	-217,57793	-0,35308006	45377	0,39641872
110,70215	0	-218,6602	-0,35468385	45377	0,39642015
110,82715	0	-220,27116	-0,35641149	45377	0,39642161
110,95215	0	-220,20216	-0,35589081	45377	0,39642307
111,07715	0	-219,33925	-0,35631898	45377	0,3964245
111,20215	0	-220,77765	-0,35858071	45377	0,39642596
111,32715	0	-222,3755	-0,35909393	45377	0,39642739
111,45215	0	-222,36403	-0,35941917	45377	0,39642885
111,57715	0	-221,35179	-0,36027253	45377	0,39643028
111,70215	0	-222,48666	-0,36093047	45377	0,39643174
111,82715	0	-224,39342	-0,362488	45377	0,39643317
111,95215	0	-223,96844	-0,3635025	45377	0,39643463
112,07715	0	-223,08182	-0,36493623	45377	0,39643607
112,20215	0	-224,44154	-0,36577466	45377	0,39643753
112,32715	0	-226,25786	-0,36618644	45377	0,39643899
112,45215	0	-226,36186	-0,3674486	45377	0,39644042
112,57715	0	-225,43889	-0,36837208	45377	0,39644188
112,70215	0	-226,28304	-0,36970136	45377	0,39644331
112,82715	0	-228,23196	-0,37092471	45377	0,39644477
112,95215	0	-228,2558	-0,37151104	45377	0,3964462
113,07715	0	-227,1552	-0,37227491	45377	0,39644766
113,20215	0	-228,26146	-0,37330878	45377	0,39644909
113,32715	0	-230,20308	-0,37537357	45377	0,39645055
113,45215	0	-230,3354	-0,37519902	45377	0,39645198
113,57715	0	-229,2056	-0,37587935	45377	0,39645344
113,70215	0	-230,10637	-0,37715194	45377	0,3964549
113,82715	0	-232,02043	-0,37841409	45377	0,39645633
113,95215	0	-232,35616	-0,37915856	45377	0,39645779
114,07715	0	-231,3083	-0,38055497	45377	0,39645922
114,20215	0	-232,03145	-0,38143221	45377	0,39646068
114,32715	0	-233,94507	-0,38350147	45377	0,39646211
114,45215	0	-234,19197	-0,38418478	45377	0,39646357
114,57715	0	-233,26184	-0,38457415	45377	0,396465
114,70215	0	-233,83539	-0,38616154	45377	0,39646646
114,82715	0	-235,58508	-0,38770866	45377	0,39646789
114,95215	0	-236,16429	-0,3887873	45377	0,39646935
115,07715	0	-235,50566	-0,38910359	45377	0,39647081
115,20215	0	-235,77344	-0,39078644	45377	0,39647225
115,32715	0	-237,56381	-0,39211872	45377	0,39647371
115,45215	0	-238,1843	-0,39222315	45377	0,39647514
115,57715	0	-237,78658	-0,39366284	45377	0,3964766
115,70215	0	-237,71461	-0,39438045	45377	0,39647803
115,82715	0	-239,21008	-0,39599022	45377	0,39647949
115,95215	0	-240,33156	-0,39663321	45377	0,39648092
116,07715	0	-239,44225	-0,398146	45377	0,39648238
116,20215	0	-239,78453	-0,39901578	45377	0,39648381
116,32715	0	-241,20253	-0,40050471	45377	0,39648527
116,45215	0	-242,07304	-0,40110445	45377	0,39648673
116,57715	0	-241,62856	-0,40260532	45377	0,39648816
116,70215	0	-241,67117	-0,40322596	45377	0,39648962
116,82715	0	-243,30969	-0,4053728	45377	0,39649105
116,95215	0	-244,03554	-0,40655887	45377	0,39649251
117,07715	0	-243,44395	-0,40692437	45377	0,39649394
117,20215	0	-243,49194	-0,40811342	45377	0,3964954
117,32715	0	-244,99934	-0,40891907	45377	0,39649683
117,45215	0	-245,97775	-0,41009319	45377	0,39649829
117,57715	0	-245,55441	-0,41067651	45377	0,39649972
117,70215	0	-245,45918	-0,41291288	45377	0,39650118
117,82715	0	-246,83606	-0,41426155	45377	0,39650264
117,95215	0	-248,09744	-0,41442418	45377	0,39650407
118,07715	0	-247,45923	-0,41547149	45377	0,39650553
118,20215	0	-247,33197	-0,41644272	45377	0,39650697
118,32715	0	-248,56831	-0,4177213	45377	0,39650843
118,45215	0	-250,17496	-0,41984427	45377	0,39650986
118,57715	0	-249,84802	-0,41972938	45377	0,39651132
118,70215	0	-249,33737	-0,42159128	45377	0,39651275
118,82715	0	-250,63794	-0,42268038	45377	0,39651421
118,95215	0	-252,01987	-0,42419466	45377	0,39651564
119,07715	0	-251,70456	-0,42497492	45377	0,3965171
119,20215	0	-251,13416	-0,4252032	45377	0,39651856
119,32715	0	-252,28304	-0,42732766	45377	0,39651999
119,45215	0	-253,84065	-0,42819446	45377	0,39652145
119,57715	0	-253,82724	-0,42975798	45377	0,39652288
119,70215	0	-253,30733	-0,43006083	45377	0,39652434
119,82715	0	-254,18323	-0,43316549	45377	0,39652577
119,95215	0	-256,05154	-0,43293723	45377	0,39652723
120,07715	0	-256,17224	-0,43424264	45377	0,39652866
120,20215	0	-255,15314	-0,43638203	45377	0,39653012
120,32715	0	-255,78093	-0,43687287	45377	0,39653155
120,45215	0	-258,06616	-0,43792167	45377	0,39653301
120,57715	0	-258,04694	-0,43834984	45377	0,39653444
120,70215	0	-257,03442	-0,44009987	45377	0,3965359
120,82715	0	-257,8136	-0,44193339	45377	0,39653736
120,95215	0	-259,8941	-0,44329104	45377	0,39653879
121,07715	0	-260,1358	-0,44350737	45377	0,39654025
121,20215	0	-258,67398	-0,44421303	45377	0,39654168
121,32715	0	-259,73837	-0,44739228	45377	0,39654315
121,45215	0	-261,9147	-0,44792041	45377	0,39654458
121,57715	0	-262,08084	-0,44867682	45377	0,39654604
121,70215	0	-260,98337	-0,45044771	45377	0,39654747
121,82715	0	-261,64035	-0,45133239	45377	0,39654893
121,95215	0	-263,99088	-0,45277506	45377	0,39655036
122,07715	0	-264,11172	-0,45266467	45377	0,39655182
122,20215	0	-262,81757	-0,45526358	45377	0,39655328
122,32715	0	-263,51074	-0,45614827	45377	0,39655471
122,45215	0	-265,99881	-0,45790723	45377	0,39655617
122,57715	0	-266,23349	-0,45796242	45377	0,3965576
122,70215	0	-264,59436	-0,45946777	45377	0,39655906
122,82715	0	-265,61078	-0,46230388	45377	0,39656049
122,95215	0	-268,06067	-0,46375698	45377	0,39656195
123,07715	0	-268,06918	-0,46348247	45377	0,39656338
123,20215	0	-266,47803	-0,46508178	45377	0,39656484
123,32715	0	-267,66864	-0,46787912	45377	0,39656627
123,45215	0	-269,94998	-0,46881753	45377	0,39656773
123,57715	0	-269,70056	-0,46847886	45377	0,39656919
123,70215	0	-268,62006	-0,4706302	45377	0,39657062
123,82715	0	-269,65317	-0,47230262	45377	0,39657208
123,95215	0	-271,82858	-0,4732067	45377	0,39657351
124,07715	0	-271,4881	-0,4744823	45377	0,39657497
124,20215	0	-270,57153	-0,47551766	45377	0,3965764
124,32715	0	-271,75571	-0,47814938	45377	0,39657786
124,45215	0	-273,8465	-0,47824785	45377	0,3965793
124,57715	0	-273,45117	-0,47961593	45377	0,39658076
124,70215	0	-272,38141	-0,48167625	45377	0,39658219
124,82715	0	-273,72699	-0,48340684	45377	0,39658365
124,95215	0	-275,59232	-0,48486146	45377	0,39658511
125,07715	0	-275,42154	-0,4857969	45377	0,39658654
125,20215	0	-274,30887	-0,48621461	45377	0,396588
125,32715	0	-275,77411	-0,48800042	45377	0,39658943
125,45215	0	-277,73257	-0,49018905	45377	0,39659089
125,57715	0	-277,08139	-0,49181822	45377	0,39659232
125,70215	0	-276,43393	-0,49215835	45377	0,39659378
125,82715	0	-277,76877	-0,49442008	45377	0,39659521
125,95215	0	-279,59521	-0,49457228	45377	0,39659667
126,07715	0	-279,04089	-0,49777687	45377	0,3965981
126,20215	0	-278,27661	-0,49775299	45377	0,39659956
126,32715	0	-279,31671	-0,50049365	45377	0,39660102
126,45215	0	-281,39676	-0,50091583	45377	0,39660245
126,57715	0	-281,05194	-0,50198108	45377	0,39660391
126,70215	0	-280,50046	-0,50397426	45377	0,39660534
126,82715	0	-281,5574	-0,50494844	45377	0,3966068
126,95215	0	-283,17209	-0,50758612	45377	0,39660823
127,07715	0	-283,19669	-0,50899005	45377	0,39660969
127,20215	0	-282,48932	-0,50974196	45377	0,39661112
127,32715	0	-283,24197	-0,51183063	45377	0,39661258
127,45215	0	-285,0094	-0,5145787	45377	0,39661402
127,57715	0	-285,18539	-0,51327628	45377	0,39661548
127,70215	0	-284,26584	-0,51635557	45377	0,39661694
127,82715	0	-285,54837	-0,5184353	45377	0,39661837
127,95215	0	-287,0376	-0,51903057	45377	0,39661983
128,07715	0	-287,07291	-0,5194602	45377	0,39662126
128,20215	0	-286,24188	-0,52217847	45377	0,39662272
128,32715	0	-286,87146	-0,52404034	45377	0,39662415
128,45215	0	-288,89667	-0,52561134	45377	0,39662561
128,57715	0	-289,32419	-0,52698541	45377	0,39662704
128,70215	0	-288,14462	-0,52806401	45377	0,3966285
128,82715	0	-288,69699	-0,53064203	45377	0,39662993
128,95215	0	-290,98849	-0,53217125	45377	0,39663139
129,07715	0	-291,46115	-0,53424352	45377	0,39663285
129,20215	0	-290,28278	-0,53498495	45377	0,39663428
129,32715	0	-290,90787	-0,53753912	45377	0,39663574
129,45215	0	-292,60406	-0,53852379	45377	0,39663717
129,57715	0	-293,07303	-0,53965312	45377	0,39663863
129,70215	0	-292,31543	-0,54226249	45377	0,39664006
129,82715	0	-292,71002	-0,54323369	45377	0,39664152
129,95215	0	-294,46762	-0,5466845	45377	0,39664295
130,07715	0	-295,09286	-0,54739761	45377	0,39664441
130,20215	0	-294,26154	-0,54958624	45377	0,39664584
130,32715	0	-294,78339	-0,55076039	45377	0,3966473
130,45215	0	-296,34189	-0,55286694	45377	0,39664876
130,57715	0	-297,14075	-0,55424696	45377	0,3966502
130,70215	0	-296,33145	-0,55548525	45377	0,39665166
130,82715	0	-297,03061	-0,55911505	45377	0,39665309
130,95215	0	-298,30661	-0,55987144	45377	0,39665455
131,07715	0	-299,17639	-0,56227487	45377	0,39665598
131,20215	0	-298,53564	-0,56374294	45377	0,39665744
131,32715	0	-298,46231	-0,56580174	45377	0,39665887
131,45215	0	-300,09995	-0,5674473	45377	0,39666033
131,57715	0	-301,06631	-0,56950468	45377	0,39666176
131,70215	0	-300,49542	-0,57189471	45377	0,39666322
131,82715	0	-300,57367	-0,57340151	45377	0,39666468
131,95215	0	-301,9772	-0,57463682	45377	0,39666611
132,07715	0	-302,79916	-0,57687169	45377	0,39666757
132,20215	0	-302,50262	-0,57919908	45377	0,396669
132,32715	0	-302,32977	-0,58006585	45377	0,39667046
132,45215	0	-303,52545	-0,58312577	45377	0,39667189
132,57715	0	-304,98679	-0,58689278	45377	0,39667335
132,70215	0	-304,8801	-0,58607525	45377	0,39667478
132,82715	0	-304,33264	-0,58862191	45377	0,39667624
132,95215	0	-305,22372	-0,59198767	45377	0,39667767
133,07715	0	-306,93079	-0,59311855	45377	0,39667913
133,20215	0	-306,85718	-0,59530264	45377	0,39668059
133,32715	0	-305,98428	-0,59713173	45377	0,39668202
133,45215	0	-307,05405	-0,60006779	45377	0,39668348
133,57715	0	-308,77347	-0,60185212	45377	0,39668491
133,70215	0	-309,25345	-0,60388261	45377	0,39668638
133,82715	0	-308,00696	-0,60678434	45377	0,39668781
133,95215	0	-308,61731	-0,60863733	45377	0,39668927
134,07715	0	-310,90747	-0,61158979	45377	0,3966907
134,20215	0	-311,15646	-0,61302054	45377	0,39669216
134,32715	0	-309,71152	-0,61417079	45377	0,39669359
134,45215	0	-310,73627	-0,61907166	45377	0,39669505
134,57715	0	-312,77191	-0,62177205	45377	0,39669651
134,70215	0	-313,17184	-0,62314159	45377	0,39669794
134,82715	0	-311,50009	-0,62550628	45377	0,3966994
134,95215	0	-312,2973	-0,62876904	45377	0,39670083
135,07715	0	-314,642	-0,63111585	45377	0,39670229
135,20215	0	-314,65094	-0,63407129	45377	0,39670372
135,32715	0	-313,40967	-0,63683432	45377	0,39670518
135,45215	0	-314,49524	-0,63958836	45377	0,39670661
135,57715	0	-316,61551	-0,6420157	45377	0,39670807
135,70215	0	-316,69016	-0,64355385	45377	0,3967095
135,82715	0	-315,47095	-0,64653766	45377	0,39671096
135,95215	0	-316,4054	-0,65028381	45377	0,39671242
136,07715	0	-318,45746	-0,65341681	45377	0,39671385
136,20215	0	-318,29398	-0,65612012	45377	0,39671531
136,32715	0	-317,10562	-0,65922928	45377	0,39671674
136,45215	0	-318,57904	-0,66304708	45377	0,3967182
136,57715	0	-320,47058	-0,66555494	45377	0,39671963
136,70215	0	-320,08124	-0,66997695	45377	0,39672109
136,82715	0	-318,91	-0,67268032	45377	0,39672253
136,95215	0	-320,24261	-0,67634737	45377	0,39672399
137,07715	0	-322,25696	-0,67925513	45377	0,39672542
137,20215	0	-321,80707	-0,68388003	45377	0,39672688
137,32715	0	-320,79886	-0,68754411	45377	0,39672834
137,45215	0	-322,03104	-0,69291949	45377	0,39672977
137,57715	0	-323,88803	-0,69667608	45377	0,39673123
137,70215	0	-323,50879	-0,70120549	45377	0,39673266
137,82715	0	-322,36035	-0,70583338	45377	0,39673412
137,95215	0	-323,65988	-0,71190095	45377	0,39673555
138,07715	0	-325,62357	-0,71679145	45377	0,39673701
138,20215	0	-324,88507	-0,72277546	45377	0,39673844
138,32715	0	-323,90814	-0,72833431	45377	0,3967399
138,45215	0	-324,70209	-0,73556852	45377	0,39674133
138,57715	0	-326,15256	-0,74311012	45377	0,39674279
138,70215	0	-325,53445	-0,75148565	45377	0,39674425
138,82715	0	-323,99664	-0,76076084	45377	0,39674568
138,95215	0	-323,38614	-0,77342111	45377	0,39674714
139,07715	0	-323,0993	-0,78798807	45377	0,39674857
139,20215	0	-317,86484	-0,81196296	45377	0,39675003
139,32715	0	-296,24249	-0,86526573	45377	0,39675146
139,45215	0	-128,43098	-1,0905702	45377	0,39675292
139,57715	0	-32,096615	-1,7122228	45377	0,39675435
139,70215	0	-14,346054	-2,1577652	45377	0,39675581
139,82715	0	-11,675766	-2,1581099	45377	0,39675725
139,95215	0	-10,862014	-2,1547666	45377	0,39675871
140,07715	0	-14,391056	-2,1530387	45377	0,39676017
