MTS793|MPT|DEU|1|2|,|.|:|49|1|1|A

Bediener Information			Würfeldruckfestigkeit (150mm)			Zeit:	16,024414	s	18.03.2014 15:02:19
Datum	17.03.2014
Prüfer:	Be, Mac
Probebezeichnung	Hüsken Probe 3-2
Protokoll Seite	136
Durchmesser [mm]:	100
Höhe [mm]:	100,3
Masse [g]:	1946
Bediener Information Ende

Datenerfassung						Zeit:	235,13574	s	18.03.2014 15:05:58
Datum	Tageszeit	Laufzeit	Ch 1 Kraft Sollwert	Ch 1 Kraft	Ch 1 Weg
d	d	s	kN	kN	mm
41716	0,62662423	30,331055	-1,750293	-1,6534011	-0,0030450523
41716	0,62662655	30,53125	-2,5310547	-2,4942887	-0,0067554414
41716	0,62662888	30,731445	-3,3118165	-3,2829437	-0,010234863
41716	0,62663114	30,931641	-4,0925784	-4,0574985	-0,014581531
41716	0,62663347	31,131836	-4,8733401	-4,7840309	-0,018105656
41716	0,62663579	31,332031	-5,6541018	-5,0742908	-0,019803643
41716	0,62663811	31,532227	-6,4348636	-5,9090619	-0,022711605
41716	0,62664044	31,732422	-7,2156253	-7,0261664	-0,027673692
41716	0,62664276	31,932617	-7,996387	-7,9951277	-0,031415373
41716	0,62664509	32,132813	-8,7771482	-8,7558661	-0,034427643
41716	0,62664741	32,333008	-9,55791	-9,4843779	-0,036849827
41716	0,62664968	32,533203	-10,338672	-10,285677	-0,04016459
41716	0,626652	32,733398	-11,119433	-11,059569	-0,042654574
41716	0,62665433	32,933594	-11,900195	-11,931348	-0,044985861
41716	0,62665665	33,133789	-12,680957	-12,860307	-0,047973543
41716	0,62665898	33,333984	-13,46172	-13,646956	-0,050225854
41716	0,6266613	33,53418	-14,242481	-14,486032	-0,052905083
41716	0,62666363	33,734375	-15,023243	-15,210409	-0,05537793
41716	0,62666595	33,93457	-15,804005	-16,033669	-0,057224929
41716	0,62666821	34,134766	-16,584766	-16,790615	-0,059726834
41716	0,62667054	34,334961	-17,365528	-17,541542	-0,061200559
41716	0,62667286	34,535156	-18,14629	-18,337086	-0,063414872
41716	0,62667519	34,735352	-18,927052	-19,09234	-0,065680593
41716	0,62667751	34,935547	-19,707813	-19,835167	-0,067143142
41716	0,62667984	35,135742	-20,488575	-20,684591	-0,070123374
41716	0,62668216	35,335938	-21,269337	-21,44557	-0,071264058
41716	0,62668449	35,536133	-22,050098	-22,203445	-0,073491037
41716	0,62668675	35,736328	-22,83086	-22,996599	-0,075533241
41716	0,62668908	35,936523	-23,611622	-23,726358	-0,077046454
41716	0,6266914	36,136719	-24,392384	-24,509583	-0,079194456
41716	0,62669373	36,336914	-25,173145	-25,295486	-0,08071959
41716	0,62669605	36,537109	-25,953907	-26,049385	-0,082645565
41716	0,62669837	36,737305	-26,734669	-26,81896	-0,084669888
41716	0,6267007	36,9375	-27,51543	-27,57745	-0,086364895
41716	0,62670296	37,137695	-28,296192	-28,383352	-0,08745268
41716	0,62670529	37,337891	-29,076954	-29,197443	-0,089389086
41716	0,62670761	37,538086	-29,857716	-29,902802	-0,091034174
41716	0,62670994	37,738281	-30,638477	-30,73558	-0,093412399
41716	0,62671226	37,938477	-31,419239	-31,526522	-0,095091015
41716	0,62671459	38,138672	-32,200001	-32,265137	-0,096414238
41716	0,62671691	38,338867	-32,980762	-33,06485	-0,098393857
41716	0,62671924	38,539063	-33,761524	-33,870712	-0,099651515
41716	0,6267215	38,739258	-34,542286	-34,654461	-0,10143518
41716	0,62672383	38,939453	-35,323048	-35,39587	-0,10354295
41716	0,62672615	39,139648	-36,103809	-36,216076	-0,10523424
41716	0,62672848	39,339844	-36,884571	-36,98814	-0,10607168
41716	0,6267308	39,540039	-37,665333	-37,745213	-0,10794997
41716	0,62673312	39,740234	-38,446095	-38,518353	-0,10986552
41716	0,62673545	39,94043	-39,226856	-39,306232	-0,11127964
41716	0,62673777	40,140625	-40,007618	-40,065681	-0,1132749
41716	0,62674004	40,34082	-40,78838	-40,86581	-0,11422485
41716	0,62674236	40,541016	-41,569141	-41,660759	-0,11595413
41716	0,62674469	40,741211	-42,349903	-42,396378	-0,11693984
41716	0,62674701	40,941406	-43,130665	-43,169399	-0,11928305
41716	0,62674934	41,141602	-43,911427	-44,001343	-0,12063906
41716	0,62675166	41,341797	-44,692188	-44,792599	-0,122004
41716	0,62675399	41,541992	-45,47295	-45,534702	-0,12327731
41716	0,62675631	41,742188	-46,253712	-46,367161	-0,12521297
41716	0,62675858	41,942383	-47,034473	-47,138241	-0,12635812
41716	0,6267609	42,142578	-47,815235	-47,877155	-0,12806058
41716	0,62676322	42,342773	-48,595997	-48,685978	-0,12931153
41716	0,62676555	42,542969	-49,376759	-49,450516	-0,1310043
41716	0,62676787	42,743164	-50,15752	-50,215824	-0,13240501
41716	0,6267702	42,943359	-50,938282	-51,004635	-0,13390034
41716	0,62677252	43,143555	-51,719044	-51,799183	-0,13578981
41716	0,62677485	43,34375	-52,499805	-52,573303	-0,13689101
41716	0,62677711	43,543945	-53,280567	-53,317616	-0,13831481
41716	0,62677944	43,744141	-54,061329	-54,122429	-0,13960749
41716	0,62678176	43,944336	-54,842091	-54,934498	-0,14164373
41716	0,62678409	44,144531	-55,622852	-55,668755	-0,14240667
41716	0,62678641	44,344727	-56,403614	-56,448704	-0,14401227
41716	0,62678874	44,544922	-57,184376	-57,238731	-0,14580339
41716	0,62679106	44,745117	-57,965137	-58,044022	-0,14674366
41716	0,62679338	44,945313	-58,745899	-58,780594	-0,14834553
41716	0,62679565	45,145508	-59,526661	-59,605949	-0,14992207
41716	0,62679797	45,345703	-60,307423	-60,438004	-0,15159398
41716	0,6268003	45,545898	-61,088184	-61,143848	-0,15246794
41716	0,62680262	45,746094	-61,868946	-61,925594	-0,1536794
41716	0,62680495	45,946289	-62,649708	-62,735638	-0,15553162
41716	0,62680727	46,146484	-63,43047	-63,509766	-0,15687048
41716	0,6268096	46,34668	-64,211235	-64,268631	-0,15787631
41716	0,62681192	46,546875	-64,991997	-65,073524	-0,15949979
41716	0,62681419	46,74707	-65,772758	-65,846695	-0,16072914
41716	0,62681651	46,947266	-66,55352	-66,59417	-0,16232505
41716	0,62681884	47,147461	-67,334282	-67,385124	-0,16372129
41716	0,62682116	47,347656	-68,115044	-68,173523	-0,16480461
41716	0,62682348	47,547852	-68,895805	-68,932793	-0,16662627
41716	0,62682581	47,748047	-69,676567	-69,728111	-0,16797557
41716	0,62682813	47,948242	-70,457329	-70,528908	-0,16909912
41716	0,62683046	48,148438	-71,238091	-71,281647	-0,1703687
41716	0,62683272	48,348633	-72,018852	-72,081291	-0,17190948
41716	0,62683505	48,548828	-72,799614	-72,881004	-0,17328784
41716	0,62683737	48,749023	-73,580376	-73,614601	-0,17441213
41716	0,6268397	48,949219	-74,361137	-74,407173	-0,17563701
41716	0,62684202	49,149414	-75,141899	-75,206017	-0,17654225
41716	0,62684435	49,349609	-75,922661	-76,010452	-0,17812476
41716	0,62684667	49,549805	-76,703423	-76,753815	-0,17933398
41716	0,626849	49,75	-77,484184	-77,52063	-0,18041581
41716	0,62685126	49,950195	-78,264946	-78,354462	-0,18245354
41716	0,62685359	50,150391	-79,045708	-79,127029	-0,18336698
41716	0,62685591	50,350586	-79,826469	-79,870758	-0,18454939
41716	0,62685823	50,550781	-80,607231	-80,673645	-0,18606037
41716	0,62686056	50,750977	-81,387993	-81,459496	-0,18751994
41716	0,62686288	50,951172	-82,168755	-82,260475	-0,18803403
41716	0,62686521	51,151367	-82,949516	-83,002632	-0,19014105
41716	0,62686753	51,351563	-83,730278	-83,825981	-0,19096732
41716	0,6268698	51,551758	-84,51104	-84,607246	-0,19246191
41716	0,62687212	51,751953	-85,291801	-85,358711	-0,19340888
41716	0,62687445	51,952148	-86,072563	-86,146652	-0,19505695
41716	0,62687677	52,152344	-86,853325	-86,949554	-0,19612014
41716	0,6268791	52,352539	-87,634087	-87,684723	-0,19734576
41716	0,62688142	52,552734	-88,414848	-88,494148	-0,19861758
41716	0,62688375	52,75293	-89,19561	-89,279221	-0,19983128
41716	0,62688607	52,953125	-89,976372	-90,021378	-0,20133927
41716	0,62688833	53,15332	-90,757133	-90,798096	-0,20222142
41716	0,62689066	53,353516	-91,537895	-91,614754	-0,20361468
41716	0,62689298	53,553711	-92,318657	-92,379997	-0,20432174
41716	0,62689531	53,753906	-93,099419	-93,156143	-0,20602942
41716	0,62689763	53,954102	-93,88018	-93,96714	-0,20745546
41716	0,62689996	54,154297	-94,660942	-94,772026	-0,20826608
41716	0,62690228	54,354492	-95,441704	-95,529503	-0,21006837
41716	0,62690461	54,554688	-96,222466	-96,291779	-0,21094531
41716	0,62690687	54,754883	-97,003227	-97,100792	-0,21175295
41716	0,6269092	54,955078	-97,783989	-97,870651	-0,212951
41716	0,62691152	55,155273	-98,564751	-98,599365	-0,21464527
41716	0,62691385	55,355469	-99,345512	-99,433022	-0,21550357
41716	0,62691617	55,555664	-100,12627	-100,20771	-0,21701306
41716	0,62691849	55,755859	-100,90704	-100,92557	-0,21820292
41716	0,62692082	55,956055	-101,6878	-101,78365	-0,21944419
41716	0,62692314	56,15625	-102,46856	-102,56853	-0,22030622
41716	0,62692541	56,356445	-103,24932	-103,3153	-0,22130683
41716	0,62692773	56,556641	-104,03008	-104,08791	-0,22259057
41716	0,62693006	56,756836	-104,81084	-104,92881	-0,2237238
41716	0,62693238	56,957031	-105,59161	-105,66648	-0,22508949
41716	0,62693471	57,157227	-106,37237	-106,41891	-0,22601709
41716	0,62693703	57,357422	-107,15313	-107,24816	-0,22695139
41716	0,62693936	57,557617	-107,93389	-108,04137	-0,22855923
41716	0,62694168	57,757813	-108,71465	-108,79082	-0,22923276
41716	0,62694395	57,958008	-109,49541	-109,56517	-0,23050308
41716	0,62694627	58,158203	-110,27618	-110,34956	-0,23160949
41716	0,6269486	58,358398	-111,05694	-111,11956	-0,23283511
41716	0,62695092	58,558594	-111,8377	-111,86427	-0,23377165
41716	0,62695324	58,758789	-112,61846	-112,70693	-0,23510829
41716	0,62695557	58,958984	-113,39922	-113,5035	-0,23679286
41716	0,62695789	59,15918	-114,17999	-114,24243	-0,23696125
41716	0,62696022	59,359375	-114,96075	-115,06918	-0,23869127
41716	0,62696248	59,55957	-115,74151	-115,84717	-0,23948923
41716	0,62696481	59,759766	-116,52227	-116,56639	-0,24068132
41716	0,62696713	59,959961	-117,30303	-117,37339	-0,24221539
41716	0,62696946	60,160156	-118,08379	-118,16406	-0,24269074
41716	0,62697178	60,360352	-118,86456	-118,9167	-0,24383664
41716	0,62697411	60,560547	-119,64532	-119,69419	-0,24543107
41716	0,62697643	60,760742	-120,42608	-120,48747	-0,24586841
41716	0,62697875	60,960938	-121,20684	-121,31409	-0,24702847
41716	0,62698102	61,161133	-121,9876	-121,99183	-0,24796501
41716	0,62698334	61,361328	-122,76836	-122,8797	-0,24981722
41716	0,62698567	61,561523	-123,54913	-123,63554	-0,25040731
41716	0,62698799	61,761719	-124,32989	-124,42994	-0,25155246
41716	0,62699032	61,961914	-125,11065	-125,18169	-0,25225207
41716	0,62699264	62,162109	-125,89141	-125,96343	-0,25323704
41716	0,62699497	62,362305	-126,67217	-126,72802	-0,25467053
41716	0,62699729	62,5625	-127,45293	-127,52359	-0,25568232
41716	0,62699956	62,762695	-128,23369	-128,32056	-0,2572909
41716	0,62700188	62,962891	-129,01445	-129,13916	-0,25780573
41716	0,62700421	63,163086	-129,79521	-129,80896	-0,25871173
41716	0,62700653	63,363281	-130,57597	-130,61067	-0,25966093
41716	0,62700886	63,563477	-131,35674	-131,438	-0,26117638
41716	0,62701118	63,763672	-132,1375	-132,19415	-0,26157051
41716	0,6270135	63,963867	-132,91826	-132,97879	-0,26312321
41716	0,62701577	64,164063	-133,69902	-133,7876	-0,26376694
41716	0,62701809	64,364258	-134,47978	-134,59195	-0,26491508
41716	0,62702042	64,564453	-135,26054	-135,32178	-0,26531443
41716	0,62702274	64,764648	-136,04131	-136,10721	-0,2671957
41716	0,62702507	64,964844	-136,82207	-136,9427	-0,2679348
41716	0,62702739	65,165039	-137,60283	-137,65485	-0,26880652
41716	0,62702972	65,365234	-138,38359	-138,46954	-0,26994944
41716	0,62703204	65,56543	-139,16435	-139,27031	-0,27074814
41716	0,62703431	65,765625	-139,94511	-140,00066	-0,27212352
41716	0,62703663	65,96582	-140,72588	-140,74876	-0,27258843
41716	0,62703896	66,166016	-141,50664	-141,55692	-0,27402043
41716	0,62704128	66,366211	-142,2874	-142,39484	-0,27445182
41716	0,6270436	66,566406	-143,06816	-143,09233	-0,27564913
41716	0,62704593	66,766602	-143,84892	-143,88887	-0,2767846
41716	0,62704825	66,966797	-144,62968	-144,71484	-0,27769431
41716	0,62705058	67,166992	-145,41045	-145,44327	-0,27902052
41716	0,62705284	67,367188	-146,19121	-146,24324	-0,27985275
41716	0,62705517	67,567383	-146,97197	-147,07961	-0,2810128
41716	0,62705749	67,767578	-147,75273	-147,81941	-0,28121993
41716	0,62705982	67,967773	-148,53349	-148,60426	-0,28251186
41716	0,62706214	68,167969	-149,31425	-149,41295	-0,28328821
41716	0,62706447	68,368164	-150,09502	-150,19353	-0,28478652
41716	0,62706679	68,568359	-150,87578	-150,95651	-0,28532892
41716	0,62706912	68,768555	-151,65654	-151,67506	-0,28660148
41716	0,62707138	68,96875	-152,4373	-152,49495	-0,28740987
41716	0,62707371	69,168945	-153,21806	-153,25139	-0,28841421
41716	0,62707603	69,369141	-153,99883	-154,01181	-0,28918236
41716	0,62707835	69,569336	-154,77959	-154,81436	-0,29030293
41716	0,62708068	69,769531	-155,56035	-155,61874	-0,29137135
41716	0,627083	69,969727	-156,34111	-156,34831	-0,29226914
41716	0,62708533	70,169922	-157,12187	-157,18164	-0,29352084
41716	0,62708765	70,370117	-157,90263	-157,9939	-0,29407889
41716	0,62708992	70,570313	-158,6834	-158,72929	-0,29531866
41716	0,62709224	70,770508	-159,46416	-159,51733	-0,2965264
41716	0,62709457	70,970703	-160,24492	-160,34845	-0,29766932
41716	0,62709689	71,170898	-161,02568	-161,09451	-0,29821992
41716	0,62709922	71,371094	-161,80644	-161,86966	-0,29921383
41716	0,62710154	71,571289	-162,5872	-162,65544	-0,29993653
41716	0,62710387	71,771484	-163,36797	-163,43842	-0,30065849
41716	0,62710619	71,97168	-164,14873	-164,11838	-0,30160993
41716	0,62710845	72,171875	-164,92949	-164,95018	-0,30282363
41716	0,62711078	72,37207	-165,71025	-165,69507	-0,30357689
41716	0,6271131	72,572266	-166,49101	-166,51277	-0,30485988
41716	0,62711543	72,772461	-167,27177	-167,28658	-0,30544698
41716	0,62711775	72,972656	-168,05254	-168,12794	-0,30675605
41716	0,62712008	73,172852	-168,8333	-168,91289	-0,30763745
41716	0,6271224	73,373047	-169,61406	-169,63181	-0,30815005
41716	0,62712473	73,573242	-170,39482	-170,46736	-0,30909702
41716	0,62712699	73,773438	-171,17558	-171,24344	-0,31014159
41716	0,62712932	73,973633	-171,95634	-172,00084	-0,3112033
41716	0,62713164	74,173828	-172,73711	-172,79118	-0,31248853
41716	0,62713397	74,374023	-173,51787	-173,62506	-0,3131099
41716	0,62713629	74,574219	-174,29863	-174,381	-0,31384751
41716	0,62713861	74,774414	-175,07939	-175,09933	-0,31430572
41716	0,62714094	74,974609	-175,86015	-175,93236	-0,31615868
41716	0,62714326	75,174805	-176,64091	-176,7238	-0,3172107
41716	0,62714553	75,375	-177,42168	-177,46837	-0,31766891
41716	0,62714785	75,575195	-178,20244	-178,27979	-0,31923726
41716	0,62715018	75,775391	-178,9832	-179,11113	-0,31983331
41716	0,6271525	75,975586	-179,76396	-179,76422	-0,32039881
41716	0,62715483	76,175781	-180,54472	-180,6133	-0,32130703
41716	0,62715715	76,375977	-181,32549	-181,40567	-0,32228678
41716	0,62715948	76,576172	-182,10625	-182,22435	-0,3232412
41716	0,6271618	76,776367	-182,88701	-182,95383	-0,32447651
41716	0,62716407	76,976563	-183,66777	-183,74747	-0,32540858
41716	0,62716639	77,176758	-184,44853	-184,513	-0,32630861
41716	0,62716872	77,376953	-185,22929	-185,28308	-0,32729357
41716	0,62717104	77,577148	-186,01006	-185,99156	-0,32791644
41716	0,62717336	77,777344	-186,79082	-186,83118	-0,32840669
41716	0,62717569	77,977539	-187,57158	-187,599	-0,32932088
41716	0,62717801	78,177734	-188,35236	-188,3947	-0,33076406
41716	0,62718034	78,37793	-189,13312	-189,14867	-0,3310442
41716	0,6271826	78,578125	-189,91388	-190,02762	-0,33260733
41716	0,62718493	78,77832	-190,69464	-190,77177	-0,33317879
41716	0,62718725	78,978516	-191,4754	-191,63405	-0,33445209
41716	0,62718958	79,178711	-192,25616	-192,29541	-0,33561736
41716	0,6271919	79,378906	-193,03693	-193,05301	-0,33616871
41716	0,62719423	79,579102	-193,81769	-193,87042	-0,33680126
41716	0,62719655	79,779297	-194,59845	-194,68921	-0,33783764
41716	0,62719887	79,979492	-195,37921	-195,4547	-0,33908635
41716	0,62720114	80,179688	-196,15997	-196,22984	-0,34033805
41716	0,62720346	80,379883	-196,94073	-196,9816	-0,34049675
41716	0,62720579	80,580078	-197,7215	-197,77719	-0,34108236
41716	0,62720811	80,780273	-198,50226	-198,5271	-0,34226701
41716	0,62721044	80,980469	-199,28302	-199,31956	-0,34329891
41716	0,62721276	81,180664	-200,06378	-200,20493	-0,34437776
41716	0,62721509	81,380859	-200,84454	-201,00058	-0,34507513
41716	0,62721741	81,581055	-201,62531	-201,6064	-0,34575015
41716	0,62721968	81,78125	-202,40607	-202,43723	-0,34689307
41716	0,627222	81,981445	-203,18683	-203,21786	-0,34742579
41716	0,62722433	82,181641	-203,96759	-203,96123	-0,3486596
41716	0,62722665	82,381836	-204,74835	-204,77847	-0,34941807
41716	0,62722898	82,582031	-205,52911	-205,61751	-0,35033524
41716	0,6272313	82,782227	-206,30988	-206,34128	-0,35116971
41716	0,62723362	82,982422	-207,09064	-207,13762	-0,35236403
41716	0,62723595	83,182617	-207,8714	-207,95027	-0,35264269
41716	0,62723821	83,382813	-208,65216	-208,68115	-0,35357773
41716	0,62724054	83,583008	-209,43292	-209,48495	-0,35422072
41716	0,62724286	83,783203	-210,21368	-210,26828	-0,35554767
41716	0,62724519	83,983398	-210,99445	-211,06694	-0,35639778
41716	0,62724751	84,183594	-211,77521	-211,80119	-0,357043
41716	0,62724984	84,383789	-212,55597	-212,61078	-0,35811514
41716	0,62725216	84,583984	-213,33673	-213,42809	-0,35924092
41716	0,62725449	84,78418	-214,11749	-214,18257	-0,35979822
41716	0,62725675	84,984375	-214,89825	-214,97711	-0,36068633
41716	0,62725908	85,18457	-215,67902	-215,76324	-0,36184043
41716	0,6272614	85,384766	-216,45978	-216,52687	-0,36274046
41716	0,62726372	85,584961	-217,24054	-217,31244	-0,36299452
41716	0,62726605	85,785156	-218,0213	-218,09859	-0,36444739
41716	0,62726837	85,985352	-218,80206	-218,88196	-0,36518425
41716	0,6272707	86,185547	-219,58282	-219,62833	-0,36615506
41716	0,62727302	86,385742	-220,36359	-220,43982	-0,36729947
41716	0,62727529	86,585938	-221,14435	-221,22838	-0,36810488
41716	0,62727761	86,786133	-221,92511	-221,96848	-0,36872774
41716	0,62727994	86,986328	-222,70587	-222,77684	-0,36993399
41716	0,62728226	87,186523	-223,48663	-223,60049	-0,36995932
41716	0,62728459	87,386719	-224,2674	-224,35825	-0,37117526
41716	0,62728691	87,586914	-225,04816	-225,07764	-0,37221834
41716	0,62728924	87,787109	-225,82892	-225,91106	-0,37307292
41716	0,62729156	87,987305	-226,60968	-226,72351	-0,37381053
41716	0,62729383	88,1875	-227,39044	-227,4126	-0,37530959
41716	0,62729615	88,387695	-228,1712	-228,24194	-0,37598312
41716	0,62729847	88,587891	-228,95197	-229,0405	-0,37650615
41716	0,6273008	88,788086	-229,73273	-229,77727	-0,37735254
41716	0,62730312	88,988281	-230,51349	-230,59497	-0,37814751
41716	0,62730545	89,188477	-231,29425	-231,4102	-0,37893802
41716	0,62730777	89,388672	-232,07501	-232,16606	-0,37977546
41716	0,6273101	89,588867	-232,85577	-232,92477	-0,38080439
41716	0,62731236	89,789063	-233,63654	-233,6803	-0,38160086
41716	0,62731469	89,989258	-234,4173	-234,50696	-0,38274378
41716	0,62731701	90,189453	-235,19806	-235,22987	-0,38353875
41716	0,62731934	90,389648	-235,97882	-236,03838	-0,38426146
41716	0,62732166	90,589844	-236,75958	-236,82478	-0,38494617
41716	0,62732399	90,790039	-237,54034	-237,58835	-0,38591027
41716	0,62732631	90,990234	-238,32111	-238,40381	-0,38702264
41716	0,62732857	91,19043	-239,10187	-239,18599	-0,38827807
41716	0,6273309	91,390625	-239,88263	-239,97189	-0,38855374
41716	0,62733322	91,59082	-240,66339	-240,71365	-0,38938001
41716	0,62733555	91,791016	-241,44415	-241,51988	-0,39040968
41716	0,62733787	91,991211	-242,22491	-242,35385	-0,39132535
41716	0,6273402	92,191406	-243,00568	-243,07643	-0,39212629
41716	0,62734252	92,391602	-243,78644	-243,82367	-0,39300099
41716	0,62734485	92,591797	-244,5672	-244,69032	-0,39377436
41716	0,62734711	92,791992	-245,34796	-245,36876	-0,39402544
41716	0,62734944	92,992188	-246,12872	-246,15103	-0,3959395
41716	0,62735176	93,192383	-246,90948	-246,98206	-0,39604306
41716	0,62735409	93,392578	-247,69025	-247,76997	-0,39677247
41716	0,62735641	93,592773	-248,47101	-248,50801	-0,39796606
41716	0,62735873	93,792969	-249,25177	-249,31294	-0,39871186
41716	0,62736106	93,993164	-250,03253	-250,11598	-0,39936826
41716	0,62736338	94,193359	-250,81329	-250,86678	-0,40057972
41716	0,62736565	94,393555	-251,59406	-251,64867	-0,40099695
41716	0,62736797	94,59375	-252,37482	-252,48326	-0,40226281
41716	0,6273703	94,793945	-253,15558	-253,22543	-0,40311292
41716	0,62737262	94,994141	-253,93634	-253,96797	-0,40411726
41716	0,62737495	95,194336	-254,7171	-254,79907	-0,40462762
41716	0,62737727	95,394531	-255,49786	-255,58136	-0,40517896
41716	0,6273796	95,594727	-256,27863	-256,32327	-0,40612146
41716	0,62738192	95,794922	-257,05939	-257,10788	-0,40716529
41716	0,62738419	95,995117	-257,84015	-257,90167	-0,40815994
41716	0,62738651	96,195313	-258,62091	-258,67563	-0,40900186
41716	0,62738883	96,395508	-259,40167	-259,43359	-0,40966645
41716	0,62739116	96,595703	-260,18243	-260,26358	-0,41057765
41716	0,62739348	96,795898	-260,9632	-261,03717	-0,4114382
41716	0,62739581	96,996094	-261,74396	-261,77371	-0,41190162
41716	0,62739813	97,196289	-262,52472	-262,57297	-0,41268617
41716	0,62740046	97,396484	-263,30548	-263,4357	-0,41411892
41716	0,62740272	97,59668	-264,08624	-264,1503	-0,41455999
41716	0,62740505	97,796875	-264,867	-264,87778	-0,41555017
41716	0,62740737	97,99707	-265,64777	-265,77264	-0,41640177
41716	0,6274097	98,197266	-266,42853	-266,48578	-0,41722432
41716	0,62741202	98,397461	-267,20929	-267,2485	-0,4182674
41716	0,62741435	98,597656	-267,99005	-268,08469	-0,41930303
41716	0,62741667	98,797852	-268,77081	-268,84512	-0,41956156
41716	0,62741899	98,998047	-269,55157	-269,59534	-0,42034239
41716	0,62742126	99,198242	-270,33234	-270,37125	-0,42116642
41716	0,62742358	99,398438	-271,1131	-271,18021	-0,42179525
41716	0,62742591	99,598633	-271,89386	-271,93445	-0,42369068
41716	0,62742823	99,798828	-272,67462	-272,71222	-0,42411834
41716	0,62743056	99,999023	-273,45538	-273,51871	-0,42506829
41716	0,62743288	100,19922	-274,23615	-274,29651	-0,42597577
41716	0,62743521	100,39941	-275,01691	-275,05984	-0,4266046
41716	0,62743753	100,59961	-275,79767	-275,84698	-0,42756647
41716	0,6274398	100,7998	-276,57843	-276,65714	-0,428354
41716	0,62744212	101	-277,35919	-277,42291	-0,42902231
41716	0,62744445	101,2002	-278,13995	-278,23587	-0,43029413
41716	0,62744677	101,40039	-278,92072	-278,99179	-0,43074191
41716	0,6274491	101,60059	-279,70148	-279,76025	-0,43167099
41716	0,62745142	101,80078	-280,48224	-280,51669	-0,43258816
41716	0,62745374	102,00098	-281,263	-281,31424	-0,43327659
41716	0,62745607	102,20117	-282,04376	-282,1427	-0,4343681
41716	0,62745833	102,40137	-282,82452	-282,8317	-0,43501705
41716	0,62746066	102,60156	-283,60529	-283,61234	-0,43600202
41716	0,62746298	102,80176	-284,38605	-284,4281	-0,43685809
41716	0,62746531	103,00195	-285,16681	-285,23077	-0,43735281
41716	0,62746763	103,20215	-285,94757	-286,00278	-0,43783635
41716	0,62746996	103,40234	-286,72833	-286,82791	-0,43878332
41716	0,62747228	103,60254	-287,50909	-287,59851	-0,43971762
41716	0,62747461	103,80273	-288,28986	-288,33722	-0,44104904
41716	0,62747687	104,00293	-289,07062	-289,1268	-0,44174492
41716	0,6274792	104,20313	-289,85138	-289,92343	-0,44197068
41716	0,62748152	104,40332	-290,63214	-290,68451	-0,4438743
41716	0,62748384	104,60352	-291,4129	-291,52002	-0,44427589
41716	0,62748617	104,80371	-292,19366	-292,29788	-0,44523627
41716	0,62748849	105,00391	-292,97443	-293,03284	-0,44610053
41716	0,62749082	105,2041	-293,75519	-293,75507	-0,44627786
41716	0,62749314	105,4043	-294,53595	-294,59399	-0,44746548
41716	0,62749541	105,60449	-295,31671	-295,43112	-0,4485622
41716	0,62749773	105,80469	-296,09747	-296,15027	-0,449121
41716	0,62750006	106,00488	-296,87823	-296,96362	-0,4496187
41716	0,62750238	106,20508	-297,659	-297,76114	-0,45097172
41716	0,62750471	106,40527	-298,43976	-298,51682	-0,4516989
41716	0,62750703	106,60547	-299,22052	-299,2778	-0,45275241
41716	0,62750936	106,80566	-300,00128	-300,08566	-0,45334101
41716	0,62751168	107,00586	-300,78204	-300,81949	-0,45424551
41716	0,62751395	107,20605	-301,56281	-301,59845	-0,45442358
41716	0,62751627	107,40625	-302,34357	-302,43146	-0,4557386
41716	0,62751859	107,60645	-303,12433	-303,18271	-0,45674071
41716	0,62752092	107,80664	-303,90509	-303,96338	-0,45737252
41716	0,62752324	108,00684	-304,68585	-304,74292	-0,45815706
41716	0,62752557	108,20703	-305,46661	-305,55191	-0,4589498
41716	0,62752789	108,40723	-306,24738	-306,30984	-0,4598178
41716	0,62753022	108,60742	-307,02814	-307,14874	-0,46061352
41716	0,62753248	108,80762	-307,8089	-307,9306	-0,46124533
41716	0,62753481	109,00781	-308,58966	-308,68546	-0,46180487
41716	0,62753713	109,20801	-309,37042	-309,38071	-0,46334043
41716	0,62753946	109,4082	-310,15118	-310,24634	-0,46454668
41716	0,62754178	109,6084	-310,93195	-310,98099	-0,46475232
41716	0,62754411	109,80859	-311,71271	-311,72238	-0,46554729
41716	0,62754643	110,00879	-312,49347	-312,5408	-0,46663955
41716	0,62754875	110,20898	-313,27423	-313,32178	-0,46733469
41716	0,62755102	110,40918	-314,05499	-314,08832	-0,46831518
41716	0,62755334	110,60938	-314,83575	-314,8949	-0,46879351
41716	0,62755567	110,80957	-315,61652	-315,71478	-0,4699178
41716	0,62755799	111,00977	-316,39728	-316,46832	-0,47034547
41716	0,62756032	111,20996	-317,17804	-317,24973	-0,47132522
41716	0,62756264	111,41016	-317,9588	-318,08447	-0,47222152
41716	0,62756497	111,61035	-318,73956	-318,83453	-0,47317743
41716	0,62756729	111,81055	-319,52032	-319,60339	-0,47401711
41716	0,62756956	112,01074	-320,30109	-320,39331	-0,47499239
41716	0,62757188	112,21094	-321,08185	-321,17313	-0,47534406
41716	0,62757421	112,41113	-321,86261	-321,93524	-0,47622696
41716	0,62757653	112,61133	-322,64337	-322,7251	-0,4767105
41716	0,62757885	112,81152	-323,42413	-323,53647	-0,47803149
41716	0,62758118	113,01172	-324,2049	-324,27707	-0,47873929
41716	0,6275835	113,21191	-324,98566	-324,99942	-0,47922507
41716	0,62758583	113,41211	-325,76642	-325,80231	-0,48043728
41716	0,62758809	113,6123	-326,54718	-326,56165	-0,48071668
41716	0,62759042	113,8125	-327,32794	-327,33493	-0,48195422
41716	0,62759274	114,0127	-328,1087	-328,1311	-0,48262551
41716	0,62759507	114,21289	-328,88947	-328,95142	-0,48370734
41716	0,62759739	114,41309	-329,67023	-329,71075	-0,48424006
41716	0,62759972	114,61328	-330,45099	-330,4639	-0,4852213
41716	0,62760204	114,81348	-331,23175	-331,31229	-0,48624128
41716	0,62760437	115,01367	-332,01251	-332,11639	-0,48728958
41716	0,62760663	115,21387	-332,79327	-332,87369	-0,48779771
41716	0,62760895	115,41406	-333,57404	-333,64609	-0,48890337
41716	0,62761128	115,61426	-334,3548	-334,38467	-0,4896611
41716	0,6276136	115,81445	-335,13556	-335,1767	-0,49039647
41716	0,62761593	116,01465	-335,91632	-335,98621	-0,490655
41716	0,62761825	116,21484	-336,69708	-336,75671	-0,49218982
41716	0,62762058	116,41504	-337,47784	-337,53076	-0,49232692
41716	0,6276229	116,61523	-338,25861	-338,28159	-0,49334392
41716	0,62762517	116,81543	-339,03937	-339,05164	-0,49382746
41716	0,62762749	117,01563	-339,82013	-339,85199	-0,49479976
41716	0,62762982	117,21582	-340,60089	-340,64117	-0,49619898
41716	0,62763214	117,41602	-341,38165	-341,44464	-0,49630627
41716	0,62763447	117,61621	-342,16241	-342,27567	-0,49755722
41716	0,62763679	117,81641	-342,94318	-343,01038	-0,49821138
41716	0,62763911	118,0166	-343,72394	-343,79156	-0,49897134
41716	0,62764138	118,2168	-344,5047	-344,55566	-0,500305
41716	0,6276437	118,41699	-345,28546	-345,33563	-0,50075203
41716	0,62764603	118,61719	-346,06622	-346,13684	-0,50248277
41716	0,62764835	118,81738	-346,84698	-346,89783	-0,50246787
41716	0,62765068	119,01758	-347,62775	-347,70172	-0,50379485
41716	0,627653	119,21777	-348,40851	-348,42648	-0,50446838
41716	0,62765533	119,41797	-349,18927	-349,2464	-0,50492358
41716	0,62765765	119,61816	-349,97003	-350,0209	-0,50596446
41716	0,62765992	119,81836	-350,75079	-350,78549	-0,50688684
41716	0,62766224	120,01855	-351,53156	-351,5603	-0,5073607
41716	0,62766457	120,21875	-352,31232	-352,37479	-0,508596
41716	0,62766689	120,41895	-353,09308	-353,16418	-0,5092442
41716	0,62766922	120,61914	-353,87384	-353,88556	-0,50966591
41716	0,62767154	120,81934	-354,6546	-354,73889	-0,51054883
41716	0,62767386	121,01953	-355,43536	-355,51807	-0,51181543
41716	0,62767619	121,21973	-356,21613	-356,25064	-0,51254779
41716	0,62767845	121,41992	-356,99689	-356,9968	-0,51384568
41716	0,62768078	121,62012	-357,77765	-357,82419	-0,51427335
41716	0,6276831	121,82031	-358,55841	-358,54596	-0,51513386
41716	0,62768543	122,02051	-359,33917	-359,34235	-0,51565021
41716	0,62768775	122,2207	-360,11993	-360,14072	-0,51691681
41716	0,62769008	122,4209	-360,9007	-360,95535	-0,51749575
41716	0,6276924	122,62109	-361,68146	-361,71368	-0,51873994
41716	0,62769473	122,82129	-362,46222	-362,51981	-0,51931071
41716	0,62769699	123,02148	-363,24298	-363,31543	-0,51995444
41716	0,62769932	123,22168	-364,02374	-364,08871	-0,5207442
41716	0,62770164	123,42188	-364,8045	-364,875	-0,52171499
41716	0,62770396	123,62207	-365,58527	-365,70209	-0,52255321
41716	0,62770629	123,82227	-366,36603	-366,44424	-0,52307177
41716	0,62770861	124,02246	-367,14679	-367,21582	-0,52419603
41716	0,62771094	124,22266	-367,92755	-368,02109	-0,52468252
41716	0,62771326	124,42285	-368,70831	-368,79611	-0,52603483
41716	0,62771553	124,62305	-369,48907	-369,52396	-0,52693784
41716	0,62771785	124,82324	-370,26984	-370,33206	-0,52700269
41716	0,62772018	125,02344	-371,0506	-371,14053	-0,52812469
41716	0,6277225	125,22363	-371,83136	-371,88116	-0,52888918
41716	0,62772483	125,42383	-372,61212	-372,65463	-0,52982122
41716	0,62772715	125,62402	-373,39288	-373,43713	-0,53074062
41716	0,62772948	125,82422	-374,17365	-374,215	-0,53173602
41716	0,6277318	126,02441	-374,95441	-374,95581	-0,532601
41716	0,62773407	126,22461	-375,73517	-375,78818	-0,5330987
41716	0,62773639	126,4248	-376,51593	-376,62711	-0,53390932
41716	0,62773871	126,625	-377,29669	-377,38785	-0,53505152
41716	0,62774104	126,8252	-378,07745	-378,14194	-0,53550601
41716	0,62774336	127,02539	-378,85822	-378,91592	-0,53633451
41716	0,62774569	127,22559	-379,63898	-379,70416	-0,53748339
41716	0,62774801	127,42578	-380,41974	-380,45621	-0,53777027
41716	0,62775034	127,62598	-381,2005	-381,23633	-0,53848624
41716	0,6277526	127,82617	-381,98126	-382,0289	-0,53983557
41716	0,62775493	128,02637	-382,76202	-382,81961	-0,54061782
41716	0,62775725	128,22656	-383,54279	-383,59656	-0,54120868
41716	0,62775958	128,42676	-384,32355	-384,37476	-0,54230917
41716	0,6277619	128,62695	-385,10431	-385,15033	-0,54302812
41716	0,62776423	128,82715	-385,88507	-385,95813	-0,54370761
41716	0,62776655	129,02734	-386,66583	-386,74011	-0,54464638
41716	0,62776887	129,22754	-387,44659	-387,51654	-0,54540038
41716	0,62777114	129,42773	-388,22736	-388,25549	-0,54604936
41716	0,62777346	129,62793	-389,00812	-389,10452	-0,54717886
41716	0,62777579	129,82813	-389,78888	-389,85999	-0,54779202
41716	0,62777811	130,02832	-390,56964	-390,62244	-0,54874051
41716	0,62778044	130,22852	-391,3504	-391,41635	-0,54966581
41716	0,62778276	130,42871	-392,13116	-392,19324	-0,55069554
41716	0,62778509	130,62891	-392,91193	-392,95956	-0,55117381
41716	0,62778741	130,8291	-393,69269	-393,71268	-0,55186749
41716	0,62778968	131,0293	-394,47345	-394,54739	-0,55297166
41716	0,627792	131,22949	-395,25421	-395,31161	-0,55361688
41716	0,62779433	131,42969	-396,03497	-396,09036	-0,5544908
41716	0,62779665	131,62988	-396,81573	-396,92126	-0,55527616
41716	0,62779897	131,83008	-397,5965	-397,69977	-0,55605841
41716	0,6278013	132,03027	-398,37726	-398,45758	-0,55714774
41716	0,62780362	132,23047	-399,15802	-399,23605	-0,55782795
41716	0,62780595	132,43066	-399,93878	-400,03085	-0,55897903
41716	0,62780821	132,63086	-400,71954	-400,80237	-0,55900365
41716	0,62781054	132,83105	-401,50031	-401,55469	-0,55998039
41716	0,62781286	133,03125	-402,28107	-402,38535	-0,56105185
41716	0,62781519	133,23145	-403,06183	-403,13736	-0,56177676
41716	0,62781751	133,43164	-403,84259	-403,9025	-0,56250763
41716	0,62781984	133,63184	-404,62335	-404,7287	-0,56353736
41716	0,62782216	133,83203	-405,40411	-405,49408	-0,56435537
41716	0,62782449	134,03223	-406,18488	-406,22836	-0,56547153
41716	0,62782675	134,23242	-406,96564	-407,02289	-0,56549311
41716	0,62782907	134,43262	-407,7464	-407,80057	-0,56598556
41716	0,6278314	134,63281	-408,52716	-408,59479	-0,56750625
41716	0,62783372	134,83301	-409,30792	-409,33569	-0,56801289
41716	0,62783605	135,0332	-410,08868	-410,15717	-0,56921989
41716	0,62783837	135,2334	-410,86945	-410,93533	-0,57001042
41716	0,6278407	135,43359	-411,65021	-411,69098	-0,57062805
41716	0,62784302	135,63379	-412,43097	-412,53033	-0,57149082
41716	0,62784529	135,83398	-413,21173	-413,30023	-0,5726285
41716	0,62784761	136,03418	-413,99249	-414,07025	-0,57340193
41716	0,62784994	136,23438	-414,77325	-414,853	-0,5742259
41716	0,62785226	136,43457	-415,55402	-415,65164	-0,57489276
41716	0,62785459	136,63477	-416,33478	-416,42871	-0,57535243
41716	0,62785691	136,83496	-417,11554	-417,16226	-0,57678449
41716	0,62785923	137,03516	-417,8963	-417,96765	-0,57725978
41716	0,62786156	137,23535	-418,67706	-418,77084	-0,57808012
41716	0,62786382	137,43555	-419,45782	-419,48349	-0,57898313
41716	0,62786615	137,63574	-420,23859	-420,29868	-0,579422
41716	0,62786847	137,83594	-421,01935	-421,07721	-0,58043373
41716	0,6278708	138,03613	-421,80011	-421,83545	-0,58120936
41716	0,62787312	138,23633	-422,58087	-422,60764	-0,58238059
41716	0,62787545	138,43652	-423,36163	-423,42087	-0,58307201
41716	0,62787777	138,63672	-424,1424	-424,18991	-0,58407784
41716	0,6278801	138,83691	-424,92316	-424,93188	-0,58441609
41716	0,62788236	139,03711	-425,70392	-425,7608	-0,5856663
41716	0,62788469	139,2373	-426,48468	-426,56387	-0,58635545
41716	0,62788701	139,4375	-427,26544	-427,30939	-0,58684278
41716	0,62788934	139,6377	-428,0462	-428,11826	-0,58841932
41716	0,62789166	139,83789	-428,82697	-428,88525	-0,58903992
41716	0,62789398	140,03809	-429,60773	-429,64035	-0,58957338
41716	0,62789631	140,23828	-430,38849	-430,39731	-0,59032214
41716	0,62789863	140,43848	-431,16925	-431,22781	-0,59140474
41716	0,6279009	140,63867	-431,95001	-432,01779	-0,59220344
41716	0,62790322	140,83887	-432,73077	-432,77063	-0,59335756
41716	0,62790555	141,03906	-433,51154	-433,54395	-0,59367943
41716	0,62790787	141,23926	-434,2923	-434,34296	-0,59492517
41716	0,6279102	141,43945	-435,07306	-435,10413	-0,59517622
41716	0,62791252	141,63965	-435,85382	-435,87552	-0,59637201
41716	0,62791485	141,83984	-436,63458	-436,68085	-0,59712756
41716	0,62791717	142,04004	-437,41534	-437,45538	-0,5978651
41716	0,62791944	142,24023	-438,19611	-438,25662	-0,59853941
41716	0,62792176	142,44043	-438,97687	-439,04019	-0,59939992
41716	0,62792408	142,64063	-439,75763	-439,82816	-0,60044754
41716	0,62792641	142,84082	-440,53839	-440,57932	-0,60168356
41716	0,62792873	143,04102	-441,31915	-441,35309	-0,60217607
41716	0,62793106	143,24121	-442,09991	-442,17966	-0,60306042
41716	0,62793338	143,44141	-442,88068	-442,8963	-0,60322136
41716	0,62793571	143,6416	-443,66144	-443,68454	-0,60454381
41716	0,62793797	143,8418	-444,4422	-444,49423	-0,60522407
41716	0,6279403	144,04199	-445,22296	-445,27905	-0,60654879
41716	0,62794262	144,24219	-446,00372	-446,04172	-0,60694963
41716	0,62794495	144,44238	-446,78448	-446,85361	-0,60741079
41716	0,62794727	144,64258	-447,56525	-447,65131	-0,60909021
41716	0,6279496	144,84277	-448,34601	-448,42593	-0,60931218
41716	0,62795192	145,04297	-449,12677	-449,17917	-0,61037612
41716	0,62795419	145,24316	-449,90753	-449,98315	-0,61106831
41716	0,62795651	145,44336	-450,68829	-450,70602	-0,61166137
41716	0,62795883	145,64355	-451,46906	-451,51385	-0,6125614
41716	0,62796116	145,84375	-452,24982	-452,28867	-0,61352402
41716	0,62796348	146,04395	-453,03058	-453,08603	-0,61462295
41716	0,62796581	146,24414	-453,81134	-453,83401	-0,61520636
41716	0,62796813	146,44434	-454,5921	-454,64078	-0,61582851
41716	0,62797046	146,64453	-455,37286	-455,41034	-0,61685443
41716	0,62797272	146,84473	-456,15363	-456,18634	-0,61747956
41716	0,62797505	147,04492	-456,93439	-456,96796	-0,61865002
41716	0,62797737	147,24512	-457,71515	-457,78857	-0,61944127
41716	0,6279797	147,44531	-458,49591	-458,54309	-0,62007535
41716	0,62798202	147,64551	-459,27667	-459,35083	-0,62070042
41716	0,62798434	147,8457	-460,05743	-460,12091	-0,62148499
41716	0,62798667	148,0459	-460,8382	-460,88327	-0,62235069
41716	0,62798899	148,24609	-461,61896	-461,66101	-0,62322319
41716	0,62799126	148,44629	-462,39972	-462,43832	-0,62431544
41716	0,62799358	148,64648	-463,18048	-463,2428	-0,6253019
41716	0,62799591	148,84668	-463,96124	-463,97702	-0,62603128
41716	0,62799823	149,04688	-464,742	-464,73535	-0,62639046
41716	0,62800056	149,24707	-465,52277	-465,59503	-0,62731278
41716	0,62800288	149,44727	-466,30353	-466,35736	-0,62841249
41716	0,62800521	149,64746	-467,08429	-467,11612	-0,6291613
41716	0,62800753	149,84766	-467,86505	-467,91232	-0,63039887
41716	0,6280098	150,04785	-468,64581	-468,69873	-0,63076019
41716	0,62801212	150,24805	-469,42657	-469,47018	-0,6317094
41716	0,62801445	150,44824	-470,20734	-470,28085	-0,63256472
41716	0,62801677	150,64844	-470,9881	-471,06964	-0,63337684
41716	0,62801909	150,84863	-471,76886	-471,83563	-0,63416731
41716	0,62802142	151,04883	-472,54962	-472,57813	-0,63468289
41716	0,62802374	151,24902	-473,33038	-473,38055	-0,63624156
41716	0,62802607	151,44922	-474,11115	-474,15353	-0,63670725
41716	0,62802833	151,64941	-474,89191	-474,89142	-0,63755882
41716	0,62803066	151,84961	-475,67267	-475,66806	-0,63843358
41716	0,62803298	152,0498	-476,45343	-476,44339	-0,6391257
41716	0,62803531	152,25	-477,23419	-477,22263	-0,6400466
41716	0,62803763	152,4502	-478,01495	-478,0307	-0,64098167
41716	0,62803996	152,65039	-478,79572	-478,83911	-0,64184296
41716	0,62804228	152,85059	-479,57648	-479,61365	-0,64292479
41716	0,62804461	153,05078	-480,35724	-480,38467	-0,64344335
41716	0,62804687	153,25098	-481,138	-481,19208	-0,64422637
41716	0,62804919	153,45117	-481,91876	-481,93787	-0,64502656
41716	0,62805152	153,65137	-482,69952	-482,70413	-0,64572245
41716	0,62805384	153,85156	-483,48029	-483,51453	-0,64655393
41716	0,62805617	154,05176	-484,26105	-484,31979	-0,64760518
41716	0,62805849	154,25195	-485,04181	-485,04233	-0,64821172
41716	0,62806082	154,45215	-485,82257	-485,83792	-0,64838457
41716	0,62806314	154,65234	-486,60333	-486,64474	-0,65009224
41716	0,62806541	154,85254	-487,38409	-487,40021	-0,65057278
41716	0,62806773	155,05273	-488,16486	-488,19873	-0,65170825
41716	0,62807006	155,25293	-488,94562	-489,0152	-0,65202188
41716	0,62807238	155,45313	-489,72638	-489,78769	-0,65285712
41716	0,62807471	155,65332	-490,50714	-490,52728	-0,65416026
41716	0,62807703	155,85352	-491,2879	-491,33167	-0,65431446
41716	0,62807935	156,05371	-492,06866	-492,11432	-0,65504539
41716	0,62808168	156,25391	-492,84943	-492,86105	-0,65615249
41716	0,62808394	156,4541	-493,63019	-493,62003	-0,65716803
41716	0,62808627	156,6543	-494,41095	-494,42712	-0,65790415
41716	0,62808859	156,85449	-495,19171	-495,19461	-0,65919757
41716	0,62809092	157,05469	-495,97247	-495,9632	-0,65978098
41716	0,62809324	157,25488	-496,75323	-496,78909	-0,66015196
41716	0,62809557	157,45508	-497,534	-497,58871	-0,66125321
41716	0,62809789	157,65527	-498,31476	-498,37869	-0,66226792
41716	0,62810022	157,85547	-499,09552	-499,14441	-0,66284907
41716	0,62810248	158,05566	-499,87628	-499,93881	-0,66360086
41716	0,62810481	158,25586	-500,65704	-500,73248	-0,66469085
41716	0,62810713	158,45605	-501,43781	-501,48114	-0,66556633
41716	0,62810946	158,65625	-502,21857	-502,27893	-0,66643584
41716	0,62811178	158,85645	-502,99933	-503,05057	-0,66731572
41716	0,6281141	159,05664	-503,78009	-503,80121	-0,66785443
41716	0,62811643	159,25684	-504,56085	-504,61688	-0,66850334
41716	0,62811875	159,45703	-505,34161	-505,41006	-0,66949058
41716	0,62812102	159,65723	-506,12238	-506,17059	-0,67057014
41716	0,62812334	159,85742	-506,90314	-506,97513	-0,67099559
41716	0,62812567	160,05762	-507,6839	-507,76691	-0,67210943
41716	0,62812799	160,25781	-508,46466	-508,52695	-0,67284334
41716	0,62813032	160,45801	-509,24542	-509,29745	-0,67384911
41716	0,62813264	160,6582	-510,02618	-510,06952	-0,67460388
41716	0,62813497	160,8584	-510,80695	-510,87906	-0,67481768
41716	0,62813729	161,05859	-511,58771	-511,61807	-0,67606419
41716	0,62813956	161,25879	-512,36847	-512,44568	-0,67734349
41716	0,62814188	161,45898	-513,14923	-513,19391	-0,6781593
41716	0,6281442	161,65918	-513,92999	-513,95721	-0,67902875
41716	0,62814653	161,85938	-514,71075	-514,7489	-0,67977238
41716	0,62814885	162,05957	-515,49152	-515,52924	-0,68040639
41716	0,62815118	162,25977	-516,27228	-516,32477	-0,68149197
41716	0,6281535	162,45996	-517,05304	-517,09033	-0,68250072
41716	0,62815583	162,66016	-517,8338	-517,88434	-0,68287849
41716	0,62815809	162,86035	-518,61456	-518,70081	-0,68380761
41716	0,62816042	163,06055	-519,39532	-519,43506	-0,68501532
41716	0,62816274	163,26074	-520,17609	-520,24957	-0,68564487
41716	0,62816507	163,46094	-520,95685	-521,05164	-0,68605912
41716	0,62816739	163,66113	-521,73761	-521,7998	-0,68726093
41716	0,62816972	163,86133	-522,51837	-522,55017	-0,68790841
41716	0,62817204	164,06152	-523,29913	-523,35437	-0,68822134
41716	0,62817436	164,26172	-524,0799	-524,13	-0,68955719
41716	0,62817663	164,46191	-524,86066	-524,87903	-0,69040287
41716	0,62817895	164,66211	-525,64142	-525,70667	-0,69124103
41716	0,62818128	164,8623	-526,42218	-526,45465	-0,69214702
41716	0,6281836	165,0625	-527,20294	-527,21155	-0,69287491
41716	0,62818593	165,2627	-527,9837	-528,00598	-0,69345903
41716	0,62818825	165,46289	-528,76447	-528,78168	-0,69386292
41716	0,62819058	165,66309	-529,54523	-529,58527	-0,69587678
41716	0,6281929	165,86328	-530,32599	-530,34143	-0,69609356
41716	0,62819517	166,06348	-531,10675	-531,14246	-0,69695264
41716	0,62819749	166,26367	-531,88751	-531,95605	-0,69817901
41716	0,62819982	166,46387	-532,66827	-532,71844	-0,69853365
41716	0,62820214	166,66406	-533,44904	-533,4989	-0,69980693
41716	0,62820446	166,86426	-534,2298	-534,28424	-0,70054007
41716	0,62820679	167,06445	-535,01056	-535,02563	-0,70104969
41716	0,62820911	167,26465	-535,79132	-535,80518	-0,70179701
41716	0,62821144	167,46484	-536,57208	-536,61475	-0,70311356
41716	0,6282137	167,66504	-537,35284	-537,3822	-0,70365816
41716	0,62821603	167,86523	-538,13361	-538,1156	-0,70465356
41716	0,62821835	168,06543	-538,91437	-538,93146	-0,70492178
41716	0,62822068	168,26563	-539,69513	-539,73389	-0,70613176
41716	0,628223	168,46582	-540,47589	-540,46161	-0,70666671
41716	0,62822533	168,66602	-541,25665	-541,25629	-0,7077232
41716	0,62822765	168,86621	-542,03741	-542,09766	-0,70850182
41716	0,62822998	169,06641	-542,81818	-542,83563	-0,70919991
41716	0,62823224	169,2666	-543,59894	-543,62933	-0,71006644
41716	0,62823457	169,4668	-544,3797	-544,41107	-0,71109164
41716	0,62823689	169,66699	-545,16046	-545,19397	-0,71202445
41716	0,62823921	169,86719	-545,94122	-545,95886	-0,71297956
41716	0,62824154	170,06738	-546,72198	-546,73657	-0,71378201
41716	0,62824386	170,26758	-547,50275	-547,52704	-0,71438324
41716	0,62824619	170,46777	-548,28351	-548,2937	-0,71542192
41716	0,62824851	170,66797	-549,06427	-549,07391	-0,71614981
41716	0,62825078	170,86816	-549,84503	-549,89697	-0,71696639
41716	0,6282531	171,06836	-550,62579	-550,64594	-0,71796775
41716	0,62825543	171,26855	-551,40656	-551,4469	-0,71863532
41716	0,62825775	171,46875	-552,18732	-552,21729	-0,71912706
41716	0,62826008	171,66895	-552,96808	-553,01617	-0,72000921
41716	0,6282624	171,86914	-553,74884	-553,75928	-0,72121251
41716	0,62826473	172,06934	-554,5296	-554,55847	-0,72186738
41716	0,62826699	172,26953	-555,31036	-555,35223	-0,72227865
41716	0,62826931	172,46973	-556,09113	-556,11292	-0,72351921
41716	0,62827164	172,66992	-556,87189	-556,88965	-0,72421581
41716	0,62827396	172,87012	-557,65265	-557,69611	-0,72564185
41716	0,62827629	173,07031	-558,43341	-558,35687	-0,7256515
41716	0,62827861	173,27051	-559,21417	-559,1571	-0,72675717
41716	0,62828094	173,4707	-559,99493	-559,9505	-0,72770643
41716	0,62828326	173,6709	-560,7757	-560,74591	-0,7279284
41716	0,62828553	173,87109	-561,55646	-561,50946	-0,7290706
41716	0,62828785	174,07129	-562,33722	-562,30267	-0,73011446
41716	0,62829018	174,27148	-563,11798	-563,1637	-0,73070598
41716	0,6282925	174,47168	-563,89874	-563,88672	-0,73216784
41716	0,62829483	174,67188	-564,6795	-564,70319	-0,73229522
41716	0,62829715	174,87207	-565,46027	-565,51776	-0,73346126
41716	0,62829947	175,07227	-566,24103	-566,27094	-0,73415339
41716	0,6283018	175,27246	-567,02179	-567,0094	-0,73515028
41716	0,62830406	175,47266	-567,80255	-567,81842	-0,73577017
41716	0,62830639	175,67285	-568,58331	-568,59985	-0,73693466
41716	0,62830871	175,87305	-569,36407	-569,36102	-0,73808503
41716	0,62831104	176,07324	-570,14484	-570,16406	-0,73818195
41716	0,62831336	176,27344	-570,9256	-570,97058	-0,73925704
41716	0,62831569	176,47363	-571,70636	-571,71808	-0,73993951
41716	0,62831801	176,67383	-572,48712	-572,49487	-0,74116588
41716	0,62832034	176,87402	-573,26788	-573,30579	-0,74140799
41716	0,6283226	177,07422	-574,04865	-574,06586	-0,74331236
41716	0,62832493	177,27441	-574,82941	-574,84406	-0,74388534
41716	0,62832725	177,47461	-575,61017	-575,65106	-0,74447393
41716	0,62832958	177,6748	-576,39093	-576,44116	-0,74528456
41716	0,6283319	177,875	-577,17169	-577,22076	-0,74655563
41716	0,62833422	178,0752	-577,95245	-577,97778	-0,74702203
41716	0,62833655	178,27539	-578,73322	-578,78693	-0,74753761
41716	0,62833887	178,47559	-579,51398	-579,54987	-0,74873567
41716	0,62834114	178,67578	-580,29474	-580,31561	-0,74941367
41716	0,62834346	178,87598	-581,0755	-581,14801	-0,7502861
41716	0,62834579	179,07617	-581,85626	-581,91162	-0,75130534
41716	0,62834811	179,27637	-582,63702	-582,66235	-0,7513985
41716	0,62835044	179,47656	-583,41779	-583,4353	-0,7532053
41716	0,62835276	179,67676	-584,19855	-584,25537	-0,75395703
41716	0,62835509	179,87695	-584,97931	-585,01648	-0,75506341
41716	0,62835741	180,07715	-585,76007	-585,79285	-0,75532568
41716	0,62835968	180,27734	-586,54083	-586,58667	-0,75617206
41716	0,628362	180,47754	-587,32159	-587,37323	-0,75703859
41716	0,62836432	180,67773	-588,10236	-588,14386	-0,75814128
41716	0,62836665	180,87793	-588,88312	-588,9624	-0,75893402
41716	0,62836897	181,07813	-589,66388	-589,73889	-0,75962615
41716	0,6283713	181,27832	-590,44464	-590,50079	-0,7606715
41716	0,62837362	181,47852	-591,2254	-591,24573	-0,7612921
41716	0,62837595	181,67871	-592,00616	-592,06152	-0,7620126
41716	0,62837821	181,87891	-592,78693	-592,82947	-0,76314878
41716	0,62838054	182,0791	-593,56769	-593,58197	-0,76385736
41716	0,62838286	182,2793	-594,34845	-594,38611	-0,76419044
41716	0,62838519	182,47949	-595,12921	-595,14679	-0,76548827
41716	0,62838751	182,67969	-595,90997	-595,93561	-0,76655746
41716	0,62838984	182,87988	-596,69073	-596,72229	-0,76674968
41716	0,62839216	183,08008	-597,4715	-597,52234	-0,7680409
41716	0,62839448	183,28027	-598,25226	-598,29498	-0,76875615
41716	0,62839675	183,48047	-599,03302	-599,10352	-0,76921952
41716	0,62839907	183,68066	-599,81378	-599,89056	-0,77047276
41716	0,6284014	183,88086	-600,59454	-600,62878	-0,77139962
41716	0,62840372	184,08105	-601,37531	-601,41455	-0,77221763
41716	0,62840605	184,28125	-602,15607	-602,19659	-0,7726841
41716	0,62840837	184,48145	-602,93683	-602,97467	-0,77383149
41716	0,6284107	184,68164	-603,71759	-603,71875	-0,77439618
41716	0,62841302	184,88184	-604,49835	-604,521	-0,77552646
41716	0,62841529	185,08203	-605,27911	-605,29736	-0,77635574
41716	0,62841761	185,28223	-606,05988	-606,06915	-0,77739805
41716	0,62841994	185,48242	-606,84064	-606,85602	-0,77799189
41716	0,62842226	185,68262	-607,6214	-607,65625	-0,77866465
41716	0,62842458	185,88281	-608,40216	-608,44153	-0,78013015
41716	0,62842691	186,08301	-609,18292	-609,20398	-0,78019053
41716	0,62842923	186,2832	-609,96368	-610,02893	-0,78134388
41716	0,62843156	186,4834	-610,74445	-610,79291	-0,78203905
41716	0,62843382	186,68359	-611,52521	-611,55798	-0,7828638
41716	0,62843615	186,88379	-612,30597	-612,34064	-0,78388381
41716	0,62843847	187,08398	-613,08673	-613,12286	-0,78514886
41716	0,6284408	187,28418	-613,86749	-613,90833	-0,78571069
41716	0,62844312	187,48438	-614,64825	-614,6662	-0,78650415
41716	0,62844545	187,68457	-615,42902	-615,47229	-0,78708756
41716	0,62844777	187,88477	-616,20978	-616,24902	-0,7892735
41716	0,6284501	188,08496	-616,99054	-616,97961	-0,78907084
41716	0,62845236	188,28516	-617,7713	-617,80615	-0,79005361
41716	0,62845469	188,48535	-618,55206	-618,5882	-0,79062653
41716	0,62845701	188,68555	-619,33282	-619,32416	-0,79170614
41716	0,62845933	188,88574	-620,11359	-620,12927	-0,79269338
41716	0,62846166	189,08594	-620,89435	-620,89734	-0,79371333
41716	0,62846398	189,28613	-621,67511	-621,67383	-0,79412985
41716	0,62846631	189,48633	-622,45587	-622,44788	-0,79518408
41716	0,62846863	189,68652	-623,23663	-623,25916	-0,79609752
41716	0,6284709	189,88672	-624,0174	-624,03351	-0,79712498
41716	0,62847322	190,08691	-624,79816	-624,77252	-0,79762936
41716	0,62847555	190,28711	-625,57892	-625,5882	-0,79811215
41716	0,62847787	190,4873	-626,35968	-626,39722	-0,79910088
41716	0,6284802	190,6875	-627,14044	-627,12878	-0,79987872
41716	0,62848252	190,8877	-627,9212	-627,93671	-0,80073249
41716	0,62848485	191,08789	-628,70197	-628,75916	-0,80174953
41716	0,62848717	191,28809	-629,48273	-629,52496	-0,80288422
41716	0,62848943	191,48828	-630,26349	-630,25708	-0,80360174
41716	0,62849176	191,68848	-631,04425	-631,0517	-0,80452633
41716	0,62849408	191,88867	-631,82501	-631,82941	-0,80515891
41716	0,62849641	192,08887	-632,60577	-632,58801	-0,80625045
41716	0,62849873	192,28906	-633,38654	-633,40533	-0,80701184
41716	0,62850106	192,48926	-634,1673	-634,18402	-0,80785602
41716	0,62850338	192,68945	-634,94806	-634,93268	-0,80879033
41716	0,62850571	192,88965	-635,72882	-635,72241	-0,8092128
41716	0,62850797	193,08984	-636,50958	-636,51935	-0,81035793
41716	0,6285103	193,29004	-637,29034	-637,29895	-0,81126463
41716	0,62851262	193,49023	-638,07111	-638,04761	-0,81181002
41716	0,62851495	193,69043	-638,85187	-638,88593	-0,81299245
41716	0,62851727	193,89063	-639,63263	-639,66162	-0,81359893
41716	0,62851959	194,09082	-640,41339	-640,40527	-0,81469864
41716	0,62852192	194,29102	-641,19415	-641,19781	-0,81562251
41716	0,62852424	194,49121	-641,97491	-642,0506	-0,81669688
41716	0,62852651	194,69141	-642,75568	-642,78265	-0,81745756
41716	0,62852883	194,8916	-643,53644	-643,54712	-0,81785393
41716	0,62853116	195,0918	-644,3172	-644,33606	-0,81915259
41716	0,62853348	195,29199	-645,09796	-645,13623	-0,81979704
41716	0,62853581	195,49219	-645,87872	-645,86737	-0,82002211
41716	0,62853813	195,69238	-646,65948	-646,6734	-0,82151663
41716	0,62854046	195,89258	-647,44025	-647,45813	-0,8214258
41716	0,62854278	196,09277	-648,22101	-648,18365	-0,82277286
41716	0,62854505	196,29297	-649,00177	-648,99902	-0,82385612
41716	0,62854737	196,49316	-649,78253	-649,77582	-0,82499015
41716	0,6285497	196,69336	-650,56329	-650,57819	-0,82539618
41716	0,62855202	196,89355	-651,34406	-651,36145	-0,82645047
41716	0,62855434	197,09375	-652,12482	-652,14136	-0,8272633
41716	0,62855667	197,29395	-652,90558	-652,96552	-0,82759035
41716	0,62855899	197,49414	-653,68634	-653,67523	-0,82938302
41716	0,62856132	197,69434	-654,4671	-654,49219	-0,82963037
41716	0,62856358	197,89453	-655,24786	-655,30621	-0,83096772
41716	0,62856591	198,09473	-656,02863	-656,02362	-0,8314811
41716	0,62856823	198,29492	-656,80939	-656,80475	-0,83245707
41716	0,62857056	198,49512	-657,59015	-657,63434	-0,8334465
41716	0,62857288	198,69531	-658,37091	-658,37946	-0,83435404
41716	0,62857521	198,89551	-659,15167	-659,15186	-0,83449709
41716	0,62857753	199,0957	-659,93243	-659,96259	-0,83589625
41716	0,6285798	199,2959	-660,7132	-660,73761	-0,83659518
41716	0,62858212	199,49609	-661,49396	-661,49457	-0,83796233
41716	0,62858444	199,69629	-662,27472	-662,31219	-0,83870363
41716	0,62858677	199,89648	-663,05548	-663,11969	-0,83987188
41716	0,62858909	200,09668	-663,83624	-663,87799	-0,84045231
41716	0,62859142	200,29688	-664,617	-664,62689	-0,84105134
41716	0,62859374	200,49707	-665,39777	-665,41583	-0,84200132
41716	0,62859607	200,69727	-666,17853	-666,1994	-0,84316206
41716	0,62859833	200,89746	-666,95929	-666,95984	-0,84353161
41716	0,62860066	201,09766	-667,74005	-667,74078	-0,84483254
41716	0,62860298	201,29785	-668,52081	-668,56464	-0,84600079
41716	0,62860531	201,49805	-669,30157	-669,30682	-0,84700435
41716	0,62860763	201,69824	-670,08234	-670,08112	-0,84722865
41716	0,62860996	201,89844	-670,8631	-670,88098	-0,84774494
41716	0,62861228	202,09863	-671,64386	-671,62994	-0,8493818
41716	0,6286146	202,29883	-672,42462	-672,43469	-0,85012019
41716	0,62861687	202,49902	-673,20538	-673,23724	-0,85012019
41716	0,62861919	202,69922	-673,98615	-673,99524	-0,85109246
41716	0,62862152	202,89941	-674,76691	-674,80225	-0,85186732
41716	0,62862384	203,09961	-675,54767	-675,55768	-0,85335672
41716	0,62862617	203,2998	-676,32843	-676,38959	-0,85425973
41716	0,62862849	203,5	-677,10919	-677,13312	-0,85467923
41716	0,62863082	203,7002	-677,88995	-677,92212	-0,85568058
41716	0,62863314	203,90039	-678,67072	-678,71246	-0,85665733
41716	0,62863541	204,10059	-679,45148	-679,47968	-0,85706639
41716	0,62863773	204,30078	-680,23224	-680,24835	-0,85847306
41716	0,62864006	204,50098	-681,013	-681,06415	-0,8593179
41716	0,62864238	204,70117	-681,79376	-681,82263	-0,85998625
41716	0,6286447	204,90137	-682,57452	-682,60114	-0,86084753
41716	0,62864703	205,10156	-683,35529	-683,33783	-0,86195767
41716	0,62864935	205,30176	-684,13605	-684,14807	-0,8625567
41716	0,62865168	205,50195	-684,91681	-684,90131	-0,86334795
41716	0,62865394	205,70215	-685,69757	-685,62207	-0,86428154
41716	0,62865627	205,90234	-686,47833	-686,43005	-0,86528134
41716	0,62865859	206,10254	-687,25909	-687,21558	-0,86570829
41716	0,62866092	206,30273	-688,03986	-688,00262	-0,86744952
41716	0,62866324	206,50293	-688,82062	-688,80249	-0,86769831
41716	0,62866557	206,70313	-689,60138	-689,6181	-0,86851269
41716	0,62866789	206,90332	-690,38214	-690,34546	-0,86912584
41716	0,62867022	207,10352	-691,1629	-691,10815	-0,87062418
41716	0,62867248	207,30371	-691,94366	-691,92645	-0,87113452
41716	0,62867481	207,50391	-692,72443	-692,66785	-0,87164342
41716	0,62867713	207,7041	-693,50519	-693,46082	-0,8732878
41716	0,62867945	207,9043	-694,28595	-694,2666	-0,87426376
41716	0,62868178	208,10449	-695,06671	-695,03705	-0,87437481
41716	0,6286841	208,30469	-695,84747	-695,81104	-0,87525475
41716	0,62868643	208,50488	-696,62823	-696,5863	-0,87639093
41716	0,62868875	208,70508	-697,409	-697,39191	-0,87699223
41716	0,62869102	208,90527	-698,18976	-698,16742	-0,87793243
41716	0,62869334	209,10547	-698,97052	-698,9566	-0,87867975
41716	0,62869567	209,30566	-699,75128	-699,77686	-0,879924
41716	0,62869799	209,50586	-700,53204	-700,54309	-0,88088661
41716	0,62870032	209,70605	-701,31281	-701,34369	-0,88175905
41716	0,62870264	209,90625	-702,09357	-702,08588	-0,8826375
41716	0,62870497	210,10645	-702,87433	-702,83459	-0,88319182
41716	0,62870729	210,30664	-703,65509	-703,62689	-0,88461864
41716	0,62870955	210,50684	-704,43585	-704,3963	-0,88529736
41716	0,62871188	210,70703	-705,21661	-705,19763	-0,88584274
41716	0,6287142	210,90723	-705,99738	-705,95844	-0,88675845
41716	0,62871653	211,10742	-706,77814	-706,73389	-0,88744313
41716	0,62871885	211,30762	-707,5589	-707,55359	-0,88818002
41716	0,62872118	211,50781	-708,33966	-708,31061	-0,88965666
41716	0,6287235	211,70801	-709,12042	-709,07343	-0,88992417
41716	0,62872583	211,9082	-709,90118	-709,87427	-0,89116025
41716	0,62872809	212,1084	-710,68195	-710,6485	-0,89230835
41716	0,62873042	212,30859	-711,46271	-711,43854	-0,89299977
41716	0,62873274	212,50879	-712,24347	-712,21753	-0,89362115
41716	0,62873507	212,70898	-713,02423	-712,99286	-0,89479834
41716	0,62873739	212,90918	-713,80499	-713,76074	-0,89570212
41716	0,62873971	213,10938	-714,58575	-714,55304	-0,89620578
41716	0,62874204	213,30957	-715,36652	-715,32813	-0,89691508
41716	0,62874436	213,50977	-716,14728	-716,12024	-0,89779723
41716	0,62874663	213,70996	-716,92804	-716,90436	-0,89914203
41716	0,62874895	213,91016	-717,7088	-717,66956	-0,89942443
41716	0,62875128	214,11035	-718,48956	-718,4447	-0,90087128
41716	0,6287536	214,31055	-719,27032	-719,25305	-0,90163124
41716	0,62875593	214,51074	-720,05109	-720,01953	-0,9019658
41716	0,62875825	214,71094	-720,83185	-720,81342	-0,90327632
41716	0,62876058	214,91113	-721,61261	-721,57422	-0,90406466
41716	0,6287629	215,11133	-722,39337	-722,34863	-0,90498328
41716	0,62876517	215,31152	-723,17413	-723,14441	-0,90548921
41716	0,62876749	215,51172	-723,9549	-723,90759	-0,90708733
41716	0,62876981	215,71191	-724,73566	-724,68402	-0,90738535
41716	0,62877214	215,91211	-725,51642	-725,49225	-0,90826821
41716	0,62877446	216,1123	-726,29718	-726,26971	-0,90899169
41716	0,62877679	216,3125	-727,07794	-727,03082	-0,91044307
41716	0,62877911	216,5127	-727,8587	-727,79187	-0,91121864
41716	0,62878144	216,71289	-728,63947	-728,58264	-0,91226399
41716	0,6287837	216,91309	-729,42023	-729,36774	-0,91278255
41716	0,62878603	217,11328	-730,20099	-730,11853	-0,91331899
41716	0,62878835	217,31348	-730,98175	-730,97217	-0,91484118
41716	0,62879068	217,51367	-731,76251	-731,73138	-0,91535896
41716	0,628793	217,71387	-732,54327	-732,49567	-0,91666806
41716	0,62879533	217,91406	-733,32404	-733,29877	-0,91737211
41716	0,62879765	218,11426	-734,1048	-734,07446	-0,91859031
41716	0,62879997	218,31445	-734,88556	-734,87018	-0,91892481
41716	0,62880224	218,51465	-735,66632	-735,62152	-0,9197377
41716	0,62880456	218,71484	-736,44708	-736,44788	-0,92097968
41716	0,62880689	218,91504	-737,22784	-737,19592	-0,92220902
41716	0,62880921	219,11523	-738,00861	-737,96204	-0,92282224
41716	0,62881154	219,31543	-738,78937	-738,74744	-0,92375052
41716	0,62881386	219,51563	-739,57013	-739,53699	-0,92449188
41716	0,62881619	219,71582	-740,35089	-740,31073	-0,92536139
41716	0,62881851	219,91602	-741,13165	-741,07458	-0,92585683
41716	0,62882078	220,11621	-741,91241	-741,86914	-0,92689693
41716	0,6288231	220,31641	-742,69318	-742,61432	-0,92786026
41716	0,62882543	220,5166	-743,47394	-743,40564	-0,92884076
41716	0,62882775	220,7168	-744,2547	-744,20251	-0,92982876
41716	0,62883008	220,91699	-745,03546	-744,99561	-0,93119889
41716	0,6288324	221,11719	-745,81622	-745,78125	-0,93171227
41716	0,62883472	221,31738	-746,59698	-746,57703	-0,93244541
41716	0,62883705	221,51758	-747,37775	-747,36249	-0,93385577
41716	0,62883931	221,71777	-748,15851	-748,14484	-0,9343617
41716	0,62884164	221,91797	-748,93927	-748,90253	-0,93546283
41716	0,62884396	222,11816	-749,72003	-749,69434	-0,93608946
41716	0,62884629	222,31836	-750,50079	-750,48041	-0,93642247
41716	0,62884861	222,51855	-751,28156	-751,19965	-0,93759149
41716	0,62885094	222,71875	-752,06232	-752,03394	-0,93863976
41716	0,62885326	222,91895	-752,84308	-752,83765	-0,93923211
41716	0,62885559	223,11914	-753,62384	-753,56244	-0,94061124
41716	0,62885785	223,31934	-754,4046	-754,39093	-0,94147474
41716	0,62886018	223,51953	-755,18536	-755,1734	-0,94217134
41716	0,6288625	223,71973	-755,96613	-755,84692	-0,94305724
41716	0,62886482	223,91992	-756,74689	-756,60571	-0,94418377
41716	0,62886715	224,12012	-757,52765	-757,42102	-0,94484538
41716	0,62886947	224,32031	-758,30841	-758,21094	-0,94590116
41716	0,6288718	224,52051	-759,08917	-758,96368	-0,94617975
41716	0,62887412	224,7207	-759,86993	-759,81238	-0,94739795
41716	0,62887639	224,9209	-760,6507	-760,60626	-0,94840896
41716	0,62887871	225,12109	-761,43146	-761,36798	-0,94932616
41716	0,62888104	225,32129	-762,21222	-762,11884	-0,95025373
41716	0,62888336	225,52148	-762,99298	-762,88898	-0,95074773
41716	0,62888569	225,72168	-763,77374	-763,69006	-0,95188469
41716	0,62888801	225,92188	-764,5545	-764,44867	-0,95295906
41716	0,62889034	226,12207	-765,33527	-765,25085	-0,95403939
41716	0,6288926	226,32227	-766,11603	-766,04767	-0,9545207
41716	0,62889493	226,52246	-766,89679	-766,7804	-0,95568895
41716	0,62889725	226,72266	-767,67755	-767,62463	-0,95691752
41716	0,62889957	226,92285	-768,45831	-768,41699	-0,95759857
41716	0,6289019	227,12305	-769,23907	-769,18585	-0,95826238
41716	0,62890422	227,32324	-770,01984	-769,97223	-0,95930845
41716	0,62890655	227,52344	-770,8006	-770,75116	-0,96013844
41716	0,62890887	227,72363	-771,58136	-771,51776	-0,96089691
41716	0,62891114	227,92383	-772,36212	-772,28156	-0,96126497
41716	0,62891346	228,12402	-773,14288	-773,07391	-0,96304643
41716	0,62891579	228,32422	-773,92365	-773,88806	-0,96383464
41716	0,62891811	228,52441	-774,70441	-774,62708	-0,96468103
41716	0,62892044	228,72461	-775,48517	-775,44543	-0,96571815
41716	0,62892276	228,9248	-776,26593	-776,25275	-0,96638131
41716	0,62892509	229,125	-777,04669	-776,98633	-0,9671554
41716	0,62892741	229,3252	-777,82745	-777,78516	-0,96810311
41716	0,62892967	229,52539	-778,60822	-778,56195	-0,96926463
41716	0,628932	229,72559	-779,38898	-779,36377	-0,97047538
41716	0,62893432	229,92578	-780,16974	-780,11902	-0,97104162
41716	0,62893665	230,12598	-780,9505	-780,91846	-0,97196102
41716	0,62893897	230,32617	-781,73126	-781,69263	-0,97264874
41716	0,6289413	230,52637	-782,51202	-782,45093	-0,97397196
41716	0,62894362	230,72656	-783,29279	-783,26703	-0,9747088
41716	0,62894595	230,92676	-784,07355	-784,03271	-0,97538531
41716	0,62894821	231,12695	-784,85431	-784,7915	-0,97609389
41716	0,62895054	231,32715	-785,63507	-785,57935	-0,97726434
41716	0,62895286	231,52734	-786,41583	-786,3407	-0,97791624
41716	0,62895519	231,72754	-787,19659	-787,15552	-0,97881705
41716	0,62895751	231,92773	-787,97736	-787,91565	-0,98017681
41716	0,62895983	232,12793	-788,75812	-788,7431	-0,98051953
41716	0,62896216	232,32813	-789,53888	-789,61591	-0,98183304
41716	0,62896448	232,52832	-790,31964	-790,29694	-0,98277032
41716	0,62896675	232,72852	-791,1004	-790,87463	-0,98281503
41716	0,62896907	232,92871	-791,88116	-791,71124	-0,98438036
41716	0,6289714	233,12891	-792,66193	-792,44916	-0,98537278
41716	0,62897372	233,3291	-793,44269	-793,26337	-0,98670274
41716	0,62897605	233,5293	-794,22345	-793,98157	-0,98741651
41716	0,62897837	233,72949	-795,00421	-794,82074	-0,98805201
41716	0,6289807	233,92969	-795,78497	-795,5575	-0,9893164
41716	0,62898302	234,12988	-796,56573	-796,38379	-0,98984987
41716	0,62898529	234,33008	-797,3465	-797,19214	-0,99059713
41716	0,62898761	234,53027	-798,12726	-797,97711	-0,99184066
41716	0,62898993	234,73047	-798,90802	-798,75507	-0,99269748
41716	0,62899226	234,93066	-799,68878	-799,55969	-0,99416602
41716	0,62899458	235,13086	-800,46954	-800,29315	-0,9945333

Datenerfassung						Zeit:	267,20898	s	18.03.2014 15:06:31
Ch 1 Weg	Ch 1 Kraft
mm	kN
1,9875549	1,6094818
-1,1639528	-917,27209

Datenerfassung						Zeit:	267,21973	s	18.03.2014 15:06:31
Datum	Tageszeit	Laufzeit	Ch 1 Kraft Sollwert	Ch 1 Kraft	Ch 1 Weg
d	d	s	kN	kN	mm
41716	0,62899691	235,33105	-801,25031	-801,06732	-0,99510401
41716	0,62899923	235,53125	-802,03107	-801,89795	-0,99625885
41716	0,62900156	235,73145	-802,81183	-802,71344	-0,99756646
41716	0,62900382	235,93164	-803,59259	-803,46075	-0,99800158
41716	0,62900615	236,13184	-804,37335	-804,29578	-0,99913627
41716	0,62900847	236,33203	-805,15411	-805,12958	-0,99990815
41716	0,6290108	236,53223	-805,93488	-805,80023	-1,0011755
41716	0,62901312	236,73242	-806,71564	-806,63074	-1,0020442
41716	0,62901545	236,93262	-807,4964	-807,41742	-1,0028079
41716	0,62901777	237,13281	-808,27716	-808,17804	-1,0036312
41716	0,62902009	237,33301	-809,05792	-808,95734	-1,0040783
41716	0,62902236	237,5332	-809,83868	-809,7464	-1,0052115
41716	0,62902468	237,7334	-810,61945	-810,56537	-1,0064549
41716	0,62902701	237,93359	-811,40021	-811,33978	-1,0076247
41716	0,62902933	238,13379	-812,18097	-812,13092	-1,0082036
41716	0,62903166	238,33398	-812,96173	-812,9165	-1,0099314
41716	0,62903398	238,53418	-813,74249	-813,65039	-1,0100484
41716	0,62903631	238,73438	-814,52325	-814,44727	-1,0111756
41716	0,62903863	238,93457	-815,30402	-815,24518	-1,0120518
41716	0,6290409	239,13477	-816,08478	-816,0199	-1,01256
41716	0,62904322	239,33496	-816,86554	-816,80554	-1,0138541
41716	0,62904555	239,53516	-817,6463	-817,59399	-1,0149307
41716	0,62904787	239,73535	-818,42706	-818,38275	-1,0161496
41716	0,6290502	239,93555	-819,20782	-819,11255	-1,0166727
41716	0,62905252	240,13574	-819,98859	-819,95966	-1,0173298
41716	0,62905484	240,33594	-820,76935	-820,78949	-1,0187179
41716	0,62905717	240,53613	-821,55011	-821,46796	-1,0197967
41716	0,62905943	240,73633	-822,33087	-822,31036	-1,0207355
41716	0,62906176	240,93652	-823,11163	-823,07239	-1,0213435
41716	0,62906408	241,13672	-823,8924	-823,85913	-1,0222756
41716	0,62906641	241,33691	-824,67316	-824,62109	-1,0231898
41716	0,62906873	241,53711	-825,45392	-825,34137	-1,02408
41716	0,62907106	241,7373	-826,23468	-826,19641	-1,0251508
41716	0,62907338	241,9375	-827,01544	-826,94537	-1,0260179
41716	0,62907571	242,1377	-827,7962	-827,75067	-1,0272927
41716	0,62907797	242,33789	-828,57697	-828,55615	-1,0279164
41716	0,6290803	242,53809	-829,35773	-829,28162	-1,0289632
41716	0,62908262	242,73828	-830,13849	-830,11841	-1,0302581
41716	0,62908494	242,93848	-830,91925	-830,88489	-1,0309086
41716	0,62908727	243,13867	-831,70001	-831,64581	-1,03167
41716	0,62908959	243,33887	-832,48077	-832,42828	-1,0327227
41716	0,62909192	243,53906	-833,26154	-833,17548	-1,0339893
41716	0,62909424	243,73926	-834,0423	-834,01202	-1,0342933
41716	0,62909651	243,93945	-834,82306	-834,72717	-1,0352983
41716	0,62909883	244,13965	-835,60382	-835,52167	-1,0362185
41716	0,62910116	244,33984	-836,38458	-836,34387	-1,0374047
41716	0,62910348	244,54004	-837,16534	-837,08362	-1,0385566
41716	0,62910581	244,74023	-837,94611	-837,88464	-1,0397203
41716	0,62910813	244,94043	-838,72687	-838,68927	-1,0406747
41716	0,62911046	245,14063	-839,50763	-839,48517	-1,0413125
41716	0,62911278	245,34082	-840,28839	-840,26202	-1,0422692
41716	0,62911505	245,54102	-841,06915	-840,97394	-1,0431439
41716	0,62911737	245,74121	-841,84991	-841,82617	-1,0441161
41716	0,62911969	245,94141	-842,63068	-842,57556	-1,0446951
41716	0,62912202	246,1416	-843,41144	-843,33411	-1,0463573
41716	0,62912434	246,3418	-844,1922	-844,15613	-1,0469482
41716	0,62912667	246,54199	-844,97296	-844,86609	-1,0479152
41716	0,62912899	246,74219	-845,75372	-845,71027	-1,0487474
41716	0,62913132	246,94238	-846,53448	-846,45361	-1,0496103
41716	0,62913358	247,14258	-847,31525	-847,24237	-1,0504961
41716	0,62913591	247,34277	-848,09601	-848,04144	-1,0516577
41716	0,62913823	247,54297	-848,87677	-848,76874	-1,0531992
41716	0,62914056	247,74316	-849,65753	-849,65326	-1,0542564
41716	0,62914288	247,94336	-850,43829	-850,37756	-1,0549896
41716	0,62914521	248,14355	-851,21906	-851,12274	-1,0557085
41716	0,62914753	248,34375	-851,99982	-851,93243	-1,0567069
41716	0,62914985	248,54395	-852,78058	-852,69	-1,0576636
41716	0,62915212	248,74414	-853,56134	-853,49347	-1,0583923
41716	0,62915444	248,94434	-854,3421	-854,20819	-1,059597
41716	0,62915677	249,14453	-855,12286	-855,0766	-1,060804
41716	0,62915909	249,34473	-855,90363	-855,83624	-1,0621465
41716	0,62916142	249,54492	-856,68439	-856,5448	-1,0627224
41716	0,62916374	249,74512	-857,46515	-857,39319	-1,0636151
41716	0,62916607	249,94531	-858,24591	-858,16003	-1,0646313
41716	0,62916839	250,14551	-859,02667	-858,92975	-1,0651671
41716	0,62917066	250,3457	-859,80743	-859,75433	-1,066947
41716	0,62917298	250,5459	-860,5882	-860,4906	-1,0673299
41716	0,62917531	250,74609	-861,36896	-861,29858	-1,0683454
41716	0,62917763	250,94629	-862,14972	-862,06311	-1,0695875
41716	0,62917995	251,14648	-862,93048	-862,84381	-1,070372
41716	0,62918228	251,34668	-863,71124	-863,62805	-1,0710381
41716	0,6291846	251,54688	-864,492	-864,34705	-1,0721207
41716	0,62918693	251,74707	-865,27277	-865,22266	-1,0734402
41716	0,62918919	251,94727	-866,05353	-865,93964	-1,0744557
41716	0,62919152	252,14746	-866,83429	-866,71899	-1,0751761
41716	0,62919384	252,34766	-867,61505	-867,53973	-1,0770165
41716	0,62919617	252,54785	-868,39581	-868,26837	-1,0773823
41716	0,62919849	252,74805	-869,17657	-869,13135	-1,0785497
41716	0,62920082	252,94824	-869,95734	-869,85327	-1,0794133
41716	0,62920314	253,14844	-870,7381	-870,6405	-1,0802239
41716	0,62920541	253,34863	-871,51886	-871,47791	-1,0812237
41716	0,62920773	253,54883	-872,29962	-872,16199	-1,0819926
41716	0,62921005	253,74902	-873,08038	-872,9549	-1,0834687
41716	0,62921238	253,94922	-873,86115	-873,78699	-1,0842525
41716	0,6292147	254,14941	-874,64191	-874,58209	-1,0849349
41716	0,62921703	254,34961	-875,42267	-875,27753	-1,0863848
41716	0,62921935	254,5498	-876,20343	-876,08838	-1,0866702
41716	0,62922168	254,75	-876,98419	-876,92438	-1,0886341
41716	0,62922394	254,9502	-877,76495	-877,63586	-1,0893695
41716	0,62922627	255,15039	-878,54572	-878,48145	-1,0904871
41716	0,62922859	255,35059	-879,32648	-879,31012	-1,0914133
41716	0,62923092	255,55078	-880,10724	-879,94995	-1,0916545
41716	0,62923324	255,75098	-880,888	-880,79504	-1,0933347
41716	0,62923557	255,95117	-881,66876	-881,57855	-1,0940008
41716	0,62923789	256,15137	-882,44952	-882,42322	-1,0951467
41716	0,62924021	256,35156	-883,23029	-883,10791	-1,0963187
41716	0,62924248	256,55176	-884,01105	-883,90686	-1,0975152
41716	0,6292448	256,75195	-884,79181	-884,73792	-1,0982387
41716	0,62924713	256,95215	-885,57257	-885,44513	-1,0996133
41716	0,62924945	257,15234	-886,35333	-886,23669	-1,1003577
41716	0,62925178	257,35254	-887,13409	-887,05811	-1,1017114
41716	0,6292541	257,55273	-887,91486	-887,72559	-1,1027597
41716	0,62925643	257,75293	-888,69562	-888,62109	-1,1034287
41716	0,62925875	257,95313	-889,47638	-889,30304	-1,1052012
41716	0,62926102	258,15332	-890,25714	-890,16071	-1,1051416
41716	0,62926334	258,35352	-891,0379	-890,92206	-1,1062301
41716	0,62926567	258,55371	-891,81866	-891,69257	-1,1079028
41716	0,62926799	258,75391	-892,59943	-892,53186	-1,1089467
41716	0,62927032	258,9541	-893,38019	-893,18365	-1,1098921
41716	0,62927264	259,1543	-894,16095	-893,96075	-1,1114455
41716	0,62927496	259,35449	-894,94171	-894,79462	-1,1168346
41716	0,62927729	259,55469	-895,72247	-895,55658	-1,1183858
41716	0,62927955	259,75488	-896,50323	-896,46008	-1,1199162
41716	0,62928188	259,95508	-897,284	-897,12726	-1,121325
41716	0,6292842	260,15527	-898,06476	-897,97839	-1,1225297
41716	0,62928653	260,35547	-898,84552	-898,70441	-1,1239253
41716	0,62928885	260,55566	-899,62628	-899,46539	-1,1250086
41716	0,62929118	260,75586	-900,40704	-900,33862	-1,1260495
41716	0,6292935	260,95605	-901,18781	-900,99658	-1,1274725
41716	0,62929583	261,15625	-901,96857	-901,94836	-1,1287093
41716	0,62929809	261,35645	-902,74933	-902,61139	-1,1298634
41716	0,62930042	261,55664	-903,53009	-903,37726	-1,1316948
41716	0,62930274	261,75684	-904,31085	-904,22394	-1,1328429
41716	0,62930506	261,95703	-905,09161	-904,91138	-1,1338108
41716	0,62930739	262,15723	-905,87238	-905,80042	-1,1345201
41716	0,62930971	262,35742	-906,65314	-906,49829	-1,1358812
41716	0,62931204	262,55762	-907,4339	-907,2431	-1,1371129
41716	0,62931436	262,75781	-908,21466	-908,09576	-1,13817
41716	0,62931663	262,95801	-908,99542	-908,67401	-1,1406944
41716	0,62931895	263,1582	-909,77618	-909,64032	-1,1417158
41716	0,62932128	263,3584	-910,55695	-910,36151	-1,1436865
41716	0,6293236	263,55859	-911,33771	-911,10175	-1,1451542
41716	0,62932593	263,75879	-912,11847	-911,93494	-1,1471226
41716	0,62932825	263,95898	-912,89923	-912,62469	-1,1480659
41716	0,62933058	264,15918	-913,67999	-913,58063	-1,149951
41716	0,6293329	264,35938	-914,46075	-914,26978	-1,1509762
41716	0,62933517	264,55957	-915,24152	-915,02319	-1,152338
41716	0,62933749	264,75977	-916,02228	-915,90161	-1,1536434
41716	0,62933981	264,95996	-916,80304	-916,48615	-1,1553049
41716	0,62934214	265,16016	-917,5838	-916,99536	-1,1591897
41716	0,62934446	265,36035	0	-710,16901	-0,96671134
41716	0,62934679	265,56055	0	-389,63263	-0,64335465
41716	0,62934911	265,76074	0	-107,82535	-0,31166747
41716	0,62935144	265,96094	0	1,5827212	0,018040836
41716	0,6293537	266,16113	0	1,5161746	0,33741072
41716	0,62935603	266,36133	0	1,4913529	0,65523088
41716	0,62935835	266,56152	0	1,4694836	0,97252202
41716	0,62936068	266,76172	0	1,4525745	1,2892641
41716	0,629363	266,96191	0	1,4498104	1,6053095
41716	0,62936532	267,16211	0	1,4455057	1,9240469
