MTS793|MPT|DEU|1|2|,|.|:|49|1|1|A

Bediener Information						Zeit:	78,494141	s	22.07.2014 07:20:41
Datum : 	18.7.2014
Prüfer : 	Kh
Probenbezeichnung :  	Maack 8.2 Drucklversuch Probe 11 B
Bemerkungen	Kraftgeregelt 3,9 kN/s
Masse :	5645,2
Durchmesser :	100,3
Länge :	299,9
Bediener Information Ende

Datenerfassung						Zeit:	544,35547	s	22.07.2014 07:28:27
Datum	Laufzeit	Ch 1 Kraft Sollwert	Ch 1 Kraft	Ch 1 Weg	1944 B	1281068	2157
d	s	kN	kN	mm	mm	mm	mm
41842	79,004883	-1,2784081	-1,2332071	-1,6889933	-0,095031589	0,0036575198	-0,052862138
41842	79,504883	-1,571108	-1,5996526	-1,6932663	-0,095408976	0,003507159	-0,052935213
41842	80,004883	-1,863808	-1,8086973	-1,6952757	-0,095643342	0,0034649647	-0,052910797
41842	80,504883	-2,156508	-2,1480675	-1,6987096	-0,095984101	0,0036748652	-0,052978076
41842	81,004883	-2,449208	-2,4534278	-1,7016735	-0,09616071	0,0035253114	-0,05309286
41842	81,504883	-2,7419081	-2,6801267	-1,7036918	-0,096390665	0,0035815381	-0,053140558
41842	82,004883	-3,0346081	-2,7599857	-1,7047722	-0,096469045	0,0035994675	-0,053166561
41842	82,504883	-3,3273079	-3,1607821	-1,7075959	-0,096857727	0,0035853866	-0,05333133
41842	83,004883	-3,620008	-3,7171524	-1,712006	-0,09723413	0,0036269822	-0,053557821
41842	83,504883	-3,912708	-3,9561615	-1,7144505	-0,097557992	0,0035523167	-0,053674035
41842	84,004883	-3,927	-4,0596743	-1,7149289	-0,0975537	0,003637698	-0,053785674
41842	84,504883	-3,927	-3,9791186	-1,7149787	-0,097527772	0,0036102093	-0,053717352
41842	85,004883	-3,927	-3,9891918	-1,7143991	-0,097508997	0,0035779316	-0,053698517
41842	85,504883	-3,927	-3,9705486	-1,7144803	-0,097446352	0,0036109455	-0,053713605
41842	86,004883	-3,927	-3,88908	-1,714478	-0,097413003	0,0035985266	-0,053641021
41842	86,504883	-3,927	-3,9473028	-1,7150041	-0,097514808	0,0034824219	-0,053684518
41842	87,004883	-3,927	-3,953265	-1,7144885	-0,097461075	0,0035314835	-0,053708963
41842	87,504883	-3,927	-3,9128196	-1,7144214	-0,09742716	0,0035760836	-0,053618751
41842	88,004883	-3,927	-3,933629	-1,7145607	-0,097509593	0,003501894	-0,05369895
41842	88,504883	-3,927	-3,9178674	-1,7144378	-0,097459465	0,003524486	-0,053678431
41842	89,004883	-5,7094221	-5,4972601	-0,0089392066	-0,0011925101	-1,3679302e-05	-0,00058093667
41842	89,504883	-7,6594219	-7,4885917	-0,020091981	-0,0026377141	-8,7794426e-05	-0,0016859844
41842	90,004883	-9,6094217	-9,3905449	-0,03079325	-0,0040227771	-0,00010111678	-0,0027196631
41842	90,504883	-11,559422	-11,574459	-0,041152537	-0,0055643916	-0,00039909058	-0,0038595051
41842	91,004883	-13,509422	-13,59409	-0,049807131	-0,0068793893	-0,00070483919	-0,0049007982
41842	91,504883	-15,459422	-15,463629	-0,058133155	-0,0080230534	-0,0011770261	-0,0058069676
41842	92,004883	-17,409422	-17,497293	-0,065279752	-0,0091012418	-0,0017085929	-0,0068126023
41842	92,504883	-19,359423	-19,473129	-0,072465837	-0,010149539	-0,0023131703	-0,0078223571
41842	93,004883	-21,309422	-21,404373	-0,079013407	-0,011002868	-0,0029691597	-0,0087188557
41842	93,504883	-23,259422	-23,294504	-0,085474551	-0,011951596	-0,0037206921	-0,0096379817
41842	94,004883	-25,209423	-25,313416	-0,091719627	-0,012868255	-0,0044785161	-0,01057405
41842	94,504883	-27,159422	-27,217663	-0,097952783	-0,013655633	-0,0050848671	-0,011437744
41842	95,004883	-29,109423	-29,123659	-0,10332242	-0,014485478	-0,0059616365	-0,012359925
41842	95,504883	-31,059423	-31,040928	-0,10946244	-0,015367687	-0,0066409726	-0,01335343
41842	96,004883	-33,009422	-32,934387	-0,1141414	-0,016144842	-0,0074712713	-0,014171399
41842	96,504883	-34,959423	-35,109989	-0,12102574	-0,016999274	-0,0082613621	-0,015096582
41842	97,004883	-36,909424	-36,958313	-0,12630522	-0,01775381	-0,0092048319	-0,015991427
41842	97,504883	-38,859425	-38,831905	-0,13138279	-0,018652529	-0,0098835919	-0,01675164
41842	98,004883	-40,809422	-40,784927	-0,13658255	-0,019327819	-0,010777807	-0,017691001
41842	98,504883	-42,759422	-42,751907	-0,1422435	-0,020152479	-0,011633516	-0,018608183
41842	99,004883	-44,709423	-44,753063	-0,1478754	-0,020999819	-0,01226279	-0,019408271
41842	99,504883	-46,659424	-46,691429	-0,15295818	-0,021752059	-0,013154046	-0,020250216
41842	100,00488	-48,609425	-48,55389	-0,15759692	-0,022417277	-0,013928551	-0,021118894
41842	100,50488	-50,559422	-50,608494	-0,16276762	-0,023286641	-0,014757751	-0,021956496
41842	101,00488	-52,509422	-52,551517	-0,16754866	-0,023901641	-0,015453505	-0,022829726
41842	101,50488	-54,459423	-54,6078	-0,17290562	-0,024785995	-0,01633569	-0,023758233
41842	102,00488	-56,409424	-56,474987	-0,17738193	-0,025547624	-0,017228749	-0,024495721
41842	102,50488	-58,359425	-58,459747	-0,18273741	-0,02627483	-0,018001232	-0,025449373
41842	103,00488	-60,309422	-60,358345	-0,18777847	-0,026910603	-0,018829238	-0,026234962
41842	103,50488	-62,259422	-62,329067	-0,1925163	-0,027724802	-0,019503884	-0,026987985
41842	104,00488	-64,209427	-64,216476	-0,19668266	-0,02847752	-0,020352693	-0,027835809
41842	104,50488	-66,159424	-66,182579	-0,20152256	-0,029173732	-0,021047516	-0,028708711
41842	105,00488	-68,109421	-68,131775	-0,20663291	-0,029864281	-0,021950476	-0,029515363
41842	105,50488	-70,059425	-70,08049	-0,21102801	-0,030606359	-0,022720683	-0,030333944
41842	106,00488	-72,009422	-72,110558	-0,21604747	-0,031344295	-0,02355022	-0,03119839
41842	106,50488	-73,959427	-74,017639	-0,22098944	-0,032105833	-0,024364615	-0,031992335
41842	107,00488	-75,909424	-75,954895	-0,22539422	-0,032875553	-0,025095873	-0,032801397
41842	107,50488	-77,859421	-77,807594	-0,22975653	-0,033539474	-0,025935829	-0,033575766
41842	108,00488	-79,809425	-79,893166	-0,23422688	-0,034322366	-0,026725609	-0,03445429
41842	108,50488	-81,759422	-81,711617	-0,23915619	-0,034977064	-0,027447896	-0,03521375
41842	109,00488	-83,709427	-83,740913	-0,24310127	-0,035668895	-0,028254343	-0,036070447
41842	109,50488	-85,659424	-85,735703	-0,2482973	-0,036501169	-0,029067751	-0,036949627
41842	110,00488	-87,609421	-87,59211	-0,25226697	-0,037112236	-0,029792443	-0,03766701
41842	110,50488	-89,559425	-89,65992	-0,25718212	-0,037868008	-0,030694857	-0,038559269
41842	111,00488	-91,509422	-91,660118	-0,2614677	-0,038588732	-0,031407006	-0,039332576
41842	111,50488	-93,459427	-93,518616	-0,26578307	-0,039357916	-0,032171756	-0,040097572
41842	112,00488	-95,409424	-95,468231	-0,27059987	-0,040034175	-0,03299297	-0,040976033
41842	112,50488	-97,359421	-97,421272	-0,27496889	-0,0406681	-0,033627104	-0,041663826
41842	113,00488	-99,309425	-99,33567	-0,27919933	-0,041424111	-0,034543924	-0,042524844
41842	113,50488	-101,25942	-101,30116	-0,28341413	-0,042120188	-0,035391923	-0,043325864
41842	114,00488	-103,20943	-103,07958	-0,28768703	-0,042802826	-0,035927039	-0,044012368
41842	114,50488	-105,15942	-105,05097	-0,29173419	-0,043518826	-0,036913555	-0,044870965
41842	115,00488	-107,10942	-107,03866	-0,29615238	-0,044186741	-0,037649404	-0,045685593
41842	115,50488	-109,05943	-108,89474	-0,30010268	-0,044938549	-0,038416561	-0,046419822
41842	116,00488	-111,00942	-110,90539	-0,30475333	-0,045665845	-0,039098129	-0,047227189
41842	116,50488	-112,95943	-112,90005	-0,30923858	-0,0463579	-0,039915722	-0,048136093
41842	117,00488	-114,90942	-114,82767	-0,31317994	-0,046996742	-0,040738385	-0,048817545
41842	117,50488	-116,85943	-116,94386	-0,3179878	-0,047817588	-0,041559406	-0,049698059
41842	118,00488	-118,80943	-118,93806	-0,32231361	-0,04851155	-0,042455595	-0,050526112
41842	118,50488	-120,75942	-120,64555	-0,32581761	-0,049103767	-0,04303718	-0,05113801
41842	119,00488	-122,70943	-122,8459	-0,33096448	-0,049898133	-0,043955259	-0,052079633
41842	119,50488	-124,65942	-124,58583	-0,33478886	-0,050612375	-0,044652607	-0,052798193
41842	120,00488	-126,60943	-126,56337	-0,33842921	-0,051277354	-0,045459922	-0,053536262
41842	120,50488	-128,55942	-128,63077	-0,34293383	-0,052051321	-0,046168111	-0,05440782
41842	121,00488	-130,50943	-130,51965	-0,34672618	-0,052814096	-0,047035176	-0,055216022
41842	121,50488	-132,45943	-132,55774	-0,35109892	-0,053482875	-0,047845952	-0,056047004
41842	122,00488	-134,40942	-134,4865	-0,35491809	-0,054183692	-0,048578829	-0,056782298
41842	122,50488	-136,35942	-136,41429	-0,35880655	-0,054853827	-0,049382016	-0,057545714
41842	123,00488	-138,30942	-138,24507	-0,36268085	-0,055573583	-0,04999901	-0,05831641
41842	123,50488	-140,25943	-140,32758	-0,36753714	-0,056379095	-0,050861415	-0,059065845
41842	124,00488	-142,20943	-142,2337	-0,37130639	-0,057010606	-0,051695339	-0,059869938
41842	124,50488	-144,15942	-144,18542	-0,37550479	-0,057759821	-0,052462839	-0,060666505
41842	125,00488	-146,10942	-146,16151	-0,37937909	-0,058411002	-0,053220615	-0,061426863
41842	125,50488	-148,05943	-148,08824	-0,38339198	-0,05908899	-0,053997662	-0,062215053
41842	126,00488	-150,00943	-149,94722	-0,38693547	-0,059760734	-0,054770019	-0,063057616
41842	126,50488	-151,95943	-151,81683	-0,39098039	-0,060466975	-0,055528477	-0,06370464
41842	127,00488	-153,90942	-153,98865	-0,39495379	-0,061244383	-0,056268193	-0,064651862
41842	127,50488	-155,85942	-155,78557	-0,39933175	-0,06192863	-0,057086878	-0,065322116
41842	128,00488	-157,80943	-157,94489	-0,40293857	-0,062750116	-0,057907674	-0,066194117
41842	128,50488	-159,75943	-159,81065	-0,4071705	-0,063416749	-0,058715768	-0,066888496
41842	129,00488	-161,70943	-161,64432	-0,41068792	-0,064035073	-0,059424743	-0,06766364
41842	129,50488	-163,65942	-163,63165	-0,41458383	-0,064794868	-0,060195684	-0,068477705
41842	130,00488	-165,60942	-165,63789	-0,4183881	-0,065525144	-0,060975272	-0,069216393
41842	130,50488	-167,55943	-167,61441	-0,42261556	-0,066277638	-0,061836917	-0,070082597
41842	131,00488	-169,50943	-169,62779	-0,42689666	-0,066965744	-0,062634133	-0,070839629
41842	131,50488	-171,45943	-171,50694	-0,43043718	-0,067701668	-0,063358232	-0,071589209
41842	132,00488	-173,40942	-173,47278	-0,43436214	-0,068428174	-0,064190909	-0,072364509
41842	132,50488	-175,35942	-175,41859	-0,43811724	-0,069148108	-0,064903438	-0,073175296
41842	133,00488	-177,30943	-177,37346	-0,44199005	-0,069875985	-0,065658048	-0,073915742
41842	133,50488	-179,25943	-179,35216	-0,44612736	-0,070564032	-0,066461496	-0,074742563
41842	134,00488	-181,20943	-181,1962	-0,44994354	-0,071353063	-0,067213081	-0,075529687
41842	134,50488	-183,15942	-183,21277	-0,45440048	-0,071996808	-0,067980103	-0,076291263
41842	135,00488	-185,10942	-185,03284	-0,4575029	-0,072672084	-0,068843432	-0,077036582
41842	135,50488	-187,05943	-187,21074	-0,4612878	-0,073457524	-0,069685653	-0,077862769
41842	136,00488	-188,86226	-188,8994	-0,46521649	-0,074144349	-0,070260838	-0,078585118
41842	136,50488	-186,91226	-187,01027	-0,46234727	-0,073762119	-0,070057645	-0,078238919
41842	137,00488	-184,96225	-184,99007	-0,45918226	-0,073253199	-0,069393978	-0,077762961
41842	137,50488	-183,01225	-183,01088	-0,45655742	-0,072764337	-0,068906061	-0,07723505
41842	138,00488	-181,06226	-180,95584	-0,45342818	-0,072292343	-0,068359591	-0,076712698
41842	138,50488	-179,11226	-179,05614	-0,45047626	-0,071830526	-0,067794077	-0,07622049
41842	139,00488	-177,16226	-177,08015	-0,44701993	-0,071256131	-0,067189917	-0,07572262
41842	139,50488	-175,21225	-175,06982	-0,44418424	-0,070755318	-0,066617735	-0,075154431
41842	140,00488	-173,26225	-173,08041	-0,44084936	-0,070198372	-0,066096023	-0,074550107
41842	140,50488	-171,31226	-171,19502	-0,43750629	-0,069681406	-0,065516382	-0,074080668
41842	141,00488	-169,36226	-169,41759	-0,43473318	-0,069169641	-0,06496495	-0,073558733
41842	141,50488	-167,41226	-167,36134	-0,43156371	-0,06861946	-0,064279601	-0,072907291
41842	142,00488	-165,46225	-165,29259	-0,42815879	-0,068026617	-0,06374158	-0,072368033
41842	142,50488	-163,51225	-163,45656	-0,4248701	-0,067558423	-0,063189209	-0,071918234
41842	143,00488	-161,56226	-161,43384	-0,42197034	-0,066983223	-0,062550589	-0,071215719
41842	143,50488	-159,61226	-159,50151	-0,41849315	-0,066441119	-0,061948642	-0,070714727
41842	144,00488	-157,66226	-157,57166	-0,41523874	-0,065920383	-0,061361957	-0,070221394
41842	144,50488	-155,71225	-155,69846	-0,41231886	-0,065402389	-0,060845718	-0,069614768
41842	145,00488	-153,76225	-153,6001	-0,40868819	-0,064801306	-0,060141727	-0,068986788
41842	145,50488	-151,81226	-151,68478	-0,40494874	-0,064264268	-0,059589121	-0,068468921
41842	146,00488	-149,86226	-149,77611	-0,40161461	-0,063750103	-0,058997016	-0,067929722
41842	146,50488	-147,91226	-147,76791	-0,39822236	-0,063173652	-0,058400638	-0,06722863
41842	147,00488	-145,96225	-145,84343	-0,39497986	-0,062542766	-0,057774939	-0,066744268
41842	147,50488	-144,01225	-143,92155	-0,39147958	-0,062079266	-0,057161361	-0,066145405
41842	148,00488	-142,06226	-141,94395	-0,38830861	-0,06147936	-0,056578625	-0,065501295
41842	148,50488	-140,11226	-139,99937	-0,38484856	-0,060943142	-0,055890527	-0,064990804
41842	149,00488	-138,16226	-138,03676	-0,38133636	-0,060362637	-0,055337302	-0,064382166
41842	149,50488	-136,21225	-136,12192	-0,3779158	-0,059734017	-0,054711826	-0,063737206
41842	150,00488	-134,26225	-134,1725	-0,37470609	-0,059246063	-0,054180276	-0,063110128
41842	150,50488	-132,31226	-132,21736	-0,37115589	-0,058642104	-0,053573433	-0,06256941
41842	151,00488	-130,36226	-130,07968	-0,367219	-0,058055803	-0,052828677	-0,061888788
41842	151,50488	-128,41226	-128,31224	-0,3639102	-0,057503432	-0,052198336	-0,061309312
41842	152,00488	-126,46226	-126,38931	-0,36043003	-0,05695577	-0,051478524	-0,060690377
41842	152,50488	-124,51225	-124,44249	-0,35698265	-0,056403264	-0,051033031	-0,060137674
41842	153,00488	-122,56226	-122,45104	-0,35297349	-0,055826128	-0,05040928	-0,059462022
41842	153,50488	-120,61225	-120,47913	-0,34953952	-0,055280447	-0,04969833	-0,058817901
41842	154,00488	-118,66225	-118,5754	-0,34582242	-0,054669857	-0,049194451	-0,058217682
41842	154,50488	-116,71226	-116,6862	-0,34230426	-0,054037184	-0,0484729	-0,057622362
41842	155,00488	-114,76225	-114,63805	-0,33827946	-0,053463861	-0,047823407	-0,056933869
41842	155,50488	-112,81226	-112,77606	-0,33487529	-0,052865133	-0,047218286	-0,056326918
41842	156,00488	-110,86225	-110,77922	-0,33097938	-0,052205428	-0,046610374	-0,055780325
41842	156,50488	-108,91225	-108,77378	-0,32718182	-0,051628485	-0,045979369	-0,054982126
41842	157,00488	-106,96226	-106,75534	-0,32335743	-0,05104281	-0,045233611	-0,054334033
41842	157,50488	-105,01225	-104,91153	-0,31962171	-0,050516739	-0,044693381	-0,05373501
41842	158,00488	-103,06226	-102,93743	-0,31586885	-0,0498759	-0,043991156	-0,053038877
41842	158,50488	-101,11225	-100,98267	-0,3118284	-0,049338251	-0,043354616	-0,052338678
41842	159,00488	-99,162254	-99,009346	-0,30797347	-0,048708603	-0,042637408	-0,051697556
41842	159,50488	-97,212257	-97,166214	-0,30402318	-0,048175901	-0,042077355	-0,051043503
41842	160,00488	-95,262253	-95,139801	-0,30017868	-0,047449782	-0,041418962	-0,050322495
41842	160,50488	-93,312256	-93,246819	-0,29591396	-0,046886101	-0,040647961	-0,049676582
41842	161,00488	-91,362251	-91,232193	-0,29206574	-0,046262786	-0,04000695	-0,048965916
41842	161,50488	-89,412254	-89,333168	-0,28840974	-0,045592234	-0,039412409	-0,048240777
41842	162,00488	-87,46225	-87,322304	-0,28398931	-0,045005053	-0,038735975	-0,047530796
41842	162,50488	-85,512253	-85,458191	-0,28015599	-0,044485405	-0,038059082	-0,04683933
41842	163,00488	-83,562256	-83,479004	-0,2756916	-0,043834016	-0,03739801	-0,046095558
41842	163,50488	-81,612251	-81,508453	-0,27152747	-0,043184459	-0,036764864	-0,045300592
41842	164,00488	-79,662254	-79,674591	-0,26760623	-0,042632088	-0,035991341	-0,044580139
41842	164,50488	-77,71225	-77,561203	-0,26296526	-0,041868925	-0,035348419	-0,043806013
41842	165,00488	-75,762253	-75,724678	-0,25864169	-0,041298211	-0,034620762	-0,043078437
41842	165,50488	-73,812256	-73,69355	-0,2545841	-0,040669411	-0,03402961	-0,042314403
41842	166,00488	-71,862251	-71,765022	-0,25005415	-0,039946243	-0,033276197	-0,041575357
41842	166,50488	-69,912254	-69,780922	-0,24542585	-0,039288148	-0,032556362	-0,040746368
41842	167,00488	-67,96225	-67,880974	-0,2409853	-0,038600028	-0,03194692	-0,040051401
41842	167,50488	-66,012253	-65,845329	-0,23655221	-0,03795591	-0,031166613	-0,039278559
41842	168,00488	-64,062256	-63,928589	-0,23175776	-0,037343696	-0,030581828	-0,038411316
41842	168,50488	-62,112251	-62,053116	-0,22713766	-0,036663413	-0,029804131	-0,03772321
41842	169,00488	-60,162254	-60,143425	-0,22288188	-0,036138892	-0,029157268	-0,036970533
41842	169,50488	-58,212254	-58,150108	-0,21772757	-0,03537187	-0,028365757	-0,036072217
41842	170,00488	-56,262253	-56,264782	-0,21318495	-0,034799501	-0,027701858	-0,035278797
41842	170,50488	-54,312252	-54,204861	-0,20782724	-0,034020871	-0,02689155	-0,034474552
41842	171,00488	-52,362251	-52,297977	-0,20328313	-0,033239499	-0,026169417	-0,033634018
41842	171,50488	-50,412254	-50,378498	-0,19853562	-0,032590121	-0,025460383	-0,032883301
41842	172,00488	-48,462254	-48,367893	-0,19320697	-0,031846911	-0,024646206	-0,031963166
41842	172,50488	-46,512253	-46,457996	-0,18846765	-0,031153649	-0,024052659	-0,03112923
41842	173,00488	-44,562252	-44,466343	-0,18308684	-0,030334979	-0,023110619	-0,03030102
41842	173,50488	-42,612251	-42,508884	-0,17826632	-0,029641449	-0,022459123	-0,029440947
41842	174,00488	-40,662251	-40,666355	-0,17296597	-0,028894931	-0,021578368	-0,02860292
41842	174,50488	-38,712254	-38,495831	-0,16753301	-0,028067827	-0,020876007	-0,027659796
41842	175,00488	-36,762253	-36,707329	-0,16233623	-0,027304739	-0,020174384	-0,026831612
41842	175,50488	-34,812252	-34,656857	-0,15626475	-0,026551098	-0,019205915	-0,025862388
41842	176,00488	-32,862251	-32,779995	-0,15053973	-0,025720179	-0,018523142	-0,025041983
41842	176,50488	-30,912252	-30,818621	-0,14528483	-0,024937004	-0,017643517	-0,024131238
41842	177,00488	-28,962252	-28,789719	-0,13894811	-0,024004549	-0,016786957	-0,023095086
41842	177,50488	-27,012253	-26,860622	-0,13282672	-0,023172885	-0,015861446	-0,022217125
41842	178,00488	-25,062252	-24,984774	-0,12618676	-0,022263467	-0,015098676	-0,021253519
41842	178,50488	-23,112251	-22,934879	-0,1205273	-0,021349609	-0,014264302	-0,020187214
41842	179,00488	-21,162252	-21,069084	-0,11361986	-0,020398289	-0,0133616	-0,019230276
41842	179,50488	-19,212252	-19,180363	-0,10693297	-0,019462794	-0,012596314	-0,018274613
41842	180,00488	-17,262251	-17,22859	-0,10015443	-0,018492818	-0,011560096	-0,017146811
41842	180,50488	-15,312252	-15,193136	-0,091958791	-0,017364472	-0,010729299	-0,016066648
41842	181,00488	-13,362251	-13,273813	-0,084023178	-0,016133904	-0,0099597666	-0,014935002
41842	181,50488	-11,412251	-11,269649	-0,074287504	-0,014742285	-0,0092073753	-0,013695411
41842	182,00488	-9,4622517	-9,3777962	-0,065038353	-0,013308972	-0,0085555725	-0,012451947
41842	182,50488	-7,5122514	-7,5133777	-0,05466193	-0,011702329	-0,0080609163	-0,011164904
41842	183,00488	-5,5622516	-5,489655	-0,042112172	-0,0097236335	-0,0075942809	-0,0096768886
41842	183,50488	-4,2240705	-3,9532688	-0,029729307	-0,0079933405	-0,0073531363	-0,008233808
41842	184,00488	-6,1740704	-5,9239454	-0,040519238	-0,0093290508	-0,0073543969	-0,0090786964
41842	184,50488	-8,1240702	-8,0004635	-0,051264465	-0,010807514	-0,0074854861	-0,010102987
41842	185,00488	-10,074071	-9,9277296	-0,060609728	-0,012069523	-0,0076901736	-0,010953769
41842	185,50488	-12,024071	-11,931792	-0,069463998	-0,013328165	-0,0080560455	-0,011974774
41842	186,00488	-13,974071	-13,832318	-0,076434016	-0,014454633	-0,008522667	-0,012899555
41842	186,50488	-15,92407	-15,856868	-0,084728748	-0,015456229	-0,0091311969	-0,013865478
41842	187,00488	-17,874071	-17,910959	-0,091954321	-0,016517282	-0,0097125387	-0,014736101
41842	187,50488	-19,82407	-19,869133	-0,098844618	-0,017399192	-0,010513509	-0,015701868
41842	188,00488	-21,774071	-21,815367	-0,10470226	-0,018325746	-0,01129848	-0,016619831
41842	188,50488	-23,724072	-23,687366	-0,11076555	-0,019144744	-0,011950096	-0,017483778
41842	189,00488	-25,67407	-25,577904	-0,11679083	-0,02004227	-0,012793235	-0,01831007
41842	189,50488	-27,624071	-27,616959	-0,12289062	-0,020916164	-0,01352736	-0,019260272
41842	190,00488	-29,574072	-29,633572	-0,12834147	-0,021758348	-0,014358592	-0,020192176
41842	190,50488	-31,524071	-31,540432	-0,13410971	-0,022556454	-0,014994795	-0,020922869
41842	191,00488	-33,474072	-33,581802	-0,13987198	-0,023444474	-0,015986752	-0,021851264
41842	191,50488	-35,424072	-35,530277	-0,14541149	-0,024095684	-0,016730575	-0,022670962
41842	192,00488	-37,374073	-37,372616	-0,15080348	-0,024840534	-0,017433021	-0,023484625
41842	192,50488	-39,32407	-39,437229	-0,15638769	-0,025713027	-0,018243017	-0,024300903
41842	193,00488	-41,274071	-41,333275	-0,161127	-0,026388377	-0,018989081	-0,025104806
41842	193,50488	-43,224072	-43,297989	-0,1662761	-0,027112126	-0,019716963	-0,025963873
41842	194,00488	-45,174072	-45,287624	-0,17153248	-0,027846783	-0,020563994	-0,026801892
41842	194,50488	-47,124073	-47,150517	-0,17604604	-0,028600186	-0,021339778	-0,027631104
41842	195,00488	-49,07407	-49,070652	-0,18055961	-0,029293358	-0,022144135	-0,028354712
41842	195,50488	-51,024071	-51,009598	-0,18554702	-0,030046076	-0,022813199	-0,029163495
41842	196,00488	-52,974072	-52,950127	-0,19071028	-0,030698419	-0,023686601	-0,029990412
41842	196,50488	-54,924072	-54,955399	-0,19572973	-0,031500995	-0,02431736	-0,030772723
41842	197,00488	-56,874073	-56,895039	-0,20039082	-0,032231465	-0,025179019	-0,03148606
41842	197,50488	-58,82407	-58,845051	-0,20478889	-0,032833695	-0,025802908	-0,032271665
41842	198,00488	-60,774071	-60,832142	-0,20927936	-0,033617362	-0,026655791	-0,033126723
41842	198,50488	-62,724072	-62,795891	-0,2143532	-0,034321249	-0,027420253	-0,033937909
41842	199,00488	-64,674072	-64,733391	-0,21897331	-0,034895137	-0,028116936	-0,034693144
41842	199,50488	-66,624069	-66,639191	-0,22331849	-0,0356244	-0,028851964	-0,035393596
41842	200,00488	-68,574074	-68,670273	-0,2280727	-0,036369026	-0,029553272	-0,036207587
41842	200,50488	-70,524071	-70,611275	-0,23186728	-0,037005007	-0,030287046	-0,037009317
41842	201,00488	-72,474075	-72,591293	-0,2366595	-0,037677065	-0,030991798	-0,037792314
41842	201,50488	-74,424072	-74,418259	-0,24118125	-0,038272351	-0,031766515	-0,038432721
41842	202,00488	-76,374069	-76,503128	-0,24598092	-0,039013788	-0,032558128	-0,039252196
41842	202,50488	-78,324074	-78,363838	-0,24974793	-0,039691195	-0,033273987	-0,039926335
41842	203,00488	-80,274071	-80,309402	-0,25406405	-0,040264025	-0,033953767	-0,040717803
41842	203,50488	-82,224075	-82,275589	-0,25843233	-0,040960237	-0,034585577	-0,041436326
41842	204,00488	-84,174072	-84,257057	-0,26262552	-0,041569874	-0,03537298	-0,042132787
41842	204,50488	-86,124069	-86,118835	-0,26727095	-0,042231485	-0,036114514	-0,042903014
41842	205,00488	-88,074074	-88,154839	-0,27137473	-0,042898849	-0,036839165	-0,043651097
41842	205,50488	-90,024071	-90,011673	-0,27545914	-0,043556005	-0,037472665	-0,044320665
41842	206,00488	-91,974075	-91,938995	-0,27963072	-0,04417491	-0,038131386	-0,045002576
41842	206,50488	-93,924072	-94,002716	-0,28371364	-0,044787422	-0,038931571	-0,045720793
41842	207,00488	-95,874069	-95,993034	-0,28758198	-0,045526713	-0,039573852	-0,046490304
41842	207,50488	-97,824074	-97,886292	-0,29180124	-0,046094358	-0,04026185	-0,047197055
41842	208,00488	-99,774071	-99,869766	-0,29613003	-0,046806142	-0,041032653	-0,047861151
41842	208,50488	-101,72408	-101,63422	-0,30009449	-0,047330678	-0,041641299	-0,048508767
41842	209,00488	-103,67407	-103,704	-0,30403137	-0,048039526	-0,04245152	-0,049241118
41842	209,50488	-105,62407	-105,61122	-0,30811802	-0,048609063	-0,043086044	-0,049971126
41842	210,00488	-107,57407	-107,58681	-0,31222105	-0,049312487	-0,04378799	-0,050562225
41842	210,50488	-109,52407	-109,59251	-0,3163904	-0,049846515	-0,044463173	-0,051339786
41842	211,00488	-111,47408	-111,57191	-0,3205739	-0,050458163	-0,045167401	-0,052037667
41842	211,50488	-113,42407	-113,38046	-0,32390729	-0,051072881	-0,045764655	-0,052587621
41842	212,00488	-115,37408	-115,40067	-0,3286697	-0,051785961	-0,046407364	-0,053294845
41842	212,50488	-117,32407	-117,40902	-0,33224672	-0,052359685	-0,047286045	-0,053993318
41842	213,00488	-119,27407	-119,25639	-0,33575669	-0,052926034	-0,047812819	-0,054712847
41842	213,50488	-121,22408	-121,2865	-0,33992678	-0,05356133	-0,048523832	-0,055366047
41842	214,00488	-123,17407	-123,26787	-0,34359843	-0,05418475	-0,049169514	-0,056030385
41842	214,50488	-125,12408	-125,12489	-0,34745783	-0,054853991	-0,049918901	-0,056735244
41842	215,00488	-127,07407	-127,04478	-0,35093948	-0,055341542	-0,050669864	-0,057334896
41842	215,50488	-129,02408	-128,98166	-0,3550984	-0,055967435	-0,051170424	-0,057957828
41842	216,00488	-130,97408	-130,97057	-0,35852566	-0,05663693	-0,051917676	-0,058687612
41842	216,50488	-132,92407	-132,95158	-0,36290511	-0,057259828	-0,052686319	-0,059403393
41842	217,00488	-134,87407	-134,93904	-0,36646426	-0,057862937	-0,053311218	-0,059982296
41842	217,50488	-136,82407	-136,81047	-0,3702268	-0,058486074	-0,053826191	-0,060635287
41842	218,00488	-138,77408	-138,82478	-0,37392303	-0,059073344	-0,054630652	-0,06133819
41842	218,50488	-140,72408	-140,70802	-0,37731826	-0,059702322	-0,055326454	-0,061987095
41842	219,00488	-142,67407	-142,7149	-0,38148016	-0,060225233	-0,056032214	-0,062686935
41842	219,50488	-144,62407	-144,50775	-0,38490742	-0,060879678	-0,056704398	-0,063242868
41842	220,00488	-146,57408	-146,55533	-0,38825646	-0,06146431	-0,0572097	-0,063970625
41842	220,50488	-148,52408	-148,4222	-0,39199889	-0,062142566	-0,058006391	-0,064651862
41842	221,00488	-150,47408	-150,42201	-0,39591864	-0,062695727	-0,058605183	-0,065278128
41842	221,50488	-152,42407	-152,43015	-0,39929524	-0,063291416	-0,059379291	-0,065870568
41842	222,00488	-154,37407	-154,4472	-0,40334687	-0,063926592	-0,060022999	-0,066599026
41842	222,50488	-156,32408	-156,32353	-0,4065901	-0,064609408	-0,060660619	-0,067274816
41842	223,00488	-158,27408	-158,19193	-0,4100658	-0,06508863	-0,061325323	-0,067851201
41842	223,50488	-160,22408	-160,29005	-0,4140541	-0,065764353	-0,062053323	-0,068552874
41842	224,00488	-162,17407	-162,17413	-0,41738898	-0,066388354	-0,062718913	-0,06920737
41842	224,50488	-164,12407	-164,16518	-0,42070597	-0,06696032	-0,063418522	-0,069856986
41842	225,00488	-166,07408	-166,05247	-0,42465702	-0,067557871	-0,063967191	-0,070462584
41842	225,50488	-168,02408	-167,98372	-0,42818263	-0,068197936	-0,064589359	-0,07107792
41842	226,00488	-169,97408	-169,98741	-0,43188184	-0,068793267	-0,065400876	-0,071790315
41842	226,50488	-171,92407	-171,97633	-0,43536201	-0,069406644	-0,065955862	-0,072423659
41842	227,00488	-173,87407	-173,95724	-0,43860748	-0,069978252	-0,066714622	-0,073039904
41842	227,50488	-175,82408	-175,84955	-0,44237375	-0,070585847	-0,067361385	-0,073673353
41842	228,00488	-177,77408	-177,85649	-0,44600666	-0,071238458	-0,068059459	-0,074421197
41842	228,50488	-179,72408	-179,78168	-0,44930652	-0,071858704	-0,068758465	-0,075105891
41842	229,00488	-181,67407	-181,73843	-0,45324191	-0,072469816	-0,069372624	-0,075658344
41842	229,50488	-183,62407	-183,71513	-0,45683831	-0,073154315	-0,070119537	-0,076413296
41842	230,00488	-184,44394	-184,58052	-0,45856684	-0,073376298	-0,070428513	-0,076797575
41842	230,50488	-182,49394	-182,59424	-0,45563728	-0,072996944	-0,070024058	-0,076294139
41842	231,00488	-180,54395	-180,46931	-0,45241863	-0,072452962	-0,069355108	-0,075678788
41842	231,50488	-178,59395	-178,39035	-0,44941232	-0,071895942	-0,068689115	-0,075159736
41842	232,00488	-176,64395	-176,55933	-0,44614673	-0,071433112	-0,06819851	-0,07466276
41842	232,50488	-174,69394	-174,58875	-0,44297203	-0,070779994	-0,067591824	-0,074059471
41842	233,00488	-172,74394	-172,59227	-0,43959245	-0,070292383	-0,066953786	-0,073504232
41842	233,50488	-170,79395	-170,75117	-0,43700188	-0,069863454	-0,066506714	-0,073003009
41842	234,00488	-168,84395	-168,80861	-0,43326542	-0,069301367	-0,065847173	-0,07247261
41842	234,50488	-166,89395	-166,66383	-0,43006316	-0,068743542	-0,065372266	-0,071797743
41842	235,00488	-164,94394	-164,72008	-0,42691901	-0,068149418	-0,064727068	-0,071345925
41842	235,50488	-162,99394	-162,86844	-0,42335838	-0,067673594	-0,064072937	-0,070755944
41842	236,00488	-161,04395	-160,89972	-0,4205808	-0,067026794	-0,063534312	-0,070217624
41842	236,50488	-159,09395	-159,04712	-0,41704699	-0,066589892	-0,062982127	-0,069645107
41842	237,00488	-157,14395	-157,00414	-0,41420758	-0,066076979	-0,062295653	-0,069058754
41842	237,50488	-155,19394	-155,26535	-0,4109405	-0,065528288	-0,061787385	-0,068601623
41842	238,00488	-153,24394	-153,21141	-0,40726513	-0,064999893	-0,061180219	-0,068024196
41842	238,50488	-151,29395	-151,2543	-0,4039295	-0,064409435	-0,060571983	-0,067412458
41842	239,00488	-149,34395	-149,21405	-0,40074587	-0,063769579	-0,059949491	-0,066730276
41842	239,50488	-147,39395	-147,28743	-0,39723665	-0,063302144	-0,059358262	-0,066165671
41842	240,00488	-145,44394	-145,31381	-0,39380491	-0,062713534	-0,058763787	-0,065649658
41842	240,50488	-143,49394	-143,41435	-0,39066151	-0,06211032	-0,05807237	-0,064954139
41842	241,00488	-141,54395	-141,44086	-0,38720071	-0,061592817	-0,057622217	-0,064426467
41842	241,50488	-139,59395	-139,51215	-0,38381666	-0,060985163	-0,056982126	-0,06387227
41842	242,00488	-137,64395	-137,5481	-0,38020909	-0,06044884	-0,056261424	-0,063288473
41842	242,50488	-135,69394	-135,53545	-0,37688166	-0,059825465	-0,055670459	-0,062583208
41842	243,00488	-133,74394	-133,68503	-0,37353486	-0,059374809	-0,055022582	-0,062085107
41842	243,50488	-131,79395	-131,78731	-0,36977679	-0,05880183	-0,054454003	-0,061485637
41842	244,00488	-129,84395	-129,85571	-0,36637709	-0,058257788	-0,053841423	-0,060828909
41842	244,50488	-127,89394	-127,73138	-0,36275163	-0,057576343	-0,053214312	-0,060171895
41842	245,00488	-125,94395	-125,84218	-0,35903752	-0,057061985	-0,052685179	-0,059604879
41842	245,50488	-123,99394	-123,86688	-0,35501868	-0,056452185	-0,051825706	-0,059003092
41842	246,00488	-122,04395	-121,91088	-0,35177544	-0,055897281	-0,051344257	-0,058379076
41842	246,50488	-120,09394	-119,97774	-0,34799501	-0,055316925	-0,050626844	-0,057702754
41842	247,00488	-118,14394	-117,9752	-0,34418702	-0,054766759	-0,05002857	-0,057062715
41842	247,50488	-116,19395	-115,97089	-0,34127608	-0,05405733	-0,049324542	-0,056458183
41842	248,00488	-114,24394	-114,22185	-0,33740401	-0,053654611	-0,048793461	-0,055895075
41842	248,50488	-112,29395	-112,05895	-0,33313781	-0,052899599	-0,04811744	-0,055204138
41842	249,00488	-110,34394	-110,13394	-0,32933056	-0,052362189	-0,04742045	-0,054462399
41842	249,50488	-108,39394	-108,29769	-0,32653213	-0,051756218	-0,04685824	-0,053893223
41842	250,00488	-106,44395	-106,38523	-0,32244697	-0,051223785	-0,046182636	-0,053297665
41842	250,50488	-104,49394	-104,43921	-0,31856075	-0,050642163	-0,045574658	-0,052669328
41842	251,00488	-102,54395	-102,51479	-0,31510293	-0,050004363	-0,044854276	-0,051934596
41842	251,50488	-100,59394	-100,56131	-0,31112581	-0,049449906	-0,044291329	-0,051289439
41842	252,00488	-98,643944	-98,585693	-0,30716434	-0,048855677	-0,043542795	-0,050607745
41842	252,50488	-96,693947	-96,538994	-0,30285418	-0,048171163	-0,042885181	-0,049970798
41842	253,00488	-94,743942	-94,484367	-0,29876605	-0,047568068	-0,042183839	-0,049179051
41842	253,50488	-92,793945	-92,76725	-0,29503033	-0,047024339	-0,041602816	-0,048612427
41842	254,00488	-90,843941	-90,595627	-0,29098392	-0,046341866	-0,040890492	-0,047831856
41842	254,50488	-88,893944	-88,799385	-0,28722659	-0,045773551	-0,040220313	-0,047191586
41842	255,00488	-86,943939	-86,728012	-0,28256923	-0,045192003	-0,039376281	-0,046368487
41842	255,50488	-84,993942	-84,914925	-0,27871057	-0,044603795	-0,0388458	-0,045746375
41842	256,00488	-83,043945	-82,934608	-0,2744846	-0,043917775	-0,038169991	-0,045009986
41842	256,50488	-81,093941	-80,898178	-0,27030632	-0,043344006	-0,037489157	-0,04430864
41842	257,00488	-79,143944	-78,949959	-0,26593655	-0,042669415	-0,036742687	-0,043456983
41842	257,50488	-77,193939	-77,111938	-0,26192442	-0,042074665	-0,036044549	-0,042771332
41842	258,00488	-75,243942	-75,132515	-0,25767013	-0,041414469	-0,035486519	-0,042040776
41842	258,50488	-73,293945	-73,215935	-0,25321096	-0,04080373	-0,034759697	-0,041316874
41842	259,00488	-71,343941	-71,254753	-0,24880096	-0,040110722	-0,034048002	-0,040559448
41842	259,50488	-69,393944	-69,311897	-0,24456382	-0,039488539	-0,033379152	-0,039786119
41842	260,00488	-67,443939	-67,1838	-0,23957267	-0,038806632	-0,032671869	-0,038981676
41842	260,50488	-65,493942	-65,401192	-0,23511499	-0,038208291	-0,031852413	-0,038299765
41842	261,00488	-63,543941	-63,415043	-0,23035556	-0,037543997	-0,031175364	-0,037465084
41842	261,50488	-61,593941	-61,384769	-0,22575557	-0,036803126	-0,03042906	-0,036633655
41842	262,00488	-59,643944	-59,415817	-0,22086427	-0,036169067	-0,029688774	-0,035842106
41842	262,50488	-57,693943	-57,61702	-0,21640956	-0,035498947	-0,029059736	-0,035086561
41842	263,00488	-55,743942	-55,710323	-0,21154359	-0,034860611	-0,028388591	-0,034351181
41842	263,50488	-53,793941	-53,611366	-0,20645112	-0,034053117	-0,027598344	-0,033457749
41842	264,00488	-51,843941	-51,779564	-0,20195544	-0,033442959	-0,026818251	-0,032681633
41842	264,50488	-49,893944	-49,701103	-0,19648895	-0,032593638	-0,026066607	-0,031805143
41842	265,00488	-47,943943	-47,949699	-0,19231215	-0,032035828	-0,025363253	-0,030989043
41842	265,50488	-45,993942	-45,989185	-0,18658191	-0,031247497	-0,024641814	-0,030168351
41842	266,00488	-44,043941	-43,874081	-0,1814656	-0,03056863	-0,023862805	-0,02930247
41842	266,50488	-42,093941	-42,01535	-0,17637759	-0,029687345	-0,02302102	-0,028547265
41842	267,00488	-40,14394	-40,032673	-0,17121285	-0,028933257	-0,022173192	-0,027570195
41842	267,50488	-38,193943	-38,061775	-0,16576052	-0,028105557	-0,021403614	-0,026717387
41842	268,00488	-36,243942	-36,188221	-0,16034245	-0,027459294	-0,020709865	-0,025864236
41842	268,50488	-34,293941	-34,226192	-0,15467703	-0,026632398	-0,019819038	-0,024936363
41842	269,00488	-32,343941	-32,223137	-0,14851168	-0,025749743	-0,018967012	-0,024076603
41842	269,50488	-30,393942	-30,221394	-0,14316142	-0,024898231	-0,018145889	-0,022993587
41842	270,00488	-28,443941	-28,353264	-0,13710633	-0,024115682	-0,017287632	-0,022124574
41842	270,50488	-26,493942	-26,439346	-0,13065264	-0,023310184	-0,016496385	-0,021227308
41842	271,00488	-24,543941	-24,405134	-0,12470484	-0,02231136	-0,015569437	-0,020205699
41842	271,50488	-22,593941	-22,511835	-0,11851341	-0,021438867	-0,014698141	-0,019266613
41842	272,00488	-20,643942	-20,589813	-0,1120992	-0,020475507	-0,013635245	-0,018219955
41842	272,50488	-18,693941	-18,608055	-0,10488629	-0,019425571	-0,012831388	-0,017177761
41842	273,00488	-16,74394	-16,62249	-0,097233057	-0,018341362	-0,012006502	-0,016169943
41842	273,50488	-14,793941	-14,700647	-0,089521706	-0,017254174	-0,011139883	-0,015120097
41842	274,00488	-12,843941	-12,765857	-0,081024319	-0,016059995	-0,010248044	-0,014081992
41842	274,50488	-10,893941	-10,693133	-0,071520358	-0,014636189	-0,0095356451	-0,012713239
41842	275,00488	-8,9439411	-8,8732786	-0,062363595	-0,013182163	-0,0088833962	-0,011585601
41842	275,50488	-6,9939408	-6,9041514	-0,050937384	-0,011363536	-0,0081995577	-0,010305502
41842	276,00488	-5,043941	-5,0237031	-0,038465858	-0,009468168	-0,0079895901	-0,0089850277
41842	276,50488	-3,927	-3,9886701	-0,029693544	-0,0083215535	-0,0077166399	-0,008179076
41842	277,00488	-3,927	-3,9859862	-0,029040873	-0,0081897676	-0,0076341294	-0,0080829784
41842	277,50488	-3,927	-3,8075764	-0,02804324	-0,0079375803	-0,0075817988	-0,0078547448
41842	278,00488	-3,927	-3,7198477	-0,026759505	-0,0078535378	-0,0075130272	-0,007754378
41842	278,50488	-3,927	-3,7010274	-0,026426464	-0,0077729523	-0,0075070295	-0,0077166557
41842	279,00488	-3,927	-3,7908592	-0,026968122	-0,0077905655	-0,0074976855	-0,0076745078
41842	279,50488	-3,927	-3,8559046	-0,026690215	-0,0078358054	-0,0075274538	-0,0076853931
41842	280,00488	-3,927	-3,8112588	-0,026983023	-0,0077626407	-0,0074103819	-0,0076099038
41842	280,50488	-3,927	-3,8415864	-0,026535988	-0,0077214539	-0,0073792087	-0,0075756609
41842	281,00488	-3,927	-3,8829391	-0,026772171	-0,0076797605	-0,0073896456	-0,0075949207
41842	281,50488	-3,927	-3,8628559	-0,026662648	-0,0077150166	-0,0074019046	-0,0076154917
41842	282,00488	-3,927	-3,8455539	-0,026458502	-0,0076521039	-0,0074026743	-0,0075396448
41842	282,50488	-3,927	-3,874058	-0,026714057	-0,0076506138	-0,007337728	-0,0074656084
41842	283,00488	-3,927	-3,8829689	-0,026711822	-0,007729739	-0,007387816	-0,0075046197
41842	283,50488	-3,927	-3,8292427	-0,026264787	-0,0076575577	-0,0072232853	-0,0075217262
41842	284,00488	-3,927	-3,9372854	-0,026662648	-0,0076136291	-0,0072599878	-0,0075238124
41842	284,50488	-3,927	-3,9411745	-0,027152896	-0,0077020228	-0,0072183921	-0,007473506
41842	285,00488	-3,927	-3,8733389	-0,026159734	-0,0076000988	-0,0072823083	-0,0075044781
41842	285,50488	-3,927	-3,9153528	-0,026294589	-0,0076028109	-0,0072489409	-0,0074485764
41842	286,00488	-3,927	-3,9380212	-0,026544183	-0,0075901151	-0,0072895065	-0,0075026304
41842	286,50488	-3,927	-3,858382	-0,026033074	-0,0075787902	-0,0072453753	-0,0074258819
41842	287,00488	-3,927	-3,8637891	-0,025927275	-0,0075386167	-0,0072004255	-0,0074715167
41842	287,50488	-3,927	-3,8792529	-0,025945902	-0,0075453222	-0,0072275316	-0,007465519
41842	288,00488	-3,927	-3,9415116	-0,026039034	-0,0075649917	-0,0071025477	-0,0073830485
41842	288,50488	-3,927	-3,8538034	-0,025445223	-0,0074545145	-0,0071521299	-0,0073750988
41842	289,00488	-3,927	-3,9102323	-0,026105344	-0,0075663924	-0,0072723026	-0,0074034557
41842	289,50488	-3,927	-3,9526615	-0,025952607	-0,0075587928	-0,0071282517	-0,0074347481
41842	290,00488	-3,927	-3,9493423	-0,026388466	-0,007506609	-0,0071670697	-0,007365942
41842	290,50488	-3,927	-3,8010292	-0,025249273	-0,0074110329	-0,0071605588	-0,0073239952
41842	291,00488	-3,927	-3,9044282	-0,025897473	-0,0074977875	-0,0071742791	-0,0072902739
41842	291,50488	-3,927	-3,9364359	-0,026109815	-0,0074785948	-0,0070670685	-0,0072785839
41842	292,00488	-3,927	-3,8736966	-0,025049597	-0,0074260831	-0,0072183027	-0,0073819607
41842	292,50488	-3,927	-3,9206781	-0,025805831	-0,0074268878	-0,0072117364	-0,0072951987
41842	293,00488	-3,927	-3,8692317	-0,025852025	-0,0074904263	-0,0070909616	-0,0072159022
41842	293,50488	-3,927	-3,8821249	-0,025495142	-0,0074317455	-0,0071253474	-0,0072696656
41842	294,00488	-3,927	-3,8833749	-0,025460124	-0,0074281096	-0,0071056448	-0,0072464347
41842	294,50488	-3,927	-3,9284694	-0,025820732	-0,0074321926	-0,007124526	-0,0073093697
41842	295,00488	-3,927	-3,9499645	-0,025323778	-0,0073982477	-0,0071168663	-0,0072156936
41842	295,50488	-3,927	-3,9080567	-0,025530905	-0,0074223578	-0,0071460358	-0,0071428642
41842	296,00488	-3,927	-3,8319659	-0,025411695	-0,0073454082	-0,0071741007	-0,0071969405
41842	296,50488	-3,927	-3,9186254	-0,025511533	-0,0074444413	-0,007090549	-0,0071588084
41842	297,00488	-3,927	-3,9502363	-0,025349855	-0,0074264705	-0,0071496535	-0,0072118714
41842	297,50488	-3,927	-3,9180479	-0,025290251	-0,0074062347	-0,0070557427	-0,0072156489
41842	298,00488	-3,927	-3,9432998	-0,025933981	-0,0074159205	-0,0070534633	-0,00724224
41842	298,50488	-3,927	-3,9042103	-0,025337189	-0,0073539317	-0,0069769016	-0,0071343333
41842	299,00488	-3,927	-3,8831961	-0,025208294	-0,0072627664	-0,0070746425	-0,0071531162
41842	299,50488	-3,927	-3,9162283	-0,024792552	-0,0073507428	-0,0070042936	-0,0072066337
41842	300,00488	-3,927	-3,8487334	-0,024902821	-0,0072760582	-0,0070317229	-0,0071383938
41842	300,50488	-3,927	-3,9222426	-0,025040656	-0,0072527826	-0,0070258221	-0,0071372166
41842	301,00488	-3,927	-3,879724	-0,02515316	-0,0072885156	-0,0069809174	-0,0070965514
41842	301,50488	-3,927	-3,9225984	-0,02522096	-0,007263571	-0,0070896973	-0,007073693
41842	302,00488	-3,927	-3,9358177	-0,024994463	-0,0073137581	-0,0069684428	-0,0071227103
41842	302,50488	-3,927	-3,9048214	-0,02476573	-0,0072627366	-0,0070650754	-0,0071354061
41842	303,00488	-3,927	-3,9344151	-0,024800003	-0,0072794855	-0,0070208288	-0,0071785599
41842	303,50488	-3,927	-3,8464963	-0,024753809	-0,0071646571	-0,0070133661	-0,0070627332
41842	304,00488	-3,927	-3,8971193	-0,024662912	-0,0072361529	-0,0069996458	-0,0070168674
41842	304,50488	-3,927	-3,9048047	-0,025261194	-0,007203728	-0,0069474238	-0,0070509389
41842	305,00488	-3,927	-3,9339232	-0,025061518	-0,0072553158	-0,0070489347	-0,0070847794
41842	305,50488	-3,927	-3,9032977	-0,024782866	-0,0071824193	-0,006935901	-0,0070958212
41842	306,00488	-3,927	-3,9349198	-0,024386495	-0,0072900951	-0,007070147	-0,0071252063
41842	306,50488	-4,7306132	-4,4707861	-0,027915835	-0,0076801777	-0,006952038	-0,0072652176
41842	307,00488	-6,6806135	-5,7171788	-0,035572797	-0,0085799098	-0,0070136525	-0,0078241751
41842	307,50488	-8,6306133	-8,597085	-0,050408393	-0,010721236	-0,0074124495	-0,0092168227
41842	308,00488	-10,580613	-10,644608	-0,060048699	-0,011965245	-0,0076305335	-0,010295942
41842	308,50488	-12,530614	-12,642385	-0,069022179	-0,013323694	-0,008202198	-0,011261776
41842	309,00488	-14,480614	-14,511063	-0,076366216	-0,014349788	-0,0087012528	-0,012273528
41842	309,50488	-16,430614	-16,602623	-0,084260106	-0,015433788	-0,00940785	-0,013295233
41842	310,00488	-18,380613	-18,525181	-0,090969354	-0,016389996	-0,01008365	-0,014224976
41842	310,50488	-20,330614	-20,265823	-0,096983463	-0,017314017	-0,010876986	-0,015046179
41842	311,00488	-22,280613	-22,383087	-0,10403469	-0,018281996	-0,011713912	-0,016068406
41842	311,50488	-24,230614	-24,228182	-0,10957941	-0,019136876	-0,012421132	-0,016969718
41842	312,00488	-26,180614	-26,225571	-0,11630133	-0,020077109	-0,013200843	-0,017896943
41842	312,50488	-28,130613	-28,262548	-0,12212396	-0,020985901	-0,013981032	-0,018870279
41842	313,00488	-30,080614	-30,159309	-0,12822449	-0,021671295	-0,014779638	-0,019718871
41842	313,50488	-32,030613	-32,068943	-0,13365969	-0,022521585	-0,015654195	-0,020554483
41842	314,00488	-33,980614	-33,943428	-0,13880357	-0,023297369	-0,016429905	-0,021420062
41842	314,50488	-35,930614	-35,958057	-0,14477968	-0,024151981	-0,017355751	-0,022322387
41842	315,00488	-37,880615	-37,826469	-0,1495555	-0,024807572	-0,018082367	-0,023124196
41842	315,50488	-39,830616	-39,909569	-0,15532076	-0,025741637	-0,018898901	-0,024021447
41842	316,00488	-41,780613	-41,90612	-0,16070679	-0,026467532	-0,019646702	-0,024829552
41842	316,50488	-43,730614	-43,680019	-0,16543046	-0,027205318	-0,020511966	-0,025672473
41842	317,00488	-45,680614	-45,645615	-0,17001331	-0,027851313	-0,02124995	-0,026434854
41842	317,50488	-47,630615	-47,703556	-0,17605796	-0,028728217	-0,022103764	-0,027384982
41842	318,00488	-49,580616	-49,655357	-0,18071458	-0,029524028	-0,022856468	-0,028215155
41842	318,50488	-51,530613	-51,496922	-0,18567964	-0,030167103	-0,023540555	-0,028917216
41842	319,00488	-53,480614	-53,523113	-0,19075871	-0,030947417	-0,024423938	-0,029781409
41842	319,50488	-55,430614	-55,356007	-0,19508824	-0,031594634	-0,025090303	-0,030495264
41842	320,00488	-57,380615	-57,509415	-0,20002797	-0,032359004	-0,025996746	-0,03143144
41842	320,50488	-59,330616	-59,451515	-0,20438433	-0,033026814	-0,026685957	-0,03221757
41842	321,00488	-61,280613	-61,334381	-0,20910725	-0,033810511	-0,027453108	-0,032934144
41842	321,50488	-63,230614	-63,124916	-0,21379218	-0,034389779	-0,028158013	-0,033657379
41842	322,00488	-65,180618	-65,268661	-0,21860227	-0,035134688	-0,028959107	-0,03449361
41842	322,50488	-67,130615	-67,068794	-0,22340119	-0,035787225	-0,029545533	-0,035162188
41842	323,00488	-69,080612	-69,133148	-0,22779182	-0,036461979	-0,030320102	-0,036082156
41842	323,50488	-71,030617	-71,06897	-0,23245588	-0,037139893	-0,031139413	-0,036863301
41842	324,00488	-72,980614	-73,059181	-0,23700967	-0,037847921	-0,031905059	-0,037496436
41842	324,50488	-74,930618	-74,931931	-0,24127588	-0,038505837	-0,032591917	-0,038322482
41842	325,00488	-76,880615	-77,02005	-0,2460137	-0,039287269	-0,033395633	-0,039077088
41842	325,50488	-78,830612	-78,845711	-0,25047883	-0,039796576	-0,034034893	-0,039806891
41842	326,00488	-80,780617	-80,85025	-0,25439933	-0,040582314	-0,03478352	-0,04054416
41842	326,50488	-82,730614	-82,675476	-0,25890246	-0,041129157	-0,035422098	-0,041185778
41842	327,00488	-84,680618	-84,629395	-0,26318058	-0,041765973	-0,03618551	-0,041982416
41842	327,50488	-86,630615	-86,637566	-0,26735812	-0,042451411	-0,036938798	-0,042717718
41842	328,00488	-88,580612	-88,670906	-0,27203858	-0,04312548	-0,037692744	-0,043424401
41842	328,50488	-90,530617	-90,598717	-0,27625263	-0,043767735	-0,038438905	-0,044186614
41842	329,00488	-92,480614	-92,485291	-0,28017089	-0,04438974	-0,039001957	-0,044848148
41842	329,50488	-94,430618	-94,434967	-0,28402954	-0,044950411	-0,039784838	-0,045520708
41842	330,00488	-96,380615	-96,314293	-0,28852299	-0,04564786	-0,040438328	-0,046221722
41842	330,50488	-98,330612	-98,409767	-0,29309094	-0,046271831	-0,041287761	-0,046994612
41842	331,00488	-100,28062	-100,20814	-0,29684082	-0,046804115	-0,041860014	-0,047671795
41842	331,50488	-102,23061	-102,25435	-0,30080155	-0,047564223	-0,042595673	-0,04848104
41842	332,00488	-104,18062	-104,31051	-0,30507222	-0,048153743	-0,043445293	-0,04921665
41842	332,50488	-106,13062	-106,21284	-0,30887574	-0,048831686	-0,043881904	-0,04980056
41842	333,00488	-108,08061	-108,0304	-0,31314939	-0,049365371	-0,044672675	-0,050455783
41842	333,50488	-110,03062	-110,17425	-0,31751245	-0,050100029	-0,045388497	-0,051185351
41842	334,00488	-111,98061	-112,00077	-0,32116696	-0,050683469	-0,046070684	-0,051840924
41842	334,50488	-113,93062	-113,85455	-0,32493025	-0,051267624	-0,046663851	-0,052544385
41842	335,00488	-115,88062	-115,81401	-0,32896176	-0,051929787	-0,047403526	-0,05319887
41842	335,50488	-117,83062	-117,91997	-0,33279806	-0,052564964	-0,048221391	-0,053946409
41842	336,00488	-119,78062	-119,79671	-0,33658594	-0,053189576	-0,048711739	-0,054633029
41842	336,50488	-121,73061	-121,83137	-0,34078211	-0,053832978	-0,049488455	-0,055262771
41842	337,00488	-123,68062	-123,63924	-0,34415796	-0,054349497	-0,05007245	-0,055900034
41842	337,50488	-125,63062	-125,67221	-0,34887269	-0,055110618	-0,050808128	-0,056646444
41842	338,00488	-127,58062	-127,57821	-0,35201758	-0,055619717	-0,051477615	-0,057230532
41842	338,50488	-129,53061	-129,60587	-0,35606995	-0,056304216	-0,052196816	-0,057988912
41842	339,00488	-131,48062	-131,46007	-0,35926625	-0,056874663	-0,052786369	-0,058603473
41842	339,50488	-133,43062	-133,44017	-0,36350638	-0,057506174	-0,05346296	-0,059183463
41842	340,00488	-135,38062	-135,41434	-0,36702231	-0,058039412	-0,05416115	-0,059818417
41842	340,50488	-137,33061	-137,33026	-0,37088618	-0,058698431	-0,054764472	-0,060469478
41842	341,00488	-139,28061	-139,41023	-0,37489757	-0,059294388	-0,055516157	-0,061174493
41842	341,50488	-141,23062	-141,25797	-0,37832409	-0,059904829	-0,056205373	-0,061768785
41842	342,00488	-143,18062	-143,25038	-0,38220659	-0,060552776	-0,056846812	-0,062514096
41842	342,50488	-145,13062	-145,19101	-0,38584322	-0,06114392	-0,057502184	-0,063094355
41842	343,00488	-147,08061	-147,07948	-0,38936287	-0,061696589	-0,058196113	-0,063733183
41842	343,50488	-149,03062	-149,05847	-0,392811	-0,062320933	-0,058882486	-0,064351156
41842	344,00488	-150,98062	-150,8829	-0,39664283	-0,062926859	-0,059464399	-0,065005347
41842	344,50488	-152,93062	-153,01248	-0,40063262	-0,063596517	-0,060258668	-0,065715335
41842	345,00488	-154,88062	-155,08104	-0,4043296	-0,064188972	-0,060814347	-0,066407599
41842	345,50488	-156,83061	-156,91718	-0,40721521	-0,064723283	-0,061538555	-0,067088202
41842	346,00488	-158,78062	-158,68896	-0,41045398	-0,065345004	-0,062175658	-0,067578383
41842	346,50488	-160,73062	-160,85156	-0,41493252	-0,065929279	-0,062828623	-0,068283036
41842	347,00488	-162,68062	-162,69067	-0,41808113	-0,066586018	-0,063500971	-0,068882853
41842	347,50488	-164,63062	-164,69823	-0,42156801	-0,067202419	-0,064163953	-0,069573641
41842	348,00488	-166,58061	-166,6402	-0,42521209	-0,067826584	-0,064782284	-0,070226014
41842	348,50488	-168,53062	-168,64406	-0,42896047	-0,068354875	-0,065439463	-0,070837662
41842	349,00488	-170,48062	-170,41655	-0,43192059	-0,068916231	-0,066085204	-0,071464062
41842	349,50488	-172,43062	-172,60931	-0,43644309	-0,069599584	-0,066679321	-0,072235391
41842	350,00488	-174,38062	-174,37222	-0,43888837	-0,070110634	-0,067424491	-0,072736382
41842	350,50488	-176,33061	-176,34995	-0,44293851	-0,070791632	-0,068019539	-0,073326111
41842	351,00488	-178,28062	-178,25327	-0,44591129	-0,071487725	-0,068651162	-0,074024811
41842	351,50488	-180,23062	-180,30928	-0,45067146	-0,07200335	-0,069505244	-0,074674658
41842	352,00488	-182,18062	-182,15157	-0,45302287	-0,072617844	-0,070120566	-0,075318351
41842	352,50488	-184,13062	-184,14868	-0,45690313	-0,073298424	-0,07079602	-0,076005317
41842	353,00488	-185	-185,06149	-0,458657	-0,073545173	-0,071091101	-0,076403052
41842	353,50488	-185	-185,04597	-0,4587248	-0,073668987	-0,071136385	-0,076468155
41842	354,00488	-185	-184,99167	-0,45914501	-0,073672265	-0,07111185	-0,076457977
41842	354,50488	-185	-184,96686	-0,45933947	-0,073639378	-0,071240626	-0,076506197
41842	355,00488	-185	-184,924	-0,45916438	-0,073766634	-0,07131964	-0,076525941
41842	355,50488	-185	-185,00949	-0,45938119	-0,073767155	-0,071333647	-0,076660745
41842	356,00488	-185	-184,90182	-0,45942441	-0,073797062	-0,071319014	-0,076661088
41842	356,50488	-185	-184,91141	-0,45937672	-0,073780701	-0,071288712	-0,076725043
41842	357,00488	-185	-185,16342	-0,45996532	-0,073958322	-0,071449474	-0,076751009
41842	357,50488	-185	-184,97466	-0,460089	-0,073884457	-0,071334697	-0,076704808
41842	358,00488	-185	-184,98312	-0,45994669	-0,073999584	-0,071468987	-0,076766729
41842	358,50488	-185	-185,03462	-0,46049803	-0,07392326	-0,071496256	-0,076855913
41842	359,00488	-185	-184,91246	-0,46044067	-0,07390824	-0,071441501	-0,07681787
41842	359,50488	-185	-184,91248	-0,46020821	-0,073942304	-0,071560606	-0,076879837
41842	360,00488	-185	-184,95795	-0,46000257	-0,073965937	-0,071452148	-0,076947384
41842	360,50488	-185	-184,85385	-0,46004578	-0,073963642	-0,071507387	-0,076908223
41842	361,00488	-185	-185,0098	-0,46023503	-0,074044824	-0,071562126	-0,076976754
41842	361,50488	-185	-184,9243	-0,46047792	-0,074023828	-0,07158266	-0,076939657
41842	362,00488	-185	-184,99651	-0,46094283	-0,07405287	-0,0715537	-0,076963626
41842	362,50488	-185	-184,95805	-0,46062395	-0,074145481	-0,071613818	-0,077015348
41842	363,00488	-185	-184,97862	-0,46048239	-0,074131235	-0,071697637	-0,077044301
41842	363,50488	-185	-185,01852	-0,46067685	-0,074096009	-0,071568213	-0,077120461
41842	364,00488	-185	-184,97704	-0,46091527	-0,074239224	-0,071649447	-0,077104189
41842	364,50488	-185	-184,92143	-0,46084523	-0,074180886	-0,071689427	-0,077045068
41842	365,00488	-185	-184,95857	-0,46110451	-0,074127778	-0,071703494	-0,077092335
41842	365,50488	-185	-184,96748	-0,46103373	-0,074184865	-0,071641684	-0,07709457
41842	366,00488	-185	-184,99213	-0,46090186	-0,074177265	-0,071680926	-0,077143282
41842	366,50488	-185	-185,04231	-0,46126321	-0,074228004	-0,071791299	-0,077152692
41842	367,00488	-185	-184,89774	-0,46098977	-0,074255943	-0,071643822	-0,07720679
41842	367,50488	-185	-184,99765	-0,4617855	-0,074267462	-0,071745701	-0,077233829
41842	368,00488	-185	-185,08772	-0,46101287	-0,074224517	-0,07167843	-0,077254608
41842	368,50488	-185	-184,92401	-0,46085492	-0,074250311	-0,071810283	-0,077209577
41842	369,00488	-185	-184,80893	-0,46114028	-0,074317321	-0,071816236	-0,07719823
41842	369,50488	-185	-185,07787	-0,4616417	-0,074362382	-0,071919553	-0,077295572
41842	370,00488	-185	-185,04456	-0,46165362	-0,074329481	-0,071893036	-0,077340998
41842	370,50488	-185	-184,98366	-0,46153367	-0,07441923	-0,071828261	-0,077347867
41842	371,00488	-185	-184,9586	-0,46176314	-0,074349284	-0,071917959	-0,077286616
41842	371,50488	-185	-184,85968	-0,46150163	-0,074267879	-0,0717372	-0,077272132
41842	372,00488	-185	-185,00589	-0,46170354	-0,07437475	-0,071893789	-0,077304296
41842	372,50488	-185	-184,89247	-0,46170577	-0,074358895	-0,071788743	-0,077291355
41842	373,00488	-185	-184,91248	-0,46161041	-0,074337095	-0,071945995	-0,077345714
41842	373,50488	-185	-184,90903	-0,46128184	-0,074359372	-0,071868889	-0,077334456
41842	374,00488	-185	-184,92488	-0,46118498	-0,074373305	-0,071975388	-0,077353947
41842	374,50488	-185	-184,955	-0,46184361	-0,074426711	-0,071901783	-0,077343099
41842	375,00488	-185	-185,0094	-0,46172142	-0,074361265	-0,071972981	-0,077350132
41842	375,50488	-185	-184,87567	-0,46187788	-0,074329779	-0,071933903	-0,077343762
41842	376,00488	-185	-185,05396	-0,46207383	-0,074481785	-0,071993507	-0,07742431
41842	376,50488	-185	-184,84074	-0,46207011	-0,074339122	-0,071963578	-0,077392891
41842	377,00488	-185	-184,88182	-0,46199486	-0,074399829	-0,071852937	-0,077417403
41842	377,50488	-185	-184,95792	-0,46221837	-0,074443102	-0,072007962	-0,077455163
41842	378,00488	-185	-184,96678	-0,46208501	-0,074452072	-0,072088934	-0,077410638
41842	378,50488	-185	-184,84695	-0,46219677	-0,074413344	-0,071909048	-0,07741186
41842	379,00488	-185	-184,96751	-0,46240836	-0,07441926	-0,071999341	-0,077473082
41842	379,50488	-185	-184,97241	-0,46179965	-0,074479371	-0,072031848	-0,077524796
41842	380,00488	-185	-184,98289	-0,46200156	-0,074438155	-0,072017662	-0,077484459
41842	380,50488	-185	-184,8817	-0,46207756	-0,074505359	-0,071940996	-0,077434257
41842	381,00488	-185	-184,9041	-0,46186969	-0,074538335	-0,072063506	-0,077502377
41842	381,50488	-185	-184,85083	-0,46194494	-0,074462235	-0,072085135	-0,077435672
41842	382,00488	-185	-185,00267	-0,46276152	-0,074497491	-0,072060488	-0,077555537
41842	382,50488	-185	-184,94124	-0,46201348	-0,074530795	-0,072057344	-0,077527091
41842	383,00488	-183,65234	-183,43443	-0,46037063	-0,074010357	-0,07156726	-0,077062093
41842	383,50488	-181,15234	-181,10365	-0,45626014	-0,073521122	-0,070962355	-0,076460555
41842	384,00488	-178,65234	-178,58492	-0,45210645	-0,07282269	-0,070236258	-0,075738125
41842	384,50488	-176,15234	-176,00211	-0,44819191	-0,072143093	-0,069484845	-0,0750622
41842	385,00488	-173,65234	-173,571	-0,44428632	-0,071480319	-0,068787575	-0,074319854
41842	385,50488	-171,15234	-171,12384	-0,44020116	-0,070745975	-0,067942083	-0,073605835
41842	386,00488	-168,65234	-168,60173	-0,43622926	-0,070063949	-0,067259528	-0,072863102
41842	386,50488	-166,15234	-166,09705	-0,43173507	-0,069320917	-0,066426612	-0,072113656
41842	387,00488	-163,65234	-163,52646	-0,4275471	-0,068595082	-0,065733284	-0,071373448
41842	387,50488	-161,15234	-161,08023	-0,42315573	-0,067885622	-0,064883865	-0,07069736
41842	388,00488	-158,65234	-158,48857	-0,41952655	-0,067166522	-0,064108193	-0,069953784
41842	388,50488	-156,15234	-156,01811	-0,41491091	-0,066491336	-0,063343965	-0,069300652
41842	389,00488	-153,65234	-153,58171	-0,41103363	-0,065757558	-0,062604055	-0,068581223
41842	389,50488	-151,15234	-151,02127	-0,40664896	-0,06508477	-0,061791502	-0,06774608
41842	390,00488	-148,65234	-148,54359	-0,40244311	-0,064345002	-0,061038487	-0,066963464
41842	390,50488	-146,15234	-146,04518	-0,39792433	-0,063631579	-0,060274098	-0,06621246
41842	391,00488	-143,65234	-143,50945	-0,39343834	-0,062843397	-0,059400782	-0,065432779
41842	391,50488	-141,15234	-140,98534	-0,38885325	-0,062169746	-0,058704417	-0,064735062
41842	392,00488	-138,65234	-138,48344	-0,38466528	-0,061433271	-0,057859343	-0,063996293
41842	392,50488	-136,15234	-135,98756	-0,38029626	-0,060706735	-0,057023011	-0,063189194
41842	393,00488	-133,65234	-133,57056	-0,37616342	-0,059986547	-0,056240756	-0,062374234
41842	393,50488	-131,15234	-131,05266	-0,37131011	-0,059298217	-0,055357073	-0,061624382
41842	394,00488	-128,65234	-128,47098	-0,36659688	-0,058482468	-0,05466317	-0,060834285
41842	394,50488	-126,15234	-126,02146	-0,36231056	-0,057845011	-0,05375655	-0,0600859
41842	395,00488	-123,65234	-123,4911	-0,35768896	-0,057038128	-0,05301851	-0,059249975
41842	395,50488	-121,15234	-120,92137	-0,35292208	-0,056273893	-0,052232787	-0,058475703
41842	396,00488	-118,65234	-118,5649	-0,34857914	-0,055550277	-0,051315315	-0,057678677
41842	396,50488	-116,15234	-116,15676	-0,34396872	-0,054906979	-0,050654836	-0,056859765
41842	397,00488	-113,65234	-113,50153	-0,33878535	-0,054059327	-0,049681496	-0,055981722
41842	397,50488	-111,15234	-110,84198	-0,33372194	-0,0532213	-0,048915837	-0,055128872
41842	398,00488	-108,65234	-108,44032	-0,32898337	-0,052522197	-0,048034534	-0,054305576
41842	398,50488	-106,15234	-106,16704	-0,3241457	-0,05178009	-0,047290429	-0,053576224
41842	399,00488	-103,65234	-103,64269	-0,31943619	-0,051086709	-0,046444032	-0,052678261
41842	399,50488	-101,15234	-101,03677	-0,31453222	-0,050240308	-0,045618627	-0,051848538
41842	400,00488	-98,652344	-98,491814	-0,30909181	-0,049422145	-0,044700868	-0,050909009
41842	400,50488	-96,152344	-95,981178	-0,30398443	-0,048728749	-0,043815378	-0,04999841
41842	401,00488	-93,652344	-93,496132	-0,29900819	-0,047929525	-0,043046325	-0,049113508
41842	401,50488	-91,152344	-91,054657	-0,29396042	-0,04715988	-0,042087693	-0,048275929
41842	402,00488	-88,652344	-88,458038	-0,28861538	-0,046380952	-0,041247476	-0,0473122
41842	402,50488	-86,152344	-85,903404	-0,28327405	-0,045535088	-0,040378526	-0,046402846
41842	403,00488	-83,652344	-83,48674	-0,27796477	-0,044777572	-0,039484862	-0,04547926
41842	403,50488	-81,152344	-81,102905	-0,27295947	-0,044017181	-0,038718551	-0,04451168
41842	404,00488	-78,652344	-78,537064	-0,26731864	-0,043165058	-0,037761036	-0,043562114
41842	404,50488	-76,152344	-76,15097	-0,2625078	-0,042392835	-0,036983915	-0,042671438
41842	405,00488	-73,652344	-73,599236	-0,25650635	-0,041576356	-0,035971925	-0,041694243
41842	405,50488	-71,152344	-71,010078	-0,25053322	-0,040701479	-0,035106756	-0,040729191
41842	406,00488	-68,652344	-68,570778	-0,24486706	-0,039887011	-0,034150418	-0,039687786
41842	406,50488	-66,152344	-66,032433	-0,23904443	-0,039037898	-0,033321802	-0,038682334
41842	407,00488	-63,652344	-63,580654	-0,23323521	-0,038190603	-0,032427613	-0,03771374
41842	407,50488	-61,152344	-60,975098	-0,22710562	-0,037287116	-0,03134067	-0,036665935
41842	408,00488	-58,652344	-58,507545	-0,22061467	-0,036401704	-0,030451424	-0,035654616
41842	408,50488	-56,152344	-55,987194	-0,21457672	-0,035512209	-0,029431283	-0,034587838
41842	409,00488	-53,652344	-53,631779	-0,20905361	-0,034606025	-0,028595971	-0,03366505
41842	409,50488	-51,152344	-50,977348	-0,20233542	-0,033755407	-0,027477734	-0,032423127
41842	410,00488	-48,652344	-48,541233	-0,19607767	-0,032785222	-0,026590088	-0,031400725
41842	410,50488	-46,152344	-46,049458	-0,18955693	-0,031818449	-0,025580695	-0,030303538
41842	411,00488	-43,652344	-43,592407	-0,18308759	-0,030876815	-0,024623167	-0,029260889
41842	411,50488	-41,152344	-41,028488	-0,17566979	-0,029885352	-0,023638682	-0,028183438
41842	412,00488	-38,652344	-38,478195	-0,16908124	-0,028898865	-0,022452781	-0,026971094
41842	412,50488	-36,152344	-36,044418	-0,16206801	-0,027968258	-0,021471154	-0,025868393
41842	413,00488	-33,652344	-33,630722	-0,15516579	-0,026828378	-0,020528883	-0,024705537
41842	413,50488	-31,152344	-30,99082	-0,14753342	-0,025683969	-0,019253109	-0,023424096
41842	414,00488	-28,652344	-28,675018	-0,13991371	-0,024734408	-0,018271813	-0,022274211
41842	414,50488	-26,152344	-25,988802	-0,13199821	-0,02348417	-0,016993264	-0,020949736
41842	415,00488	-23,652344	-23,617651	-0,12410879	-0,022416413	-0,015906079	-0,019732572
41842	415,50488	-21,152344	-20,949522	-0,11552423	-0,021062404	-0,014602579	-0,018416822
41842	416,00488	-18,652344	-18,509911	-0,10637864	-0,019824028	-0,013599987	-0,017137766
41842	416,50488	-16,152344	-16,008427	-0,096919388	-0,018389046	-0,012435192	-0,015732273
41842	417,00488	-13,652344	-13,602008	-0,087045878	-0,01694122	-0,011197627	-0,014346875
41842	417,50488	-11,152344	-11,139123	-0,07533282	-0,015257806	-0,010211007	-0,012896828
41842	418,00488	-8,6523438	-8,5885277	-0,06224215	-0,013260901	-0,0092061851	-0,011371687
41842	418,50488	-6,1523438	-6,1153731	-0,04760623	-0,010987967	-0,008524931	-0,0096702203
41842	419,00488	-3,927	-3,7853234	-0,030596554	-0,0085216165	-0,0080500077	-0,0080767497
41842	419,50488	-3,927	-3,8496423	-0,030095875	-0,0083788633	-0,0079336576	-0,0079214796
41842	420,00488	-3,927	-3,8717966	-0,029981136	-0,008239001	-0,0080146361	-0,0077948347
41842	420,50488	-3,927	-3,860498	-0,02944991	-0,0081805885	-0,0077864123	-0,007674396
41842	421,00488	-3,927	-3,7774312	-0,028524548	-0,0080501139	-0,0078817774	-0,0076027736
41842	421,50488	-3,927	-3,7316177	-0,028476864	-0,0080701113	-0,0077884202	-0,0075448155
41842	422,00488	-3,927	-3,7017148	-0,028120726	-0,0079500079	-0,0077755325	-0,007481508
41842	422,50488	-3,927	-3,7617888	-0,028066337	-0,0079722703	-0,0076566464	-0,0074788854
41842	423,00488	-3,927	-3,793057	-0,028102845	-0,0079642534	-0,0077899965	-0,0075167418
41842	423,50488	-5,0810041	-4,7425871	-0,033857673	-0,0087224841	-0,0077154352	-0,0077893361
41842	424,00488	-7,031004	-6,384479	-0,043369085	-0,0098762214	-0,0078556752	-0,0085070133
41842	424,50488	-8,9810038	-9,0413904	-0,056950003	-0,011801779	-0,0082973689	-0,0099305138
41842	425,00488	-10,931005	-10,993078	-0,065939873	-0,013066202	-0,0085747326	-0,010908552
41842	425,50488	-12,881004	-12,86777	-0,074007362	-0,014170825	-0,0090729063	-0,011858299
41842	426,00488	-14,831004	-14,913625	-0,082456321	-0,015396535	-0,0097766006	-0,012912355
41842	426,50488	-16,781004	-16,846245	-0,089430809	-0,016331643	-0,010471824	-0,013858095
41842	427,00488	-18,731005	-18,821018	-0,096353143	-0,017354965	-0,011227919	-0,014775746
41842	427,50488	-20,681004	-20,597937	-0,10238439	-0,018238842	-0,011920774	-0,015697218
41842	428,00488	-22,631004	-22,721529	-0,10945648	-0,019192338	-0,012835605	-0,016748622
41842	428,50488	-24,581005	-24,522995	-0,11508837	-0,019982874	-0,013499591	-0,017559931
41842	429,00488	-26,531004	-26,567438	-0,12125373	-0,020913005	-0,014486686	-0,018537924
41842	429,50488	-28,481005	-28,480764	-0,12707263	-0,021763653	-0,015172417	-0,019461833
41842	430,00488	-30,431005	-30,453917	-0,13267398	-0,02263087	-0,015981095	-0,02035521
41842	430,50488	-32,381004	-32,370785	-0,13861135	-0,023407131	-0,016808808	-0,021224424
41842	431,00488	-34,331005	-34,495838	-0,14431477	-0,024289221	-0,017703056	-0,022168182
41842	431,50488	-36,281006	-36,247929	-0,149782	-0,024951249	-0,018383782	-0,02290947
41842	432,00488	-38,231007	-38,246433	-0,15495643	-0,025827646	-0,019333331	-0,02381473
41842	432,50488	-40,181004	-40,242783	-0,16044527	-0,026616395	-0,020157656	-0,02470585
41842	433,00488	-42,131004	-42,16449	-0,1657404	-0,027347177	-0,020889398	-0,025539316
41842	433,50488	-44,081005	-44,195999	-0,17095804	-0,028186947	-0,021734467	-0,026382372
41842	434,00488	-46,031006	-45,943829	-0,17504171	-0,028790116	-0,022376096	-0,027179934
41842	434,50488	-47,981007	-48,045425	-0,18067062	-0,029565841	-0,023211941	-0,028089173
41842	435,00488	-49,931004	-50,106319	-0,18557906	-0,030380547	-0,024073977	-0,028955504
41842	435,50488	-51,881004	-51,985607	-0,19021332	-0,031119883	-0,024854383	-0,029724278
41842	436,00488	-53,831005	-53,878422	-0,19551367	-0,031882629	-0,025628772	-0,030480001
41842	436,50488	-55,781006	-55,820747	-0,20011514	-0,032459944	-0,026254291	-0,031254284
41842	437,00488	-57,731007	-57,702679	-0,20509884	-0,03316927	-0,027143262	-0,031970073
41842	437,50488	-59,681004	-59,859928	-0,21039322	-0,033976972	-0,027864346	-0,032882553
41842	438,00488	-61,631004	-61,624699	-0,21444857	-0,034655526	-0,02857605	-0,033609785
41842	438,50488	-63,581005	-63,560432	-0,21887943	-0,035324588	-0,029316831	-0,034346316
41842	439,00488	-65,531006	-65,504318	-0,22396594	-0,035988435	-0,030113718	-0,035213389
41842	439,50488	-67,481003	-67,489868	-0,22818446	-0,036641672	-0,030893736	-0,036016144
41842	440,00488	-69,431007	-69,52916	-0,23295507	-0,037427828	-0,031658694	-0,036850035
41842	440,50488	-71,381004	-71,319832	-0,2369687	-0,038050398	-0,032345582	-0,037508167
41842	441,00488	-73,331009	-73,351715	-0,24164394	-0,038809687	-0,03307249	-0,038275838
41842	441,50488	-75,281006	-75,32032	-0,24570972	-0,039445534	-0,033876322	-0,03907451
41842	442,00488	-77,231003	-77,350182	-0,25030747	-0,04013975	-0,034541205	-0,039838888
41842	442,50488	-79,181007	-79,282013	-0,25495663	-0,040843174	-0,035286259	-0,040636189
41842	443,00488	-81,131004	-81,09301	-0,25925785	-0,041423321	-0,035918005	-0,041329566
41842	443,50488	-83,081009	-83,016891	-0,26335791	-0,042053223	-0,036643088	-0,042065494
41842	444,00488	-85,031006	-85,025726	-0,26766583	-0,042792499	-0,037466306	-0,042770669
41842	444,50488	-86,981003	-87,110291	-0,27221441	-0,043436825	-0,038079869	-0,043579828
41842	445,00488	-88,931007	-89,064804	-0,276687	-0,044118509	-0,038816385	-0,044310279
41842	445,50488	-90,881004	-91,036942	-0,28082207	-0,044820294	-0,039685849	-0,045015991
41842	446,00488	-92,831009	-92,766518	-0,28456524	-0,045351312	-0,040191334	-0,045627553
41842	446,50488	-94,781006	-94,777519	-0,28895289	-0,045971677	-0,040973555	-0,04642481
41842	447,00488	-96,731003	-96,828064	-0,29319972	-0,046657726	-0,041695356	-0,047131561
41842	447,50488	-98,681007	-98,637474	-0,29686317	-0,047270805	-0,042408943	-0,047839988
41842	448,00488	-100,631	-100,61138	-0,30122846	-0,047941864	-0,042978898	-0,048513666
41842	448,50488	-102,58101	-102,57307	-0,30513555	-0,048636362	-0,043813888	-0,049199279
41842	449,00488	-104,53101	-104,57781	-0,30945539	-0,049237102	-0,04452391	-0,049900845
41842	449,50488	-106,481	-106,52856	-0,31356961	-0,049841687	-0,045200113	-0,0506097
41842	450,00488	-108,43101	-108,4849	-0,31756684	-0,050543323	-0,045903862	-0,051258918
41842	450,50488	-110,381	-110,39004	-0,32138452	-0,051115587	-0,046479832	-0,051949777
41842	451,00488	-112,33101	-112,41172	-0,32555908	-0,051732183	-0,047273125	-0,052693721
41842	451,50488	-114,28101	-114,19209	-0,32911748	-0,052344412	-0,047790315	-0,053287063
41842	452,00488	-116,23101	-116,19163	-0,33288375	-0,052978486	-0,048621912	-0,054001004
41842	452,50488	-118,18101	-118,27789	-0,3371641	-0,053642422	-0,049366977	-0,054715604
41842	453,00488	-120,131	-120,10825	-0,34088492	-0,054247499	-0,049948901	-0,055399936
41842	453,50488	-122,08101	-122,05677	-0,34474507	-0,054850683	-0,050760332	-0,05610935
41842	454,00488	-124,03101	-124,28547	-0,34877285	-0,055571109	-0,051442463	-0,0568267
41842	454,50488	-125,98101	-125,96933	-0,35225078	-0,056112334	-0,051966138	-0,057426821
41842	455,00488	-127,93101	-127,88421	-0,35638809	-0,05667077	-0,05275197	-0,058073517
41842	455,50488	-129,88101	-129,94875	-0,36008283	-0,057344839	-0,053333391	-0,058805492
41842	456,00488	-131,83101	-131,88051	-0,36425218	-0,057891861	-0,054082658	-0,059419844
41842	456,50488	-133,78101	-133,79358	-0,36741644	-0,058479592	-0,054660697	-0,060089562
41842	457,00488	-135,731	-135,86237	-0,37139207	-0,059206396	-0,055453155	-0,060722906
41842	457,50488	-137,681	-137,87502	-0,37547946	-0,059832782	-0,056085378	-0,061404474
41842	458,00488	-139,63101	-139,62817	-0,37876368	-0,060383677	-0,056693096	-0,06201208
41842	458,50488	-141,58101	-141,66638	-0,38274527	-0,061005518	-0,057421613	-0,062665485
41842	459,00488	-143,53101	-143,63448	-0,3862299	-0,061511353	-0,058131509	-0,063379884
41842	459,50488	-145,481	-145,63171	-0,39009899	-0,062201977	-0,058819886	-0,06401968
41842	460,00488	-147,43102	-147,54347	-0,39362609	-0,062781915	-0,059441559	-0,064627774
41842	460,50488	-149,38101	-149,33517	-0,39705858	-0,06333898	-0,060064364	-0,065250859
41842	461,00488	-151,33101	-151,33012	-0,40055513	-0,06395264	-0,060779829	-0,065886639
41842	461,50488	-153,28101	-153,32854	-0,40459186	-0,064595789	-0,061424568	-0,066573016
41842	462,00488	-155,231	-155,24919	-0,40825009	-0,06518662	-0,062071808	-0,067188323
41842	462,50488	-157,18102	-157,26424	-0,41187406	-0,065760702	-0,062666893	-0,067874722
41842	463,00488	-159,13101	-159,20604	-0,4151985	-0,066407278	-0,063448735	-0,068483822
41842	463,50488	-161,08101	-161,06102	-0,41841492	-0,067023456	-0,063966423	-0,069053121
41842	464,00488	-163,03101	-163,03156	-0,42188391	-0,067618325	-0,064657547	-0,069736116
41842	464,50488	-164,981	-164,90857	-0,4255034	-0,068098605	-0,065259695	-0,070278212
41842	465,00488	-166,93102	-166,96027	-0,42917728	-0,068811595	-0,06602031	-0,07101883
41842	465,50488	-168,88101	-169,10721	-0,43280125	-0,069432631	-0,066669159	-0,071713991
41842	466,00488	-170,83101	-170,91397	-0,4362382	-0,069925562	-0,067293532	-0,072287798
41842	466,50488	-172,78101	-172,80913	-0,43925419	-0,070599601	-0,068008378	-0,072889745
41842	467,00488	-174,731	-174,79607	-0,44325814	-0,071157485	-0,068602018	-0,073538922
41842	467,50488	-176,68102	-176,74741	-0,44633374	-0,071796849	-0,069288142	-0,074195161
41842	468,00488	-178,63101	-178,60394	-0,44977963	-0,072324798	-0,069893286	-0,074745305
41842	468,50488	-180,58101	-180,56297	-0,45338646	-0,072906792	-0,070569016	-0,075385377
41842	469,00488	-182,53101	-182,58136	-0,45700371	-0,073429927	-0,071175076	-0,075990446
41842	469,50488	-184,481	-184,45207	-0,46049878	-0,074106365	-0,071794316	-0,07661806
41842	470,00488	-186,43102	-186,54221	-0,46364218	-0,074744523	-0,072554044	-0,077345736
41842	470,50488	-188,38101	-188,54118	-0,46767294	-0,075341791	-0,073142454	-0,077922054
41842	471,00488	-190,33101	-190,36238	-0,47096685	-0,075962529	-0,07389468	-0,078554459
41842	471,50488	-192,28101	-192,29475	-0,47434121	-0,076515898	-0,074429825	-0,079142012
41842	472,00488	-194,231	-194,28859	-0,47812834	-0,077159017	-0,075213164	-0,079853624
41842	472,50488	-196,18102	-196,16464	-0,48118085	-0,077720299	-0,075895414	-0,080473371
41842	473,00488	-198,13101	-198,11357	-0,48523024	-0,078374907	-0,076410651	-0,081192642
41842	473,50488	-200,08101	-200,0296	-0,48860013	-0,079045072	-0,077266932	-0,081845321
41842	474,00488	-202,03101	-202,11113	-0,49211681	-0,079662278	-0,077933766	-0,082540214
41842	474,50488	-203,981	-204,00748	-0,49528629	-0,080287293	-0,078655511	-0,083296806
41842	475,00488	-205,93102	-205,95612	-0,49912557	-0,080861315	-0,079274744	-0,083950743
41842	475,50488	-207,88101	-207,86891	-0,50265193	-0,081508845	-0,080010168	-0,084572792
41842	476,00488	-209,83101	-209,78104	-0,50614029	-0,082175121	-0,080771372	-0,085337132
41842	476,50488	-211,78101	-211,65227	-0,5099684	-0,082817063	-0,081374943	-0,086011752
41842	477,00488	-213,731	-213,85323	-0,51366019	-0,08359918	-0,082355022	-0,086816765
41842	477,50488	-215,68102	-215,69084	-0,51673877	-0,084182143	-0,082881071	-0,087476403
41842	478,00488	-217,63101	-217,67052	-0,52090812	-0,084855452	-0,083605565	-0,088159949
41842	478,50488	-219,58101	-219,55016	-0,5242027	-0,085472792	-0,084349632	-0,08891362
41842	479,00488	-221,53101	-221,66867	-0,52844214	-0,086277992	-0,085147791	-0,089659885
41842	479,50488	-223,481	-223,51501	-0,53222626	-0,086878732	-0,085873395	-0,090451486
41842	480,00488	-225,43102	-225,55374	-0,53593516	-0,087537065	-0,086672395	-0,091272041
41842	480,50488	-227,38101	-227,24519	-0,53900629	-0,088186353	-0,087291256	-0,09186665
41842	481,00488	-229,33101	-229,26971	-0,54260123	-0,088927284	-0,088138543	-0,092554338
41842	481,50488	-231,28101	-231,39665	-0,54668337	-0,089678347	-0,088982597	-0,093492962
41842	482,00488	-233,231	-233,14865	-0,55011737	-0,090318561	-0,089564025	-0,094181858
41842	482,50488	-235,18102	-235,25436	-0,55412501	-0,091025382	-0,090428449	-0,095018946
41842	483,00488	-237,13101	-237,15926	-0,55772889	-0,091724455	-0,091233701	-0,095726356
41842	483,50488	-239,08101	-239,0208	-0,56108463	-0,09246017	-0,091845833	-0,096490085
41842	484,00488	-241,03101	-240,92046	-0,56504083	-0,093166292	-0,092711084	-0,097266853
41842	484,50488	-242,981	-243,05231	-0,56880116	-0,093895465	-0,093583643	-0,098145328
41842	485,00488	-244,93102	-245,00717	-0,57282972	-0,094589934	-0,094426014	-0,098844051
41842	485,50488	-246,88101	-246,94308	-0,57691407	-0,095294371	-0,095129155	-0,099694841
41842	486,00488	-248,83101	-248,93173	-0,58004558	-0,095997944	-0,095827639	-0,10055239
41842	486,50488	-250,78101	-250,88843	-0,58359575	-0,096713796	-0,096714847	-0,10127766
41842	487,00488	-252,731	-252,78027	-0,58777928	-0,097535536	-0,097508557	-0,10207113
41842	487,50488	-254,68102	-254,77563	-0,59162527	-0,098269358	-0,098189957	-0,10290606
41842	488,00488	-256,63101	-256,68115	-0,59539306	-0,099041387	-0,099041738	-0,10367596
41842	488,50488	-258,58102	-258,67209	-0,59912205	-0,099793702	-0,099855155	-0,10452589
41842	489,00488	-260,53101	-260,59872	-0,60280335	-0,10045388	-0,10073019	-0,10527469
41842	489,50488	-262,48102	-262,60962	-0,60640943	-0,10115102	-0,10147396	-0,10618401
41842	490,00488	-264,431	-264,42636	-0,61048865	-0,10190426	-0,10227236	-0,10696363
41842	490,50488	-266,38101	-266,42749	-0,61426389	-0,10269438	-0,10313378	-0,10771686
41842	491,00488	-268,33102	-268,40005	-0,61778498	-0,1034506	-0,10393513	-0,1085996
41842	491,50488	-270,28101	-270,33548	-0,62174499	-0,10421892	-0,1046821	-0,10933039
41842	492,00488	-272,23102	-272,29892	-0,62579066	-0,10492042	-0,10556344	-0,11024403
41842	492,50488	-274,181	-274,32724	-0,62954497	-0,10569796	-0,1063971	-0,11108107
41842	493,00488	-276,13101	-276,13443	-0,63307512	-0,10645378	-0,10717204	-0,11185128
41842	493,50488	-278,08102	-278,08978	-0,63710141	-0,10720937	-0,10798091	-0,11271791
41842	494,00488	-280,03101	-280,07455	-0,64076036	-0,10798977	-0,10876829	-0,11353357
41842	494,50488	-281,98102	-282,09924	-0,644584	-0,10874647	-0,1097226	-0,11440803
41842	495,00488	-283,931	-283,9967	-0,64866614	-0,10948123	-0,11046418	-0,11522676
41842	495,50488	-285,88101	-285,83563	-0,65232664	-0,11021584	-0,11117822	-0,1160117
41842	496,00488	-287,83102	-287,8548	-0,65668154	-0,1109743	-0,11201306	-0,11694439
41842	496,50488	-289,78101	-289,74759	-0,65965879	-0,1117707	-0,11279172	-0,11773984
41842	497,00488	-291,73102	-291,8284	-0,66428483	-0,11266105	-0,1136725	-0,11863003
41842	497,50488	-293,681	-293,61667	-0,66754746	-0,11333159	-0,1145032	-0,11946591
41842	498,00488	-295,63101	-295,53625	-0,67148876	-0,11406066	-0,11533799	-0,12033455
41842	498,50488	-297,58102	-297,56729	-0,6757319	-0,11485948	-0,11621495	-0,12114777
41842	499,00488	-299,53101	-299,54788	-0,67964792	-0,11574611	-0,11702286	-0,12205037
41842	499,50488	-301,48102	-301,69427	-0,68336797	-0,11654189	-0,11792689	-0,1229625
41842	500,00488	-303,431	-303,46124	-0,68700838	-0,11734137	-0,11876567	-0,12378453
41842	500,50488	-305,38101	-305,4158	-0,69098401	-0,11810918	-0,11961137	-0,12467825
41842	501,00488	-307,33102	-307,41116	-0,69454163	-0,11897676	-0,12043443	-0,12545621
41842	501,50488	-309,28101	-309,45551	-0,69867301	-0,11982004	-0,12127422	-0,12642357
41842	502,00488	-311,23102	-311,3432	-0,70231259	-0,12058894	-0,12207189	-0,12723449
41842	502,50488	-313,181	-313,21552	-0,70615935	-0,12129499	-0,12300744	-0,12801063
41842	503,00488	-315,13101	-315,10062	-0,71040022	-0,12215056	-0,12390775	-0,12885198
41842	503,50488	-317,08102	-317,04904	-0,71426928	-0,12286815	-0,12462346	-0,12972876
41842	504,00488	-319,03101	-319,04568	-0,71792078	-0,12378706	-0,12569347	-0,13069016
41842	504,50488	-320,98102	-321,04269	-0,72227347	-0,12460802	-0,12650262	-0,13152409
41842	505,00488	-322,931	-322,93793	-0,72622895	-0,12535387	-0,12721953	-0,13241091
41842	505,50488	-324,88101	-324,86237	-0,72945654	-0,12619691	-0,12817268	-0,13323283
41842	506,00488	-326,83102	-326,85989	-0,73394251	-0,12705187	-0,12910376	-0,13419095
41842	506,50488	-328,78101	-328,78339	-0,73778331	-0,12791702	-0,12986155	-0,13498376
41842	507,00488	-330,73102	-330,77963	-0,74193776	-0,12874651	-0,13073783	-0,13592243
41842	507,50488	-332,681	-332,66867	-0,74539483	-0,12954678	-0,13160564	-0,13684316
41842	508,00488	-334,63101	-334,65421	-0,74983168	-0,13050245	-0,1326213	-0,13767232
41842	508,50488	-336,58102	-336,66806	-0,75377297	-0,13136147	-0,13345495	-0,13865693
41842	509,00488	-338,53101	-338,46887	-0,75760257	-0,13220985	-0,13435335	-0,13946056
41842	509,50488	-340,48102	-340,44003	-0,76103359	-0,13307801	-0,1351877	-0,140365
41842	510,00488	-342,431	-342,3577	-0,76537281	-0,13392752	-0,13603558	-0,14122494
41842	510,50488	-344,38101	-344,3812	-0,76955032	-0,13482158	-0,13700032	-0,14209619
41842	511,00488	-346,33102	-346,34259	-0,7732749	-0,13571513	-0,13791107	-0,14313079
41842	511,50488	-348,28101	-348,41852	-0,77775419	-0,13665754	-0,13892536	-0,14401968
41842	512,00488	-350,23102	-350,32141	-0,78135431	-0,13748692	-0,13987784	-0,14493948
41842	512,50488	-352,181	-352,12286	-0,78542978	-0,13829103	-0,14067027	-0,14586338
41842	513,00488	-354,13101	-354,18546	-0,78986514	-0,13919735	-0,14153905	-0,14680247
41842	513,50488	-356,08102	-355,96906	-0,79340041	-0,14006677	-0,14238603	-0,14771922
41842	514,00488	-358,03101	-358,13129	-0,79755634	-0,14099191	-0,14329818	-0,14865573
41842	514,50488	-359,98102	-360,04196	-0,80197155	-0,14187342	-0,14440855	-0,1496775
41842	515,00488	-361,931	-361,91541	-0,80591369	-0,14277306	-0,14521384	-0,15052438
41842	515,50488	-363,88101	-364,04938	-0,81002641	-0,14373375	-0,14620724	-0,15159459
41842	516,00488	-365,83102	-365,75427	-0,8135922	-0,14464773	-0,14716998	-0,15244083
41842	516,50488	-367,78101	-367,84854	-0,81815791	-0,14550698	-0,14801171	-0,15347363
41842	517,00488	-369,73102	-369,82956	-0,82220286	-0,14651418	-0,14907841	-0,15440135
41842	517,50488	-371,681	-371,75415	-0,82610476	-0,14737248	-0,14992663	-0,15542793
41842	518,00488	-373,63101	-373,48352	-0,82979947	-0,14824414	-0,15085962	-0,15634584
41842	518,50488	-375,58102	-375,69608	-0,83464754	-0,14923562	-0,15191242	-0,1573049
41842	519,00488	-377,53101	-377,52023	-0,83835793	-0,15016341	-0,15278861	-0,15834041
41842	519,50488	-379,48102	-379,34805	-0,84276944	-0,15115511	-0,15374397	-0,15929691
41842	520,00488	-381,431	-381,49008	-0,84712136	-0,15215844	-0,15483965	-0,16028394
41842	520,50488	-383,38101	-383,41388	-0,85125715	-0,15303712	-0,15569498	-0,16131358
41842	521,00488	-385,33102	-385,42456	-0,85496831	-0,15397412	-0,15669118	-0,16234401
41842	521,50488	-387,28101	-387,24118	-0,85956454	-0,15496114	-0,15765592	-0,16328521
41842	522,00488	-389,23102	-389,37616	-0,8642621	-0,1560425	-0,15863393	-0,16437224
41842	522,50488	-391,181	-391,13007	-0,86777437	-0,15698622	-0,15974063	-0,16530669
41842	523,00488	-393,13101	-393,22342	-0,87277222	-0,15803228	-0,16069794	-0,16637206
41842	523,50488	-395,08102	-395,1694	-0,87679255	-0,15893151	-0,16166259	-0,16739161
41842	524,00488	-397,03101	-397,14215	-0,88105947	-0,16000463	-0,16276146	-0,16838844
41842	524,50488	-398,98102	-399,04929	-0,88506639	-0,16098121	-0,16366982	-0,16947429
41842	525,00488	-400,931	-400,99548	-0,88974011	-0,16202754	-0,16466916	-0,17049287
41842	525,50488	-402,88101	-402,85547	-0,8940928	-0,16297418	-0,16579674	-0,17147866
41842	526,00488	-404,83102	-404,90186	-0,89833069	-0,16404107	-0,16681962	-0,17263329
41842	526,50488	-406,78101	-406,77719	-0,90233314	-0,1650452	-0,16789934	-0,17359841
41842	527,00488	-408,73102	-408,7186	-0,90715957	-0,16616943	-0,16891614	-0,17466056
41842	527,50488	-410,681	-410,77063	-0,91131997	-0,16720083	-0,16993256	-0,17591217
41842	528,00488	-412,63101	-412,67413	-0,91602731	-0,16830212	-0,17111269	-0,1769194
41842	528,50488	-414,58102	-414,60492	-0,91989785	-0,16931465	-0,17211477	-0,17799264
41842	529,00488	-416,53101	-416,50656	-0,92455745	-0,17047898	-0,17315781	-0,17911553
41842	529,50488	-418,48102	-418,56247	-0,92937875	-0,17148837	-0,17438319	-0,18025196
41842	530,00488	-420,431	-420,43762	-0,93382001	-0,17266583	-0,17543927	-0,18134898
41842	530,50488	-422,38101	-422,33032	-0,9385221	-0,17375596	-0,17657912	-0,18243387
41842	531,00488	-424,33102	-424,26483	-0,94341409	-0,17490992	-0,17768469	-0,18366161
41842	531,50488	-426,28101	-426,34003	-0,94813037	-0,1759862	-0,17876059	-0,18127963
41842	532,00488	-428,23102	-428,19232	-0,95305514	-0,17713815	-0,17999113	-0,18165886
41842	532,50488	-430,181	-430,15448	-0,95718801	-0,17839701	-0,18108609	-0,18289539
41842	533,00488	-432,13101	-432,17343	-0,96211064	-0,17955044	-0,18227115	-0,18403412
41842	533,50488	-434,08102	-434,0928	-0,96682161	-0,18077812	-0,18349707	-0,1852659
41842	534,00488	-436,03101	-436,04443	-0,97205341	-0,18202452	-0,18465365	-0,18655047
41842	534,50488	-437,98102	-438,05283	-0,97697228	-0,18329541	-0,18590154	-0,18781689
41842	535,00488	-439,931	-439,91766	-0,98178613	-0,18459307	-0,18703976	-0,18903163
41842	535,50488	-441,88101	-441,94427	-0,98728013	-0,18606134	-0,18822446	-0,19030865
41842	536,00488	-443,83102	-443,90692	-0,99204707	-0,1874847	-0,1893533	-0,19178951
41842	536,50488	-445,78101	-445,74777	-0,99797547	-0,18891147	-0,1905046	-0,19312674
41842	537,00488	-447,73102	-447,69028	-1,0027803	-0,19037357	-0,19172402	-0,19454727
41842	537,50488	-449,681	-449,75711	-1,0081537	-0,19189548	-0,19321518	-0,19604573
41842	538,00488	-451,63101	-451,51273	-1,013761	-0,19347745	-0,19444871	-0,19736895
41842	538,50488	-453,58102	-453,65662	-1,0197304	-0,19514519	-0,19574022	-0,19896609
41842	539,00488	-455,53101	-455,4603	-1,0252013	-0,19685896	-0,19695529	-0,20060126
41842	539,50488	-457,48102	-457,53223	-1,0311074	-0,19858892	-0,19839099	-0,20213385
41842	540,00488	-459,43103	-459,48911	-1,0373205	-0,20043901	-0,19983046	-0,20368926
41842	540,50488	-461,38101	-461,40085	-1,0434315	-0,20244247	-0,20132907	-0,20534483
41842	541,00488	-463,33102	-463,35721	-1,0496855	-0,20462197	-0,20280379	-0,20694356
41842	541,50488	-465,28101	-465,24698	-1,0566757	-0,20741466	-0,20465824	-0,20828494
41842	542,00488	-467,23102	-467,2536	-1,0643631	-0,21084958	-0,20656593	-0,20999435
41842	542,50488	-469,18103	-469,23349	-1,0731369	-0,21490249	-0,20854254	-0,21095984
41842	543,00488	-471,13101	-470,96872	-1,0839045	-0,22711949	-0,21102268	-0,21294832
41842	543,50488	-473,08102	-472,88068	-1,1007621	-0,24289061	-0,21436088	-0,21551374
41842	544,00488	0	0,10594167	1,4186933	-0,049113423	-0,030296823	-0,0071020499

Datenerfassung						Zeit:	544,36426	s	22.07.2014 07:28:27
Ch 1 Kraft	Ch 1 W2TK Mittel	1944 A	1944 B	1281068
kN	mm	mm	mm	mm
0,24799444	2,0349319	0,00019342918	0,00011074543	0,0037599527
-473,42752	2,0347652	-0,00045152754	-0,28250676	-0,21965788
