MTS793|MPT|DEU|1|2|,|.|:|49|1|1|A

Datenerfassung						Zeit:	246,75879	s	11.07.2023 10:33:19
Datum	Laufzeit	Ch 1 Kraft Sollwert	Ch 1 Kraft	Ch 1 Weg	1470533	1470534	1281068
d	s	kN	kN	mm	mm	mm	mm
45118	198,20215	-3,9000001	-3,8693621	0,0013798475	1,1115849e-05	4,6883935e-05	-1,9959363e-05
45118	198,40234	-3,9000001	-3,8647614	0,0004440546	3,2779801e-05	1,2733834e-05	1,1571076e-05
45118	198,60254	-3,9000001	-3,8700476	0,00043511391	3,2271819e-05	6,8894944e-05	3,0846288e-05
45118	198,80273	-3,9000001	-3,8857663	7,7486038e-05	-3,0747873e-05	8,7365748e-05	4,3726177e-06
45118	199,00293	-3,9000001	-3,8790944	-0,00017285347	7,2312778e-06	7,2694806e-05	-4,0097199e-05
45118	199,20313	-4,6655273	-4,338119	-0,00074803829	-8,6625929e-05	-6,0646566e-05	-0,00011948847
45118	199,40332	-5,4462891	-4,8529987	-0,0037968159	-0,00021275495	-0,00027061842	-0,00045046885
45118	199,60352	-6,2270508	-4,9580092	-0,0041931868	-0,00037291879	-0,00027267705	-0,00053801044
45118	199,80371	-7,0078125	-6,2523036	-0,0091612339	-0,00064391241	-0,00060310698	-0,0010460075
45118	200,00391	-7,7885742	-7,6725407	-0,016382337	-0,0011731703	-0,0011357438	-0,0018153501
45118	200,2041	-8,5693359	-8,4771433	-0,01912117	-0,0015071238	-0,0014396403	-0,0021801812
45118	200,4043	-9,3500977	-9,2029142	-0,022897124	-0,0017572902	-0,0016641718	-0,0025486411
45118	200,60449	-10,130859	-10,075429	-0,02630055	-0,0020508443	-0,0019164542	-0,0030214489
45118	200,80469	-10,911621	-10,730871	-0,029045343	-0,0023468186	-0,0021751092	-0,0033093872
45118	201,00488	-11,692383	-11,642275	-0,031840801	-0,0026783517	-0,0024035529	-0,0036925119
45118	201,20508	-12,473145	-12,332635	-0,035387278	-0,0029490166	-0,0026127468	-0,0040239384
45118	201,40527	-13,253906	-13,173087	-0,037738681	-0,0032871836	-0,0029671714	-0,0045596287
45118	201,60547	-14,034668	-13,940452	-0,041037798	-0,0036412771	-0,0031407031	-0,0049303197
45118	201,80566	-14,81543	-14,712463	-0,044438243	-0,0038401671	-0,0035187635	-0,0052546966
45118	202,00586	-15,596191	-15,549795	-0,047701597	-0,0041520684	-0,0036844001	-0,0055420399
45118	202,20605	-16,376953	-16,24432	-0,049167871	-0,0045990627	-0,003964304	-0,0059781712
45118	202,40625	-17,157715	-17,140623	-0,052091479	-0,0048834132	-0,0042283814	-0,0063489513
45118	202,60645	-17,938477	-17,810797	-0,053912401	-0,0051849457	-0,0044570374	-0,0066818949
45118	202,80664	-18,719238	-18,695963	-0,057142973	-0,0055099349	-0,0047733281	-0,0071273665
45118	203,00684	-19,5	-19,442661	-0,059819221	-0,005927287	-0,0050001238	-0,0075107589
45118	203,20703	-20,280762	-20,224194	-0,062066317	-0,0062630936	-0,0052765855	-0,0077325427
45118	203,40723	-21,061523	-21,073586	-0,064751506	-0,0065627433	-0,0056070611	-0,008246935
45118	203,60742	-21,842285	-21,7509	-0,06788969	-0,0068943962	-0,0057913451	-0,00861248
45118	203,80762	-22,623047	-22,659849	-0,069832802	-0,0072671054	-0,0060904841	-0,0090036653
45118	204,00781	-23,403809	-23,308661	-0,072208047	-0,0075389058	-0,0063502775	-0,0093290536
45118	204,20801	-24,18457	-24,176979	-0,074326992	-0,0078889653	-0,0066493931	-0,0096594989
45118	204,4082	-24,965332	-24,881401	-0,076323748	-0,008157569	-0,006934375	-0,0099845892
45118	204,6084	-25,746094	-25,700954	-0,079837441	-0,0084402757	-0,0071739424	-0,010290524
45118	204,80859	-26,526855	-26,495686	-0,082319975	-0,0087832538	-0,0074641653	-0,010721748
45118	205,00879	-27,307617	-27,179037	-0,085011125	-0,0090669468	-0,0077373064	-0,011008883
45118	205,20898	-28,088379	-28,080004	-0,086936355	-0,0095101167	-0,0080983285	-0,01139516
45118	205,40918	-28,869141	-28,75983	-0,090107322	-0,0098152943	-0,0083538489	-0,011706003
45118	205,60938	-29,649902	-29,638166	-0,092124939	-0,010114137	-0,0087379571	-0,012122473
45118	205,80957	-30,430664	-30,389597	-0,093632936	-0,010386566	-0,0089259185	-0,012436795
45118	206,00977	-31,211426	-31,139332	-0,095772743	-0,01076549	-0,0091861784	-0,012792494
45118	206,20996	-31,992188	-31,97986	-0,098919868	-0,011101386	-0,0095339222	-0,013272471
45118	206,41016	-32,772949	-32,760586	-0,10071993	-0,011393177	-0,0098751197	-0,013595926
45118	206,61035	-33,553711	-33,478504	-0,10311604	-0,011677259	-0,010131285	-0,013896714
45118	206,81055	-34,334473	-34,323067	-0,10467172	-0,012043873	-0,01049354	-0,014240604
45118	207,01074	-35,115234	-35,071472	-0,1078397	-0,012295025	-0,010766428	-0,014685391
45118	207,21094	-35,895996	-35,820572	-0,10975897	-0,012620253	-0,011064215	-0,015040942
45118	207,41113	-36,676758	-36,61478	-0,11252761	-0,012903917	-0,011333575	-0,015345597
45118	207,61133	-37,45752	-37,411964	-0,11407733	-0,013247791	-0,011721954	-0,015794579
45118	207,81152	-38,238281	-38,15731	-0,11638701	-0,013428991	-0,011944922	-0,016077757
45118	208,01172	-39,019043	-39,012592	-0,11872649	-0,013789061	-0,012390747	-0,016490657
45118	208,21191	-39,799805	-39,72192	-0,12057126	-0,014034775	-0,012633977	-0,016780917
45118	208,41211	-40,580566	-40,543575	-0,12297332	-0,014376139	-0,01298545	-0,017184922
45118	208,6123	-41,361328	-41,369949	-0,12514889	-0,014733848	-0,01325745	-0,017515903
45118	208,8125	-42,14209	-42,033287	-0,12719333	-0,014969044	-0,013581267	-0,01788109
45118	209,0127	-42,922852	-42,96059	-0,13005435	-0,015240785	-0,014024182	-0,018287774
45118	209,21289	-43,703613	-43,608444	-0,13095737	-0,015553014	-0,014260316	-0,018724678
45118	209,41309	-44,484375	-44,464893	-0,1323998	-0,015862226	-0,014595782	-0,019010089
45118	209,61328	-45,265137	-45,283722	-0,13480484	-0,016153419	-0,014958791	-0,019428372
45118	209,81348	-46,045898	-45,982716	-0,13698339	-0,016403556	-0,015239872	-0,019770062
45118	210,01367	-46,82666	-46,824181	-0,13840199	-0,016745698	-0,015636783	-0,020154167
45118	210,21387	-47,607422	-47,610928	-0,14150143	-0,017098058	-0,015965382	-0,020537708
45118	210,41406	-48,388184	-48,313812	-0,14317036	-0,017324409	-0,016232571	-0,020837396
45118	210,61426	-49,168945	-49,179272	-0,14552772	-0,01761106	-0,016601887	-0,021129528
45118	210,81445	-49,949707	-49,847309	-0,14754534	-0,017900581	-0,016896024	-0,021529192
45118	211,01465	-50,730469	-50,698818	-0,14959574	-0,018181434	-0,017249636	-0,021842325
45118	211,21484	-51,51123	-51,48241	-0,15114844	-0,018406888	-0,017582102	-0,022185352
45118	211,41504	-52,291992	-52,247097	-0,15347004	-0,018740425	-0,01792112	-0,022485308
45118	211,61523	-53,072754	-53,073586	-0,15490651	-0,019046796	-0,018359615	-0,022879945
45118	211,81543	-53,853516	-53,79401	-0,15759468	-0,019336019	-0,018627588	-0,023228563
45118	212,01563	-54,634277	-54,656693	-0,16051531	-0,019654702	-0,019012218	-0,023656247
45118	212,21582	-55,415039	-55,329708	-0,16195476	-0,019889122	-0,019281372	-0,02398104
45118	212,41602	-56,195801	-56,125118	-0,16359687	-0,020102415	-0,019572876	-0,02430753
45118	212,61621	-56,976563	-56,995884	-0,1653403	-0,020403977	-0,019910304	-0,024711713
45118	212,81641	-57,757324	-57,645878	-0,16677976	-0,02067518	-0,020299373	-0,024962798
45118	213,0166	-58,538086	-58,504787	-0,16876459	-0,021008715	-0,020638905	-0,025352109
45118	213,2168	-59,318848	-59,274891	-0,17161965	-0,021192634	-0,020903639	-0,025673483
45118	213,41699	-60,099609	-60,00848	-0,172171	-0,021458428	-0,021221692	-0,026113896
45118	213,61719	-60,880371	-60,870598	-0,17603934	-0,021858929	-0,021639029	-0,026335144
45118	213,81738	-61,661133	-61,550133	-0,1767844	-0,0220626	-0,021928709	-0,026814615
45118	214,01758	-62,441895	-62,436382	-0,17937124	-0,022289757	-0,022331726	-0,027050916
45118	214,21777	-63,222656	-63,137905	-0,18047392	-0,022662764	-0,02259684	-0,0274761
45118	214,41797	-64,003418	-63,950497	-0,18238425	-0,022917265	-0,023011323	-0,027779061
45118	214,61816	-64,78418	-64,730972	-0,18392503	-0,023179322	-0,023355387	-0,028106144
45118	214,81836	-65,564941	-65,481796	-0,18666089	-0,023442309	-0,023673214	-0,028435042
45118	215,01855	-66,345703	-66,351418	-0,18853247	-0,023804201	-0,023987828	-0,028832534
45118	215,21875	-67,126465	-67,006866	-0,18975437	-0,02396084	-0,024235455	-0,029095635
45118	215,41895	-67,907227	-67,92823	-0,19187927	-0,024324285	-0,024731982	-0,02942843
45118	215,61914	-68,687988	-68,605736	-0,19358099	-0,024566533	-0,024920665	-0,029769821
45118	215,81934	-69,46875	-69,388199	-0,19617379	-0,02483923	-0,025278082	-0,030061269
45118	216,01953	-70,249512	-70,243767	-0,19693077	-0,025207637	-0,025643423	-0,030501269
45118	216,21973	-71,030273	-70,911369	-0,19863844	-0,025362063	-0,026020391	-0,030754998
45118	216,41992	-71,811035	-71,768555	-0,20070374	-0,0257002	-0,026347063	-0,031134108
45118	216,62012	-72,591797	-72,592117	-0,203982	-0,026028298	-0,026702104	-0,031415768
45118	216,82031	-73,372559	-73,273529	-0,20470917	-0,026269142	-0,026939278	-0,031804368
45118	217,02051	-74,15332	-74,127937	-0,20578504	-0,026542345	-0,027336322	-0,032195762
45118	217,2207	-74,934082	-74,943672	-0,208354	-0,026950644	-0,027646281	-0,032477781
45118	217,4209	-75,714844	-75,638161	-0,21004677	-0,027087949	-0,027946619	-0,032773126
45118	217,62109	-76,495605	-76,503647	-0,2117604	-0,027429642	-0,028435992	-0,033110265
45118	217,82129	-77,276367	-77,233459	-0,21363795	-0,027706761	-0,028726982	-0,033503473
45118	218,02148	-78,057129	-78,02562	-0,21622181	-0,027949009	-0,029098995	-0,03381107
45118	218,22168	-78,837891	-78,839607	-0,21752417	-0,028299188	-0,029401904	-0,034165192
45118	218,42188	-79,618652	-79,52739	-0,21863282	-0,028480656	-0,029613931	-0,03453669
45118	218,62207	-80,399414	-80,384995	-0,22033155	-0,028817181	-0,029997639	-0,034850743
45118	218,82227	-81,180176	-81,200836	-0,22269487	-0,029012036	-0,030339675	-0,035170868
45118	219,02246	-81,960938	-81,859818	-0,22490025	-0,029266058	-0,030623784	-0,035462167
45118	219,22266	-82,741699	-82,754181	-0,22646785	-0,029594902	-0,031032525	-0,0358104
45118	219,42285	-83,522461	-83,513916	-0,22745132	-0,029842438	-0,031398304	-0,036072399
45118	219,62305	-84,303223	-84,207314	-0,23036599	-0,030099418	-0,031635124	-0,036479857
45118	219,82324	-85,083984	-85,131531	-0,23110211	-0,03046158	-0,032026026	-0,036844328
45118	220,02344	-85,864746	-85,785965	-0,23270249	-0,030659005	-0,032340944	-0,037094403
45118	220,22363	-86,645508	-86,612656	-0,2356261	-0,030966513	-0,032654397	-0,037435941
45118	220,42383	-87,42627	-87,41703	-0,23644865	-0,031203352	-0,032989319	-0,037812702
45118	220,62402	-88,207031	-88,15625	-0,237602	-0,031503957	-0,033308547	-0,038117446
45118	220,82422	-88,987793	-89,028694	-0,24076104	-0,031747788	-0,033732057	-0,038416807
45118	221,02441	-89,768555	-89,697151	-0,2423048	-0,032105979	-0,033923317	-0,038746864
45118	221,22461	-90,549316	-90,627869	-0,24373233	-0,032386892	-0,034314476	-0,039175589
45118	221,4248	-91,330078	-91,257759	-0,24516881	-0,032683823	-0,03463937	-0,039391901
45118	221,625	-92,11084	-92,176056	-0,24673939	-0,032950155	-0,035013769	-0,039736416
45118	221,8252	-92,891602	-92,812614	-0,24818778	-0,0332135	-0,035288937	-0,040069032
45118	222,02539	-93,672363	-93,692978	-0,2507627	-0,033472899	-0,03564319	-0,040432107
45118	222,22559	-94,453125	-94,467888	-0,25190711	-0,033765525	-0,035962623	-0,04071844
45118	222,42578	-95,233887	-95,146698	-0,2530992	-0,033912454	-0,036267284	-0,041016344
45118	222,62598	-96,014648	-96,058815	-0,25388598	-0,034238428	-0,036557145	-0,041352708
45118	222,82617	-96,79541	-96,77523	-0,25655627	-0,034498245	-0,036953036	-0,041647069
45118	223,02637	-97,576172	-97,517242	-0,25880337	-0,034689456	-0,037213705	-0,041933641
45118	223,22656	-98,356934	-98,39312	-0,26033819	-0,035069875	-0,037629642	-0,042278837
45118	223,42676	-99,137695	-99,046173	-0,26196241	-0,035244413	-0,037858192	-0,042571239
45118	223,62695	-99,918457	-99,9729	-0,26470721	-0,035619363	-0,038249198	-0,042974025
45118	223,82715	-100,69922	-100,58784	-0,26507378	-0,035809916	-0,038499504	-0,043210682
45118	224,02734	-101,47998	-101,51899	-0,26731491	-0,036188003	-0,03885169	-0,043654904
45118	224,22754	-102,26074	-102,18761	-0,26841164	-0,036360148	-0,039091267	-0,043951914
45118	224,42773	-103,0415	-103,04237	-0,27028918	-0,036673874	-0,039554331	-0,044420052
45118	224,62793	-103,82227	-103,79919	-0,27185678	-0,036982756	-0,039795697	-0,044571012
45118	224,82813	-104,60303	-104,53266	-0,27385056	-0,03717567	-0,040125832	-0,044905771
45118	225,02832	-105,38379	-105,41434	-0,27534366	-0,03743298	-0,040442612	-0,045249097
45118	225,22852	-106,16455	-106,07818	-0,27855635	-0,037715595	-0,040797461	-0,045564368
45118	225,42871	-106,94531	-106,92908	-0,27831197	-0,038033534	-0,041073706	-0,045971055
45118	225,62891	-107,72607	-107,77831	-0,28087199	-0,038347825	-0,04149634	-0,046269074
45118	225,8291	-108,50684	-108,43335	-0,28162897	-0,03863316	-0,041724347	-0,046562545
45118	226,0293	-109,2876	-109,31901	-0,28493702	-0,038920797	-0,04204433	-0,046875026
45118	226,22949	-110,06836	-110,07821	-0,28633475	-0,039159134	-0,042354386	-0,04720059
45118	226,42969	-110,84912	-110,78667	-0,28738081	-0,039342754	-0,042685814	-0,047505189
45118	226,62988	-111,62988	-111,68388	-0,28916001	-0,03970097	-0,043018539	-0,047947001
45118	226,83008	-112,1	-112,12498	-0,29053986	-0,039894272	-0,043281026	-0,048125833
45118	227,03027	-112,1	-112,20016	-0,29012561	-0,03994235	-0,043290116	-0,048207454
45118	227,23047	-112,1	-112,10731	-0,29105842	-0,039900698	-0,04332301	-0,048169795
45118	227,43066	-112,1	-112,11815	-0,29046834	-0,039906494	-0,043349493	-0,048272863
45118	227,63086	-112,1	-112,18637	-0,29088855	-0,039999962	-0,043344669	-0,048218518
45118	227,83105	-112,1	-112,11229	-0,28991997	-0,039925769	-0,043406643	-0,048228811
45118	228,03125	-112,1	-112,12257	-0,29058456	-0,040002801	-0,043334641	-0,048326526
45118	228,23145	-112,1	-112,16484	-0,29000938	-0,039960969	-0,043391906	-0,048318971
45118	228,43164	-112,1	-112,08798	-0,29126406	-0,040034506	-0,043415591	-0,0483157
45118	228,63184	-112,1	-112,14162	-0,29040277	-0,040047117	-0,043417443	-0,048382327
45118	228,83203	-112,1	-112,14716	-0,2912879	-0,040063072	-0,043437641	-0,04835416
45118	229,03223	-112,1	-112,10646	-0,29092729	-0,040072396	-0,043446042	-0,048364602
45118	229,23242	-112,1	-112,16022	-0,29154122	-0,040047593	-0,043449257	-0,048357967
45118	229,43262	-112,1	-112,1411	-0,29120147	-0,040106043	-0,043502517	-0,048401009
45118	229,63281	-112,1	-112,12112	-0,29212236	-0,040114347	-0,043448504	-0,048483644
45118	229,83301	-112,1	-112,15054	-0,29174984	-0,040080283	-0,043455057	-0,048487213
45118	230,0332	-112,1	-112,11269	-0,29174089	-0,040082496	-0,043524642	-0,048446104
45118	230,2334	-112,1	-112,20371	-0,29235184	-0,040135864	-0,043565068	-0,048589952
45118	230,43359	-112,1	-112,08224	-0,29160678	-0,040169179	-0,043490425	-0,048510235
45118	230,63379	-112,1	-112,17516	-0,29156804	-0,040166281	-0,043516297	-0,048640464
45118	230,83398	-112,1	-112,14321	-0,29124618	-0,040185049	-0,043533981	-0,048582248
45118	231,03418	-112,1	-112,09753	-0,29186606	-0,040155467	-0,043544378	-0,048573088
45118	231,23438	-112,1	-112,16224	-0,29228032	-0,040196132	-0,043552786	-0,048634604
45118	231,43457	-112,1	-112,12206	-0,29167235	-0,040181402	-0,043661535	-0,048536945
45118	231,63477	-112,1	-112,09933	-0,29267669	-0,04020967	-0,043564878	-0,048614524
45118	231,83496	-112,1	-112,15392	-0,29185116	-0,040170107	-0,043654121	-0,048674729
45118	232,03516	-112,1	-112,07939	-0,29216409	-0,040183015	-0,043556836	-0,048532635
45118	232,23535	-112,1	-112,10349	-0,29197931	-0,040231634	-0,043494407	-0,048667263
45118	232,43555	-112,1	-112,1637	-0,29162169	-0,040297881	-0,043578446	-0,048644092
45118	232,63574	-112,1	-112,09249	-0,29350519	-0,040259093	-0,043591894	-0,048656642
45118	232,83594	-112,1	-112,10613	-0,29214621	-0,040221293	-0,043565679	-0,048689928
45118	233,03613	-112,1	-112,18085	-0,29271245	-0,040236026	-0,043628577	-0,048736688
45118	233,23633	-112,1	-112,07777	-0,29308498	-0,040216275	-0,043637004	-0,048713963
45118	233,43652	-112,1	-112,20179	-0,29194653	-0,040268566	-0,043589734	-0,048731066
45118	233,63672	-112,1	-112,09643	-0,2927959	-0,040293697	-0,043586761	-0,048767418
45118	233,83691	-112,1	-112,13799	-0,29212236	-0,040266834	-0,043569133	-0,048822418
45118	234,03711	-112,1	-112,12265	-0,29315948	-0,040341236	-0,043632507	-0,048860729
45118	234,2373	-112,1	-112,14447	-0,29206872	-0,040379304	-0,043680858	-0,048860908
45118	234,4375	-112,1	-112,15695	-0,29308796	-0,040296476	-0,043692715	-0,048827115
45118	234,6377	-112,1	-112,09965	-0,29195249	-0,040325459	-0,04365091	-0,048763283
45118	234,83789	-112,1	-112,16761	-0,29174089	-0,040281475	-0,043669797	-0,048757691
45118	235,03809	-112,1	-112,08403	-0,29290617	-0,040250368	-0,043605145	-0,048756171
45118	235,23828	-112,1	-112,18546	-0,29278696	-0,040281773	-0,04377079	-0,048813552
45118	235,43848	-112,1	-112,13138	-0,29337406	-0,040319603	-0,043733403	-0,048783034
45118	235,63867	-112,1	-112,10551	-0,29209256	-0,040325191	-0,043689169	-0,048739247
45118	235,83887	-112,1	-112,17342	-0,29246211	-0,040353697	-0,043690469	-0,048833363
45118	236,03906	-112,1	-112,08891	-0,2922833	-0,040345751	-0,043713152	-0,048807155
45118	236,23926	-112,1	-112,11535	-0,29297769	-0,040344015	-0,043711245	-0,048760753
45118	236,43945	-112,1	-112,14299	-0,29273331	-0,04028273	-0,043753248	-0,048815127
45118	236,63965	-112,1	-112,07228	-0,29270053	-0,040267937	-0,043707527	-0,04878705
45118	236,83984	-112,1	-112,18179	-0,29292405	-0,040331464	-0,043813825	-0,048853144
45118	237,04004	-112,1	-112,0825	-0,2935797	-0,040349007	-0,043710683	-0,048743591
45118	237,24023	-112,1	-112,14465	-0,29348433	-0,040357672	-0,043775216	-0,04884639
45118	237,44043	-112,1	-112,09609	-0,29222369	-0,040339593	-0,043817554	-0,048822951
45118	237,64063	-112,1	-112,10574	-0,29295087	-0,040421288	-0,043755107	-0,048825331
45118	237,84082	-112,1	-112,13632	-0,29394925	-0,040316705	-0,043786477	-0,048784401
45118	238,04102	-112,1	-112,06748	-0,29357076	-0,040326715	-0,043778453	-0,048801653
45118	238,24121	-112,1	-112,17731	-0,29254556	-0,040421139	-0,043837119	-0,048821971
45118	238,44141	-112,1	-112,05861	-0,2938658	-0,040414687	-0,04378242	-0,048812274
45118	238,6416	-112,1	-112,17439	-0,29349625	-0,040417314	-0,043866854	-0,048888631
45118	238,8418	-112,1	-112,07563	-0,29336214	-0,04037324	-0,043812506	-0,048730828
45118	239,04199	-112,1	-112,1428	-0,29274225	-0,04044421	-0,043786678	-0,04884642
45118	239,24219	-112,1	-112,14379	-0,29393733	-0,040445402	-0,043845497	-0,048835237
45118	239,44238	-112,1	-112,10551	-0,29330254	-0,040465064	-0,043786772	-0,048850972
45118	239,64258	-112,1	-112,1887	-0,2936542	-0,040437154	-0,043801703	-0,048839491
45118	239,84277	-112,1	-112,08847	-0,29377937	-0,040441759	-0,043773588	-0,048789874
45118	240,04297	-112,1	-112,14032	-0,29285848	-0,040382594	-0,043825131	-0,048885182
45118	240,24316	-112,1	-112,15167	-0,29344261	-0,040523574	-0,043842372	-0,048813999
45118	240,44336	-112,1	-112,10257	-0,29345155	-0,040364217	-0,043812707	-0,048855286
45118	240,64355	-112,1	-112,13944	-0,29322505	-0,040465184	-0,043896023	-0,048838716
45118	240,84375	-112,1	-112,14799	-0,2933681	-0,040482037	-0,043820299	-0,048861653
45118	241,04395	-112,1	-112,10042	-0,29363334	-0,04043838	-0,043904707	-0,048794962
45118	241,24414	-112,1	-112,19615	-0,29234588	-0,040429447	-0,043927707	-0,048964601
45118	241,44434	-112,1	-112,09756	-0,29213428	-0,040479138	-0,04386406	-0,048830863
45118	241,64453	-112,1	-112,16905	-0,29367208	-0,04045897	-0,043938179	-0,04883622
45118	241,84473	-112,1	-112,13792	-0,29274821	-0,04048888	-0,043878306	-0,048839938
45118	242,04492	-112,1	-112,12646	-0,29342175	-0,040466409	-0,043923635	-0,048864804
45118	242,24512	-112,1	-112,17797	-0,29320121	-0,040470861	-0,043917127	-0,048842464
45118	242,44531	-112,1	-112,08721	-0,29218495	-0,040509351	-0,043891635	-0,04882206
45118	242,64551	-112,1	-112,17329	-0,29355288	-0,040426012	-0,043941602	-0,048903354
45118	242,8457	-112,1	-112,12902	-0,29288828	-0,040493842	-0,043831542	-0,04887227
45118	243,0459	-112,1	-112,11188	-0,29377639	-0,040461302	-0,043810472	-0,048910614
45118	243,24609	-112,1	-112,16998	-0,29317737	-0,040472355	-0,043967489	-0,048958026
45118	243,44629	-112,1	-112,12566	-0,29277503	-0,040450722	-0,043826066	-0,048946396
45118	243,64648	-112,1	-112,13924	-0,29408932	-0,040460344	-0,043878857	-0,04883033
45118	243,84668	-112,1	-112,14977	-0,2943486	-0,040490553	-0,043950755	-0,04888051
45118	244,04688	-112,1	-112,09292	-0,29367805	-0,04049151	-0,043958355	-0,048932061
45118	244,24707	-112,1	-112,17587	-0,29283166	-0,040550884	-0,04397985	-0,048912812
45118	244,44727	-112,1	-112,08731	-0,29448867	-0,040400371	-0,043791611	-0,048893418
45118	244,64746	-112,1	-112,13109	-0,29404163	-0,040454607	-0,043972339	-0,048974596
45118	244,84766	-112,1	-112,14147	-0,29475689	-0,040449645	-0,044016514	-0,048956867
45118	245,04785	-112,1	-112,06847	-0,29375255	-0,040442623	-0,043890685	-0,048944224
45118	245,24805	-112,1	-112,15282	-0,29462576	-0,040449139	-0,043932356	-0,04894143
45118	245,44824	-112,1	-112,08969	-0,29417276	-0,040471341	-0,043981504	-0,048927926
45118	245,64844	-112,1	-112,09375	-0,29381812	-0,040492766	-0,043958951	-0,048942439
45118	245,84863	-112,1	-112,1291	-0,29363036	-0,040437035	-0,043954618	-0,048951216
45118	246,04883	-112,1	-112,0893	-0,29355884	-0,04044361	-0,04390385	-0,048942588
45118	246,24902	-112,1	-112,06717	-0,29340088	-0,040460404	-0,043882914	-0,048986703
45118	246,44922	-112,1	-112,16533	-0,29291809	-0,040452246	-0,044050116	-0,04904655
45118	246,64941	-112,1	-112,08799	-0,29407442	-0,040491063	-0,043993078	-0,049029179
