MTS793|MPT|DEU|1|2|,|.|:|49|1|1|A

Bediener Information						Zeit:	17,422852	s	11.07.2023 10:29:30
Datum	11.7.2023
Prüfer	Mac, Sc
Probe 	TP2_CEMII-A-LL_420_oF E-Modul Probe 5
Masse	5399,6
Länge	300,3
Durchmesser	99,0
Bediener Information Ende

Datenerfassung						Zeit:	280,19043	s	11.07.2023 10:33:53
Datum	Laufzeit	Ch 1 Kraft Sollwert	Ch 1 Kraft	Ch 1 Weg	1470533	1470534	1281068
d	s	kN	kN	mm	mm	mm	mm
45118	17,932617	0,46324411	0,9198451	1,6932547	0,46530089	0,0050310926	0,3898955
45118	18,432617	-0,02019693	0,91958433	1,6448408	0,46526548	0,0049536824	0,38989908
45118	18,932617	-0,50363797	0,90928209	1,5578121	0,46523046	0,0050112247	0,38991973
45118	19,432617	-0,98707902	0,91806817	1,4283925	0,46525526	0,0049786647	0,38982096
45118	19,932617	-1,47052	0,92244351	1,2620687	0,46525633	0,0050220732	0,38988373
45118	20,432617	-1,9539611	0,91650724	1,0551304	0,46518174	0,0050200932	0,38986546
45118	20,932617	-2,437402	0,9235574	0,80094039	0,46528327	0,0050110184	0,38984758
45118	21,432617	-2,9208431	0,91672516	0,5033344	0,46528846	0,0050474107	0,38987833
45118	21,932617	-3,4042842	0,89727545	0,15480816	0,46518266	0,0049761003	0,38983983
45118	22,432617	-3,8877251	-4,3028088	0,0028163195	0,4637804	0,0030008093	0,38729057
45118	22,932617	-3,9000001	-4,4722404	0	0,46367952	0,0029016568	0,38725135
45118	23,432617	-3,9000001	-4,5220327	-2,682209e-05	0,46364439	0,0028244094	0,38725904
45118	23,932617	-3,9000001	-4,5283976	-0,00049769878	0,46360281	0,0029064461	0,38733259
45118	24,432617	-3,9000001	-4,5420713	-0,00074207783	0,46364689	0,0028744903	0,38722771
45118	24,932617	-3,9000001	-4,5653133	-0,0011414289	0,46365336	0,0028188298	0,38732284
45118	25,432617	-3,9000001	-4,5411043	-0,00074207783	0,46369416	0,0028394524	0,38733652
45118	25,932617	-3,9000001	-4,5587697	-0,00081956387	0,46367913	0,0027952848	0,38729167
45118	26,432617	-3,9000001	-4,5669003	-0,0010818243	0,46350864	0,0028333082	0,38733205
45118	26,932617	-3,9000001	-4,4977608	-0,0012546778	0,46364009	0,0028471558	0,38738203
45118	27,432617	-3,9000001	-4,4796557	-0,00088214874	0,46364164	0,0028603892	0,38738608
45118	27,932617	-3,9000001	-4,4467468	-0,0017255545	0,46363568	0,0028830357	0,38737148
45118	28,432617	-3,9000001	-4,4369826	-7,7486038e-05	0,46375942	0,0028494298	0,38736737
45118	28,932617	-3,9000001	-4,4128036	-0,00011622906	0,46374181	0,0029250395	0,38729945
45118	29,432617	-5,6519532	-5,7664957	-0,0055700541	-0,00051500445	-0,00044023522	-0,00068233657
45118	29,932617	-7,6019535	-7,7770753	-0,013875961	-0,0011677917	-0,00094442657	-0,0016701019
45118	30,432617	-9,5519533	-9,8630457	-0,02348423	-0,0019485605	-0,0016554717	-0,0027531427
45118	30,932617	-11,501953	-11,802025	-0,030723214	-0,0026171547	-0,0022856339	-0,0038270815
45118	31,432617	-13,451954	-13,80213	-0,03875494	-0,0034425962	-0,0028280101	-0,0049133645
45118	31,932617	-15,401954	-15,718271	-0,045317411	-0,0041438509	-0,0034497923	-0,0060307914
45118	32,432617	-17,351954	-17,701725	-0,053733587	-0,004881979	-0,0040879762	-0,0069720047
45118	32,932617	-19,301954	-19,662727	-0,05967021	-0,0055849669	-0,0046828766	-0,0080134021
45118	33,432617	-21,251953	-21,609858	-0,06750524	-0,0064763562	-0,0053937328	-0,0090330541
45118	33,932617	-23,201954	-23,527306	-0,073638558	-0,0072166063	-0,0060470146	-0,0099745058
45118	34,432617	-25,151955	-25,405399	-0,07917881	-0,0079510286	-0,0066502835	-0,010870565
45118	34,932617	-27,101954	-27,354527	-0,0859797	-0,0087545076	-0,0073359036	-0,011887095
45118	35,432617	-29,051954	-29,294239	-0,091031194	-0,0095586739	-0,0080766836	-0,01279291
45118	35,932617	-31,001953	-31,28878	-0,097292662	-0,010371206	-0,0087839141	-0,013675584
45118	36,432617	-32,951954	-33,165409	-0,10283887	-0,011163389	-0,0094941817	-0,014525181
45118	36,932617	-34,901955	-35,129299	-0,10915399	-0,011974249	-0,01022632	-0,015401668
45118	37,432617	-36,851955	-37,094864	-0,1155138	-0,012778445	-0,011078859	-0,016286841
45118	37,932617	-38,801952	-39,033459	-0,1204282	-0,013500676	-0,011848436	-0,017181026
45118	38,432617	-40,751953	-40,980484	-0,12585223	-0,014275976	-0,012685772	-0,018163823
45118	38,932617	-42,701954	-42,891293	-0,1311481	-0,015030749	-0,013466568	-0,01903671
45118	39,432617	-44,651955	-44,820709	-0,13651252	-0,015756087	-0,014253149	-0,019869205
45118	39,932617	-46,601955	-46,771156	-0,1409024	-0,016553441	-0,015205323	-0,020725107
45118	40,432617	-48,551956	-48,790367	-0,14724433	-0,017276449	-0,015992513	-0,021710819
45118	40,932617	-50,501953	-50,733883	-0,15164614	-0,017945014	-0,016893044	-0,022629932
45118	41,432617	-52,451954	-52,690594	-0,15680492	-0,018738901	-0,017713975	-0,023490742
45118	41,932617	-54,401955	-54,633438	-0,16191006	-0,019447565	-0,018459398	-0,02427002
45118	42,432617	-56,351955	-56,577858	-0,16642511	-0,02017628	-0,019383224	-0,02517435
45118	42,932617	-58,301956	-58,495426	-0,17193556	-0,020815173	-0,020167252	-0,026086383
45118	43,432617	-60,251953	-60,454918	-0,17717481	-0,021600753	-0,021072803	-0,02685394
45118	43,932617	-62,201954	-62,367947	-0,18144846	-0,022227723	-0,02192514	-0,027818237
45118	44,432617	-64,151955	-64,296288	-0,18593669	-0,022964746	-0,022765072	-0,028575532
45118	44,932617	-66,101952	-66,301659	-0,19134581	-0,02373416	-0,023685664	-0,029559014
45118	45,432617	-68,051956	-68,246147	-0,19552708	-0,024405204	-0,024429331	-0,030343199
45118	45,932617	-70,001953	-70,1987	-0,19972622	-0,025118681	-0,02528297	-0,031196335
45118	46,432617	-71,951958	-72,11834	-0,20497739	-0,025691565	-0,026111951	-0,032034807
45118	46,932617	-73,901955	-74,026634	-0,20964444	-0,026382929	-0,027007515	-0,032819707
45118	47,432617	-75,851952	-75,983986	-0,21467805	-0,027206786	-0,027802309	-0,033781681
45118	47,932617	-77,801956	-77,888397	-0,21798313	-0,027862173	-0,0285732	-0,03457848
45118	48,432617	-79,751953	-79,892891	-0,22351444	-0,028627165	-0,029503969	-0,035426233
45118	48,932617	-81,701958	-81,848389	-0,22804141	-0,029205637	-0,030287169	-0,036348291
45118	49,432617	-83,651955	-83,789085	-0,23265779	-0,029983956	-0,031074964	-0,037074294
45118	49,932617	-85,601952	-85,754234	-0,23669302	-0,030674722	-0,031968039	-0,037966218
45118	50,432617	-87,551956	-87,708908	-0,24051964	-0,031280953	-0,03275774	-0,038769472
45118	50,932617	-89,501953	-89,630836	-0,24528503	-0,032018006	-0,033601612	-0,03955901
45118	51,432617	-91,451958	-91,599464	-0,24940372	-0,032776482	-0,034548603	-0,040555939
45118	51,932617	-93,401955	-93,526855	-0,25429726	-0,033401512	-0,035204824	-0,041217722
45118	52,432617	-95,351959	-95,519829	-0,25911033	-0,034131244	-0,036073428	-0,042055834
45118	52,932617	-97,301956	-97,39608	-0,26346445	-0,034763712	-0,036943279	-0,042882975
45118	53,432617	-99,251953	-99,340263	-0,26785135	-0,035521142	-0,037763163	-0,043771893
45118	53,932617	-101,20196	-101,26046	-0,27117431	-0,036114018	-0,038493022	-0,044573452
45118	54,432617	-103,15195	-103,18331	-0,27588606	-0,036804814	-0,039330628	-0,045302637
45118	54,932617	-105,10196	-105,08659	-0,28061569	-0,037499078	-0,040087752	-0,046112821
45118	55,432617	-107,05196	-107,06692	-0,28377771	-0,038241718	-0,040952694	-0,047057752
45118	55,932617	-109,00195	-109,01025	-0,28780699	-0,038875949	-0,041765161	-0,047779057
45118	56,432617	-110,95196	-110,95754	-0,29228628	-0,039570838	-0,042593494	-0,048710573
45118	56,932617	-112,1	-112,20986	-0,29525161	-0,040003818	-0,043161064	-0,049240731
45118	57,432617	-112,1	-112,24455	-0,29600263	-0,040144738	-0,043218687	-0,049380474
45118	57,932617	-112,1	-112,27207	-0,29605925	-0,040258497	-0,043325648	-0,049374022
45118	58,432617	-112,1	-112,24239	-0,29703975	-0,040222786	-0,043332707	-0,04957293
45118	58,932617	-112,1	-112,16821	-0,29573739	-0,04029534	-0,043400463	-0,049491219
45118	59,432617	-112,1	-112,20856	-0,2967298	-0,040345211	-0,043350004	-0,049541309
45118	59,932617	-112,1	-112,18721	-0,29661059	-0,040361017	-0,043359034	-0,049604461
45118	60,432617	-112,1	-112,18728	-0,29750466	-0,040309027	-0,0434586	-0,049645748
45118	60,932617	-112,1	-112,18737	-0,29702485	-0,040286135	-0,043478642	-0,049653899
45118	61,432617	-112,1	-112,2067	-0,2971828	-0,040486041	-0,043428592	-0,04969551
45118	61,932617	-112,1	-112,2419	-0,29752851	-0,040419914	-0,043482948	-0,049739745
45118	62,432617	-112,1	-112,24391	-0,29646754	-0,040450871	-0,043469649	-0,049687985
45118	62,932617	-112,1	-112,25996	-0,29841959	-0,040535584	-0,04358289	-0,049725644
45118	63,432617	-112,1	-112,23131	-0,29706955	-0,040529311	-0,043640453	-0,049740192
45118	63,932617	-112,1	-112,25729	-0,29708743	-0,040596064	-0,043642167	-0,049803339
45118	64,432617	-112,1	-112,22096	-0,29841959	-0,04057264	-0,043645613	-0,049783558
45118	64,932617	-112,1	-112,24896	-0,29807687	-0,040601473	-0,04368645	-0,049891032
45118	65,432617	-112,1	-112,22164	-0,29730499	-0,040638167	-0,043634403	-0,049878001
45118	65,932617	-112,1	-112,22616	-0,29800534	-0,040629115	-0,043674488	-0,049870566
45118	66,432617	-112,1	-112,2289	-0,29733479	-0,040612709	-0,04372501	-0,04990986
45118	66,932617	-112,1	-112,24661	-0,29886365	-0,040671665	-0,043757882	-0,050015785
45118	67,432617	-112,1	-112,20901	-0,29835999	-0,040674265	-0,043771382	-0,049926281
45118	67,932617	-112,1	-112,18642	-0,29834807	-0,040618774	-0,043818049	-0,049883325
45118	68,432617	-112,1	-112,18493	-0,29850602	-0,040682603	-0,04384841	-0,049982291
45118	68,932617	-112,1	-112,18715	-0,2982676	-0,040683586	-0,043764848	-0,049865242
45118	69,432617	-112,1	-112,20744	-0,29893816	-0,040790174	-0,0438121	-0,049968816
45118	69,932617	-112,1	-112,16015	-0,29863417	-0,040759936	-0,043820545	-0,050032977
45118	70,432617	-112,1	-112,19651	-0,29884577	-0,040714663	-0,043886159	-0,050067719
45118	70,932617	-112,1	-112,22327	-0,29841661	-0,040779717	-0,043900497	-0,050061919
45118	71,432617	-112,1	-112,15897	-0,29810369	-0,040772904	-0,043901425	-0,050049812
45118	71,932617	-112,1	-112,18884	-0,29872954	-0,040769674	-0,043941736	-0,05015092
45118	72,432617	-112,1	-112,17386	-0,2979517	-0,040811092	-0,043935381	-0,050087709
45118	72,932617	-112,1	-112,17799	-0,29893816	-0,040768601	-0,043958467	-0,050062127
45118	73,432617	-112,1	-112,16791	-0,29931366	-0,040752821	-0,043925662	-0,050159782
45118	73,932617	-112,1	-112,19474	-0,29881597	-0,04081665	-0,043964516	-0,050112043
45118	74,432617	-112,1	-112,18582	-0,29928088	-0,040865805	-0,044010967	-0,05013679
45118	74,932617	-112,1	-112,15046	-0,30010045	-0,040844768	-0,04396772	-0,050183818
45118	75,432617	-112,1	-112,16979	-0,29904544	-0,040874887	-0,0439188	-0,050214186
45118	75,932617	-111,33067	-111,49923	-0,29962659	-0,040648837	-0,043744605	-0,049937852
45118	76,432617	-109,38066	-109,52298	-0,29560924	-0,040027693	-0,04311261	-0,049363758
45118	76,932617	-107,43066	-107,58951	-0,29104352	-0,039393283	-0,042403426	-0,048708074
45118	77,432617	-105,48066	-105,63646	-0,28840601	-0,038849205	-0,041678738	-0,047991946
45118	77,932617	-103,53066	-103,65645	-0,28392375	-0,038184136	-0,040967081	-0,047279119
45118	78,432617	-101,58067	-101,63294	-0,28029084	-0,037541509	-0,040178582	-0,046573851
45118	78,932617	-99,630661	-99,74366	-0,27779043	-0,036872882	-0,039566334	-0,045806054
45118	79,432617	-97,680664	-97,832291	-0,2735287	-0,036276452	-0,03892915	-0,04515852
45118	79,932617	-95,730659	-95,885048	-0,26962757	-0,035775464	-0,038133875	-0,044380967
45118	80,432617	-93,780663	-93,907936	-0,26600659	-0,035040203	-0,037465326	-0,043691464
45118	80,932617	-91,830666	-91,908394	-0,26215315	-0,034422766	-0,036698204	-0,042941246
45118	81,432617	-89,880661	-89,952682	-0,25738478	-0,033765376	-0,035899866	-0,042212415
45118	81,932617	-87,930664	-87,972763	-0,25437474	-0,033165447	-0,035184015	-0,041479751
45118	82,432617	-85,980659	-86,004845	-0,25067627	-0,032539047	-0,034465328	-0,040692084
45118	82,932617	-84,030663	-84,030128	-0,24642348	-0,031889487	-0,033691272	-0,039965782
45118	83,432617	-82,080666	-82,132225	-0,24165809	-0,0312139	-0,032970261	-0,03930195
45118	83,932617	-80,130661	-80,173996	-0,23881793	-0,030635966	-0,032174349	-0,038490485
45118	84,432617	-78,180664	-78,192986	-0,23382902	-0,029877428	-0,031340387	-0,037710972
45118	84,932617	-76,230659	-76,21756	-0,23020804	-0,029183585	-0,030587355	-0,036986515
45118	85,432617	-74,280663	-74,306671	-0,22663474	-0,028585779	-0,029694133	-0,036211073
45118	85,932617	-72,330658	-72,357483	-0,22229552	-0,027957823	-0,029007971	-0,035406034
45118	86,432617	-70,380661	-70,416023	-0,21828413	-0,02729132	-0,028273351	-0,034652401
45118	86,932617	-68,430664	-68,442818	-0,21328926	-0,026616331	-0,027517894	-0,033874221
45118	87,432617	-66,480659	-66,490273	-0,20909309	-0,025887705	-0,026611462	-0,032985359
45118	87,932617	-64,530663	-64,537567	-0,20402372	-0,025222279	-0,025893174	-0,032233629
45118	88,432617	-62,580662	-62,617027	-0,19937754	-0,024561215	-0,025085865	-0,031423561
45118	88,932617	-60,630661	-60,723133	-0,19614398	-0,023871763	-0,024294956	-0,03056775
45118	89,432617	-58,68066	-58,794792	-0,1909107	-0,023197073	-0,02354675	-0,029770179
45118	89,932617	-56,730659	-56,872429	-0,18613935	-0,022561587	-0,022645928	-0,029000418
45118	90,432617	-54,780663	-54,885139	-0,18132627	-0,021790739	-0,021883542	-0,028140649
45118	90,932617	-52,830662	-52,966431	-0,17647445	-0,021180173	-0,02087822	-0,027288912
45118	91,432617	-50,880661	-51,00349	-0,1712203	-0,020442553	-0,020129949	-0,026443657
45118	91,932617	-48,93066	-49,067242	-0,16661882	-0,019737534	-0,019272288	-0,025661048
45118	92,432617	-46,980659	-47,10289	-0,16059279	-0,019023878	-0,018435275	-0,024723671
45118	92,932617	-45,030663	-45,114334	-0,15650094	-0,018177669	-0,017646736	-0,023910334
45118	93,432617	-43,080662	-43,155308	-0,15133023	-0,017494522	-0,01665929	-0,023025906
45118	93,932617	-41,130661	-41,184711	-0,14548898	-0,016689401	-0,01590215	-0,022121578
45118	94,432617	-39,18066	-39,232159	-0,13941228	-0,015915684	-0,015017739	-0,021274509
45118	94,932617	-37,230659	-37,340603	-0,13545156	-0,015170444	-0,014212529	-0,020346176
45118	95,432617	-35,280663	-35,408218	-0,12988448	-0,01438606	-0,013419406	-0,019465644
45118	95,932617	-33,330662	-33,405735	-0,12412369	-0,013609624	-0,012566997	-0,018540315
45118	96,432617	-31,380661	-31,415493	-0,11792481	-0,012718054	-0,01170961	-0,017630007
45118	96,932617	-29,43066	-29,461823	-0,11195838	-0,011933102	-0,010868626	-0,016698193
45118	97,432617	-27,480661	-27,509336	-0,10616481	-0,011076883	-0,010097957	-0,015805852
45118	97,932617	-25,530661	-25,627228	-0,1008302	-0,01023919	-0,0092836777	-0,014793131
45118	98,432617	-23,58066	-23,664732	-0,093483925	-0,0092988256	-0,0086804675	-0,013860811
45118	98,932617	-21,630661	-21,714092	-0,086414814	-0,0084220478	-0,0079274466	-0,012842169
45118	99,432617	-19,68066	-19,720394	-0,079742074	-0,0074753184	-0,0071386285	-0,011842952
45118	99,932617	-17,730659	-17,815123	-0,072413683	-0,0066286614	-0,006445128	-0,01088398
45118	100,43262	-15,780661	-15,879965	-0,065127015	-0,0056718616	-0,0057635759	-0,0097550722
45118	100,93262	-13,83066	-13,906642	-0,057974458	-0,0048085009	-0,0050701029	-0,0085654221
45118	101,43262	-11,88066	-12,027499	-0,051409006	-0,0040453025	-0,0044143042	-0,0073763081
45118	101,93262	-9,9306602	-10,07537	-0,042432547	-0,003161174	-0,0037219981	-0,0061561693
45118	102,43262	-7,98066	-8,1261826	-0,033423305	-0,0024037126	-0,0030362124	-0,004993232
45118	102,93262	-6,0306602	-6,1944237	-0,022527575	-0,001632954	-0,002359106	-0,0037036666
45118	103,43262	-4,0806599	-4,4923759	-0,013417006	-0,00096507679	-0,0016372905	-0,0024482494
45118	103,93262	-5,6557617	-5,0546303	-0,014340878	-0,0010462942	-0,0017469387	-0,002607597
45118	104,43262	-7,605762	-7,419312	-0,024950504	-0,0018223716	-0,0023787613	-0,0038458509
45118	104,93262	-9,5557623	-9,4131346	-0,032785535	-0,0024640132	-0,0030273423	-0,0047952146
45118	105,43262	-11,505762	-11,396806	-0,04132092	-0,0031361633	-0,0035178089	-0,0059550591
45118	105,93262	-13,455762	-13,326532	-0,047823787	-0,0038865129	-0,0041559725	-0,0069142384
45118	106,43262	-15,405762	-15,25756	-0,055098534	-0,004544171	-0,0048054736	-0,0078434944
45118	106,93262	-17,355762	-17,269417	-0,062060356	-0,0052650278	-0,0053277928	-0,0089243045
45118	107,43262	-19,305761	-19,222897	-0,068375468	-0,0060004666	-0,0059748595	-0,0099489838
45118	107,93262	-21,255762	-21,148302	-0,075176358	-0,006743615	-0,0066701584	-0,010864111
45118	108,43262	-23,205763	-23,081453	-0,081849098	-0,0075772735	-0,0072639855	-0,011704545
45118	108,93262	-25,155762	-25,026449	-0,087115169	-0,0083411597	-0,0079801865	-0,012664855
45118	109,43262	-27,105762	-27,023214	-0,094017386	-0,0090735806	-0,0086925328	-0,013559487
45118	109,93262	-29,055763	-29,002529	-0,099855661	-0,0099785961	-0,0094435103	-0,014559567
45118	110,43262	-31,005762	-30,907413	-0,10457039	-0,010663177	-0,010122834	-0,0154166
45118	110,93262	-32,955761	-32,89056	-0,1119405	-0,011390996	-0,010827346	-0,016324855
45118	111,43262	-34,905762	-34,8391	-0,11593997	-0,012120428	-0,011580944	-0,017317381
45118	111,93262	-36,855762	-36,730137	-0,12167096	-0,01276446	-0,012461659	-0,01810918
45118	112,43262	-38,805763	-38,66785	-0,12735128	-0,013480626	-0,01321091	-0,018991645
45118	112,93262	-40,755764	-40,67506	-0,13237	-0,01433057	-0,014010947	-0,019978341
45118	113,43262	-42,705761	-42,580288	-0,13687313	-0,014950787	-0,01481666	-0,020837545
45118	113,93262	-44,655762	-44,547997	-0,14237761	-0,015746705	-0,01559608	-0,021771055
45118	114,43262	-46,605762	-46,459084	-0,1473695	-0,016313195	-0,016493266	-0,022537483
45118	114,93262	-48,555763	-48,450481	-0,15246272	-0,016999988	-0,017319648	-0,023487352
45118	115,43262	-50,505764	-50,465878	-0,15865564	-0,017672317	-0,018171579	-0,024358781
45118	115,93262	-52,455765	-52,428299	-0,16307533	-0,018426133	-0,018990908	-0,0252386
45118	116,43262	-54,405762	-54,402454	-0,167045	-0,019185178	-0,019866226	-0,026095305
45118	116,93262	-56,355762	-56,292995	-0,17347336	-0,019810714	-0,02059838	-0,026985772
45118	117,43262	-58,305763	-58,277821	-0,17812252	-0,020435441	-0,021416761	-0,027817046
45118	117,93262	-60,255764	-60,274796	-0,18307865	-0,021186568	-0,022251522	-0,028773459
45118	118,43262	-62,205765	-62,190605	-0,1865983	-0,02182089	-0,023098379	-0,029590158
45118	118,93262	-64,155762	-64,143234	-0,19224584	-0,022498298	-0,023943866	-0,030463878
45118	119,43262	-66,105766	-66,034348	-0,19522309	-0,023153147	-0,024752492	-0,031321239
45118	119,93262	-68,055763	-67,951942	-0,20000935	-0,02380722	-0,025593899	-0,032108311
45118	120,43262	-70,00576	-69,943291	-0,2046138	-0,024558166	-0,026413532	-0,03296781
45118	120,93262	-71,955765	-71,818436	-0,20945072	-0,02516631	-0,027251188	-0,033785284
45118	121,43262	-73,905762	-73,852058	-0,21395981	-0,025944032	-0,028146826	-0,034776676
45118	121,93262	-75,855766	-75,8386	-0,21803081	-0,026605964	-0,028917551	-0,035538614
45118	122,43262	-77,805763	-77,8088	-0,22309721	-0,027316839	-0,029776135	-0,036541458
45118	122,93262	-79,75576	-79,730888	-0,22675395	-0,027901378	-0,030582143	-0,037219126
45118	123,43262	-81,705765	-81,691467	-0,23223758	-0,02862582	-0,031408869	-0,038075384
45118	123,93262	-83,655762	-83,665039	-0,23600459	-0,02930036	-0,032205284	-0,038906034
45118	124,43262	-85,605766	-85,607262	-0,24152994	-0,029877728	-0,033033047	-0,039718151
45118	124,93262	-87,555763	-87,582779	-0,24531186	-0,030704513	-0,033862785	-0,040576048
45118	125,43262	-89,50576	-89,483978	-0,24947524	-0,031271603	-0,03472805	-0,041307792
45118	125,93262	-91,455765	-91,4151	-0,25258958	-0,031987738	-0,035545602	-0,042198494
45118	126,43262	-93,405762	-93,414925	-0,25764704	-0,032635145	-0,036375184	-0,042999756
45118	126,93262	-95,355766	-95,377312	-0,26216209	-0,033345036	-0,037115663	-0,043883175
45118	127,43262	-97,305763	-97,298203	-0,26588142	-0,033989307	-0,037930612	-0,044714388
45118	127,93262	-99,255768	-99,255638	-0,26979744	-0,034655031	-0,038777415	-0,045539472
45118	128,43262	-101,20576	-101,17191	-0,27413964	-0,035346128	-0,039587937	-0,046300992
45118	128,93262	-103,15576	-103,09274	-0,27840137	-0,03598009	-0,04037191	-0,047134556
45118	129,43262	-105,10577	-105,09117	-0,28239787	-0,036656395	-0,041103709	-0,047913954
45118	129,93262	-107,05576	-107,01639	-0,2869308	-0,03729941	-0,041933533	-0,048728835
45118	130,43262	-109,00577	-108,91603	-0,29092133	-0,038019877	-0,04279542	-0,049548361
45118	130,93262	-110,95576	-110,84236	-0,29540062	-0,038649864	-0,043520533	-0,050309047
45118	131,43262	-112,1	-112,07541	-0,29811561	-0,039094888	-0,044033088	-0,050915413
45118	131,93262	-112,1	-112,10979	-0,29779077	-0,039155398	-0,044139754	-0,050993912
45118	132,43262	-112,1	-112,13914	-0,29985607	-0,039238706	-0,044173006	-0,051069405
45118	132,93262	-112,1	-112,13615	-0,29907525	-0,039287444	-0,044244796	-0,05101411
45118	133,43262	-112,1	-112,14432	-0,29927492	-0,039307702	-0,044275239	-0,050989121
45118	133,93262	-112,1	-112,15556	-0,29876232	-0,039383721	-0,044385597	-0,051173873
45118	134,43262	-112,1	-112,14582	-0,29999018	-0,039349057	-0,044303667	-0,051062357
45118	134,93262	-112,1	-112,14059	-0,30043721	-0,03935593	-0,044417899	-0,051127858
45118	135,43262	-112,1	-112,10875	-0,29922724	-0,039323866	-0,044382468	-0,0511778
45118	135,93262	-112,1	-112,12482	-0,29932261	-0,03940646	-0,044356037	-0,051228844
45118	136,43262	-112,1	-112,14137	-0,29961467	-0,039435744	-0,04444905	-0,051275693
45118	136,93262	-112,1	-112,11884	-0,2997607	-0,03941435	-0,044418938	-0,051217005
45118	137,43262	-112,1	-112,09097	-0,30060112	-0,039473455	-0,044445906	-0,051252432
45118	137,93262	-112,1	-112,07343	-0,2995342	-0,039408222	-0,044454243	-0,051302761
45118	138,43262	-112,1	-112,04528	-0,30045807	-0,039437864	-0,04440758	-0,051318169
45118	138,93262	-112,1	-112,05299	-0,30027032	-0,039511345	-0,044479355	-0,051326856
45118	139,43262	-112,1	-112,06949	-0,29951334	-0,039451372	-0,044419169	-0,051415615
45118	139,93262	-112,1	-112,09219	-0,30034482	-0,039498646	-0,044476226	-0,051434983
45118	140,43262	-112,1	-112,11938	-0,30018091	-0,039522219	-0,044551406	-0,051408894
45118	140,93262	-112,1	-112,12186	-0,30018985	-0,039507698	-0,04444772	-0,051410411
45118	141,43262	-112,1	-112,12764	-0,30023158	-0,039518066	-0,044586282	-0,051458955
45118	141,93262	-112,1	-112,15927	-0,30033588	-0,039617483	-0,044528283	-0,051459789
45118	142,43262	-112,1	-112,13133	-0,29995143	-0,03968839	-0,04459269	-0,051423468
45118	142,93262	-112,1	-112,10349	-0,30057132	-0,039572779	-0,044546742	-0,051453542
45118	143,43262	-112,1	-112,1179	-0,30053258	-0,039574154	-0,044580452	-0,051455952
45118	143,93262	-112,1	-112,12342	-0,30068457	-0,039594863	-0,044577464	-0,051434267
45118	144,43262	-112,1	-112,09973	-0,30048788	-0,039602991	-0,044647925	-0,051433612
45118	144,93262	-112,1	-112,06071	-0,30095577	-0,03965776	-0,044640336	-0,051501345
45118	145,43262	-112,1	-112,08617	-0,30124187	-0,039613627	-0,044672865	-0,051429655
45118	145,93262	-112,1	-112,09005	-0,30070841	-0,039688688	-0,044651657	-0,051550988
45118	146,43262	-112,1	-112,08611	-0,30092597	-0,039661974	-0,044673279	-0,051561162
45118	146,93262	-112,1	-112,08171	-0,3013432	-0,039664906	-0,044661686	-0,051537275
45118	147,43262	-112,1	-112,07575	-0,30041933	-0,039642312	-0,044610649	-0,051531415
45118	147,93262	-112,1	-112,07835	-0,30101836	-0,03965044	-0,04470988	-0,051489238
45118	148,43262	-112,1	-112,09174	-0,30166209	-0,039665084	-0,04469049	-0,05146797
45118	148,93262	-112,1	-112,116	-0,3017664	-0,039747018	-0,044684082	-0,051481474
45118	149,43262	-112,1	-112,12099	-0,30105412	-0,039695382	-0,044688366	-0,051606316
45118	149,93262	-112,1	-112,09243	-0,30163229	-0,039675631	-0,044667356	-0,05151717
45118	150,43262	-112,1	-112,08393	-0,30137599	-0,039714146	-0,044648983	-0,051534094
45118	150,93262	-112,1	-112,08975	-0,30165613	-0,039680503	-0,044736575	-0,051565506
45118	151,43262	-111,32304	-111,36429	-0,30044317	-0,03946216	-0,044514433	-0,051270459
45118	151,93262	-109,37305	-109,3466	-0,29729009	-0,038833246	-0,043733273	-0,050541539
45118	152,43262	-107,42304	-107,41119	-0,29323399	-0,038266487	-0,043177437	-0,049886867
45118	152,93262	-105,47305	-105,52435	-0,29011071	-0,03777007	-0,042514917	-0,049282551
45118	153,43262	-103,52305	-103,6031	-0,28581917	-0,03708997	-0,041725177	-0,048599385
45118	153,93262	-101,57304	-101,64324	-0,28236806	-0,036518194	-0,041009113	-0,047866449
45118	154,43262	-99,623047	-99,681656	-0,27906895	-0,035855722	-0,040277004	-0,047138959
45118	154,93262	-97,673042	-97,706245	-0,27579367	-0,035228815	-0,039645478	-0,046324104
45118	155,43262	-95,723045	-95,7593	-0,27115941	-0,03459321	-0,038870353	-0,045658249
45118	155,93262	-93,773048	-93,807503	-0,26803017	-0,033999078	-0,038156696	-0,044963773
45118	156,43262	-91,823044	-91,860138	-0,26326478	-0,033324625	-0,037411768	-0,044198032
45118	156,93262	-89,873047	-89,908279	-0,2600193	-0,032751773	-0,036682099	-0,043557875
45118	157,43262	-87,923042	-87,925949	-0,2564162	-0,032089096	-0,035958931	-0,042720146
45118	157,93262	-85,973045	-86,007538	-0,25188625	-0,031419452	-0,035217106	-0,041958924
45118	158,43262	-84,023048	-84,097992	-0,24826825	-0,030851051	-0,034428112	-0,041270904
45118	158,93262	-82,073044	-82,178055	-0,24460554	-0,030240577	-0,033723578	-0,0405115
45118	159,43262	-80,123047	-80,243248	-0,24052858	-0,029560955	-0,032945003	-0,039744299
45118	159,93262	-78,173042	-78,269806	-0,23677945	-0,028821183	-0,032176755	-0,039011244
45118	160,43262	-76,223045	-76,269432	-0,23313165	-0,028267005	-0,031383295	-0,038267303
45118	160,93262	-74,273041	-74,293724	-0,22746921	-0,027544027	-0,030583292	-0,037402626
45118	161,43262	-72,323044	-72,358719	-0,22407174	-0,026897604	-0,02978484	-0,036621653
45118	161,93262	-70,373047	-70,40799	-0,21987259	-0,026260057	-0,029019054	-0,035844725
45118	162,43262	-68,423042	-68,427322	-0,21463335	-0,025599351	-0,028271837	-0,035051469
45118	162,93262	-66,473045	-66,49617	-0,2110064	-0,024966046	-0,027427262	-0,034221563
45118	163,43262	-64,523041	-64,575478	-0,20755827	-0,02429536	-0,02664593	-0,033445019
45118	163,93262	-62,573044	-62,595097	-0,20195544	-0,023616398	-0,025907462	-0,032713663
45118	164,43262	-60,623043	-60,677208	-0,19741356	-0,022897633	-0,02496789	-0,031758409
45118	164,93262	-58,673042	-58,692322	-0,19248426	-0,022164166	-0,024171395	-0,030961374
45118	165,43262	-56,723045	-56,746555	-0,18834174	-0,021538062	-0,023373894	-0,030140661
45118	165,93262	-54,773045	-54,82951	-0,18441975	-0,020900097	-0,022502005	-0,029296389
45118	166,43262	-52,823044	-52,930367	-0,17894506	-0,020146729	-0,0217031	-0,028503755
45118	166,93262	-50,873043	-50,948391	-0,1729697	-0,019465046	-0,020886267	-0,027676795
45118	167,43262	-48,923042	-48,975414	-0,16851127	-0,018854003	-0,019956054	-0,02684677
45118	167,93262	-46,973045	-46,991535	-0,1635015	-0,018154601	-0,0191135	-0,025941521
45118	168,43262	-45,023045	-45,04874	-0,15788376	-0,017401055	-0,018310273	-0,024946408
45118	168,93262	-43,073044	-43,10989	-0,15252531	-0,016665136	-0,017427636	-0,024146784
45118	169,43262	-41,123043	-41,170898	-0,14719963	-0,015987907	-0,016640827	-0,023222584
45118	169,93262	-39,173042	-39,226467	-0,14116168	-0,015195664	-0,015753714	-0,022376083
45118	170,43262	-37,223045	-37,231697	-0,13630986	-0,014512876	-0,014876901	-0,021385878
45118	170,93262	-35,273045	-35,293968	-0,13170838	-0,013673868	-0,014041346	-0,020494785
45118	171,43262	-33,323044	-33,337543	-0,12584627	-0,012949725	-0,013153666	-0,019544946
45118	171,93262	-31,373043	-31,370701	-0,11979043	-0,012121295	-0,012286634	-0,018658882
45118	172,43262	-29,423044	-29,443529	-0,11372566	-0,011410657	-0,011489119	-0,017649341
45118	172,93262	-27,473043	-27,524012	-0,10869503	-0,010629381	-0,010685407	-0,01672776
45118	173,43262	-25,523043	-25,584826	-0,10266304	-0,0098302653	-0,0099057173	-0,015756356
45118	173,93262	-23,573044	-23,646917	-0,095716119	-0,0089617344	-0,0091448668	-0,014747203
45118	174,43262	-21,623043	-21,686417	-0,087597966	-0,0081041707	-0,0083798496	-0,01373582
45118	174,93262	-19,673042	-19,743057	-0,082564354	-0,0072191758	-0,0076916842	-0,012613455
45118	175,43262	-17,723043	-17,83943	-0,075659156	-0,0063264119	-0,0069744331	-0,011622536
45118	175,93262	-15,773043	-15,899062	-0,069305301	-0,0054124324	-0,0062682219	-0,010614722
45118	176,43262	-13,823043	-13,911859	-0,061073899	-0,0045874389	-0,0055090445	-0,0093700439
45118	176,93262	-11,873043	-11,946718	-0,052064657	-0,0037700955	-0,0048598852	-0,0080182506
45118	177,43262	-9,9230433	-9,9891634	-0,044351816	-0,0029480008	-0,0041671102	-0,0068370188
45118	177,93262	-7,973043	-8,1077709	-0,035488605	-0,0021460161	-0,0034151976	-0,0057155169
45118	178,43262	-6,0230427	-6,1637702	-0,026065111	-0,0014709973	-0,0027492212	-0,0043898402
45118	178,93262	-4,0730429	-4,4700465	-0,015640259	-0,00088825193	-0,0020419226	-0,0031979599
45118	179,43262	-3,9000001	-4,2769537	-0,014060736	-0,00079080893	-0,0019074415	-0,0029696021
45118	179,93262	-3,9000001	-3,8673689	-0,011992455	-0,00059601269	-0,0017646617	-0,002583503
45118	180,43262	-3,9000001	-3,8095338	-0,0089496374	-0,00058098236	-0,0016486238	-0,0024884655
45118	180,93262	-3,9000001	-3,8053653	-0,009572506	-0,00051584112	-0,0016050327	-0,0024421515
45118	181,43262	-3,9000001	-3,8246994	-0,010487437	-0,00053382968	-0,0016089178	-0,0023628196
45118	181,93262	-3,9000001	-3,8366148	-0,010097027	-0,00048945594	-0,0015398627	-0,0023106756
45118	182,43262	-3,9000001	-3,858011	-0,01000762	-0,0004547936	-0,0015389259	-0,0023424737
45118	182,93262	-3,9000001	-3,8465316	-0,0096410513	-0,00049480464	-0,0014330462	-0,0022765871
45118	183,43262	-3,9000001	-3,8257613	-0,0098615885	-0,00041983245	-0,0014604181	-0,0021779502
45118	183,93262	-3,9000001	-3,8349702	-0,0087738037	-0,00044194463	-0,0013753282	-0,0021705138
45118	184,43262	-3,9000001	-3,8378665	-0,0090152025	-0,00025925029	-0,0014011558	-0,0021394594
45118	184,93262	-3,9000001	-3,8038249	-0,0079661608	-0,00097015663	-0,0024047552	-0,0011089493
45118	185,43262	-3,9000001	-3,8432961	-0,0083208084	-0,0009575467	-0,0017933657	-0,00086976419
45118	185,93262	-3,9000001	-3,8385837	-0,0088602304	-0,001000277	-0,0015681727	-0,00095132692
45118	186,43262	-3,9000001	-3,8466024	-0,0089615583	-0,0004309483	-0,0016558046	-0,00097473676
45118	186,93262	-3,9000001	-3,8435998	-0,007712841	-0,00051572156	-0,0016145807	-0,0010262564
45118	187,43262	-3,9000001	-3,8328207	-0,0082403421	-0,00045557049	-0,0016446051	-0,0010337522
45118	187,93262	-3,9000001	-3,8116479	-0,0081807375	-0,00037169366	-0,0015831742	-0,00092036161
45118	188,43262	-3,9000001	-3,8235261	-0,0077396631	-0,00042296998	-0,0015988859	-0,0010009725
45118	188,93262	-3,9000001	-3,8284118	-0,0084280968	-0,00036326711	-0,0015731193	-0,00090661913
45118	189,43262	-3,9000001	-3,8328524	-0,0085294247	-0,00043868757	-0,0014795666	-0,00088787935
45118	189,93262	-3,9000001	-3,8391237	-0,0083565712	-0,00035558763	-0,0015738298	-0,00096248154
45118	190,43262	-3,9000001	-3,8392429	-0,0084251165	-0,00041633635	-0,0015996834	-0,00097509369
45118	190,93262	-3,9000001	-3,8386135	-0,0082761049	-0,00038929374	-0,001489272	-0,00090394198
45118	191,43262	-3,9000001	-3,8586836	-0,0082969666	-0,00037805838	-0,0015251609	-0,00086717634
45118	191,93262	-3,9000001	-3,8765519	-0,0087708235	-0,00031623393	-0,001437019	-0,00094249245
45118	192,43262	-3,9000001	-3,888577	-0,0075399876	-0,00037784921	-0,0015300058	-0,00088933686
45118	192,93262	-3,9000001	-3,8657987	-0,0077158213	-0,00037710217	-0,0014439876	-0,00085060799
45118	193,43262	-3,9000001	-3,8647537	-0,0077337027	-0,00028862362	-0,0014992061	-0,00080387748
45118	193,93262	-3,9000001	-3,8687661	-0,007468462	-0,00033383403	-0,0014389375	-0,00082954799
45118	194,43262	-3,9000001	-3,8930063	-0,00846982	-0,00039278987	-0,0014407811	-0,00085834187
45118	194,93262	-3,9000001	-3,8780773	-0,008225441	-0,00035230067	-0,0014795143	-0,00081631116
45118	195,43262	-3,9000001	-3,8951895	-0,007879734	-0,00031889338	-0,0014956163	-0,00087925309
45118	195,93262	-3,9000001	-3,8620865	-0,0076562166	-0,00027741812	-0,0014962716	-0,00082246854
45118	196,43262	-3,9000001	-3,8618817	-0,0073343515	-0,00034503953	-0,0014206268	-0,00085825264
45118	196,93262	-3,9000001	-3,8611069	-0,0090658665	-0,00042288034	-0,0014242295	-0,0007911463
45118	197,43262	-3,9000001	-3,8539486	-0,0078082085	-0,0002764918	-0,0013930559	-0,0007669928
45118	197,93262	-3,9000001	-3,8612204	-0,0076532364	-0,00033233996	-0,0013512933	-0,00077924802
45118	198,43262	-3,9000001	-3,8682723	0,0010937452	5,7880105e-05	-8,7380849e-06	-0,00013332021
45118	198,93262	-3,9000001	-3,8665233	0,00095069408	6,4394233e-05	6,4621403e-05	6,4131724e-05
45118	199,43262	-5,5605469	-4,8554296	-0,0042706728	-0,00024986753	-0,00020898454	-0,00047212371
45118	199,93262	-7,5105472	-7,2914619	-0,015586615	-0,0010996623	-0,0010333376	-0,0016930358
45118	200,43262	-9,4605474	-9,3189545	-0,023081899	-0,0018053394	-0,0016926011	-0,002704449
45118	200,93262	-11,410547	-11,266437	-0,030460954	-0,0025419437	-0,0023419708	-0,0036310276
45118	201,43262	-13,360547	-13,225068	-0,038132071	-0,0032889165	-0,0029117994	-0,0047230516
45118	201,93262	-15,310547	-15,221311	-0,046148896	-0,0041062604	-0,0035838268	-0,0055547412
45118	202,43262	-17,260548	-17,186537	-0,05261004	-0,0049594613	-0,0042197551	-0,0064424421
45118	202,93262	-19,210546	-19,184465	-0,058919191	-0,0057479395	-0,0049294005	-0,0074367221
45118	203,43262	-21,160547	-21,141476	-0,065252185	-0,0065842876	-0,005626943	-0,0082820943
45118	203,93262	-23,110548	-23,110144	-0,071489811	-0,0074086832	-0,0063169398	-0,0091848765
45118	204,43262	-25,060547	-25,038507	-0,076705217	-0,008183267	-0,0070080254	-0,010114846
45118	204,93262	-27,010548	-26,966288	-0,083601475	-0,0090161487	-0,0077002263	-0,010957572
45118	205,43262	-28,960548	-28,867239	-0,089535117	-0,0098186415	-0,0083576581	-0,011817846
45118	205,93262	-30,910547	-30,857014	-0,095921755	-0,010628664	-0,0091735385	-0,012688116
45118	206,43262	-32,860546	-32,850719	-0,10169446	-0,011463786	-0,009894127	-0,013688047
45118	206,93262	-34,810547	-34,790058	-0,10794401	-0,012234694	-0,010620948	-0,014482615
45118	207,43262	-36,760548	-36,667416	-0,11297166	-0,012967953	-0,011416729	-0,015402857
45118	207,93262	-38,710548	-38,631527	-0,1170963	-0,01364339	-0,01222007	-0,01634288
45118	208,43262	-40,660549	-40,563576	-0,12208521	-0,014402046	-0,013062412	-0,017282132
45118	208,93262	-42,610546	-42,524063	-0,12834668	-0,015099088	-0,013782015	-0,018104153
45118	209,43262	-44,560547	-44,48193	-0,13350546	-0,015816089	-0,01464801	-0,019063661
45118	209,93262	-46,510548	-46,431858	-0,13880432	-0,016570741	-0,015518388	-0,019926285
45118	210,43262	-48,460548	-48,345745	-0,14304817	-0,01725374	-0,016323987	-0,020772878
45118	210,93262	-50,410549	-50,336777	-0,14877617	-0,01794585	-0,017072689	-0,021638745
45118	211,43262	-52,36055	-52,272255	-0,15253127	-0,018751271	-0,017863953	-0,022572493
45118	211,93262	-54,310547	-54,271587	-0,15821755	-0,019555287	-0,018763414	-0,023437647
45118	212,43262	-56,260548	-56,187614	-0,16359985	-0,02017431	-0,019693399	-0,024330404
45118	212,93262	-58,210548	-58,143703	-0,16843081	-0,020848311	-0,020499241	-0,025186962
45118	213,43262	-60,160549	-60,097958	-0,1724273	-0,021591431	-0,021304792	-0,026142186
45118	213,93262	-62,11055	-62,02512	-0,17760694	-0,022224167	-0,02219039	-0,026914829
45118	214,43262	-64,060547	-63,997456	-0,18238425	-0,02295886	-0,022932958	-0,027688842
45118	214,93262	-66,010551	-65,99752	-0,18666387	-0,023637313	-0,023853658	-0,028544091
45118	215,43262	-67,960548	-67,9804	-0,19211173	-0,024323808	-0,02472784	-0,029408589
45118	215,93262	-69,910545	-69,84375	-0,19723475	-0,025043439	-0,025549129	-0,030283768
45118	216,43262	-71,86055	-71,797096	-0,20067692	-0,025764296	-0,026329823	-0,031054925
45118	216,93262	-73,810547	-73,731049	-0,20513237	-0,026419593	-0,027168011	-0,031973355
45118	217,43262	-75,760551	-75,6819	-0,20971894	-0,027085379	-0,027964344	-0,032718722
45118	217,93262	-77,710548	-77,617516	-0,21373332	-0,027745428	-0,028808452	-0,033625159
45118	218,43262	-79,660545	-79,59407	-0,21971166	-0,028413424	-0,029654009	-0,034452002
45118	218,93262	-81,61055	-81,588577	-0,22366643	-0,029195059	-0,030450299	-0,035364751
45118	219,43262	-83,560547	-83,578621	-0,22769272	-0,029916395	-0,03139919	-0,036172077
45118	219,93262	-85,510551	-85,559784	-0,23262501	-0,030525913	-0,032237973	-0,037069891
45118	220,43262	-87,460548	-87,462776	-0,23681819	-0,0311787	-0,03300022	-0,03787151
45118	220,93262	-89,410545	-89,331635	-0,24036467	-0,031870034	-0,033811715	-0,038583353
45118	221,43262	-91,36055	-91,265869	-0,24510026	-0,032600213	-0,034615058	-0,039457429
45118	221,93262	-93,310547	-93,199722	-0,24991333	-0,033257306	-0,035444532	-0,040308662
45118	222,43262	-95,260551	-95,176796	-0,25466681	-0,033932023	-0,036191374	-0,041035917
45118	222,93262	-97,210548	-97,128777	-0,2584368	-0,034625959	-0,037063122	-0,04192644
45118	223,43262	-99,160553	-99,069962	-0,26178956	-0,035325211	-0,037814457	-0,0427288
45118	223,93262	-101,11055	-101,05207	-0,26575625	-0,036017891	-0,038673773	-0,043521494
45118	224,43262	-103,06055	-103,04857	-0,27057528	-0,036723386	-0,039552562	-0,044348486
45118	224,93262	-105,01055	-105,01978	-0,27492046	-0,037436265	-0,040323809	-0,045223814
45118	225,43262	-106,96055	-106,94575	-0,27869642	-0,038035985	-0,041144386	-0,045987591
45118	225,93262	-108,91055	-108,84267	-0,28294623	-0,038728692	-0,041872412	-0,046876244
45118	226,43262	-110,86055	-110,78172	-0,28815567	-0,039345056	-0,042678338	-0,047613788
45118	226,93262	-112,1	-112,11697	-0,2905339	-0,039936583	-0,043250829	-0,04816819
45118	227,43262	-112,1	-112,1115	-0,2908349	-0,039921973	-0,043352965	-0,048262246
45118	227,93262	-112,1	-112,09205	-0,29162765	-0,039993208	-0,043329123	-0,048313882
45118	228,43262	-112,1	-112,11458	-0,29137135	-0,040008686	-0,043415934	-0,048361089
45118	228,93262	-112,1	-112,13849	-0,29147267	-0,039989714	-0,043488063	-0,048403271
45118	229,43262	-112,1	-112,1411	-0,29120147	-0,040106043	-0,043502517	-0,048401009
45118	229,93262	-112,1	-112,1115	-0,29197335	-0,040083241	-0,043456696	-0,048464902
45118	230,43262	-112,1	-112,07365	-0,29062033	-0,040142108	-0,043538939	-0,048470289
45118	230,93262	-112,1	-112,0999	-0,29142499	-0,040123731	-0,043554332	-0,048425488
45118	231,43262	-112,1	-112,11456	-0,29186308	-0,040155318	-0,043544956	-0,048516154
45118	231,93262	-112,1	-112,17355	-0,29164851	-0,040162757	-0,043563589	-0,048529241
45118	232,43262	-112,1	-112,18383	-0,29217601	-0,040246513	-0,043565158	-0,048619341
45118	232,93262	-112,1	-112,18087	-0,29283762	-0,040187739	-0,043618847	-0,048749093
45118	233,43262	-112,1	-112,20645	-0,2923429	-0,04024275	-0,0436382	-0,04863026
45118	233,93262	-112,1	-112,17279	-0,29297471	-0,040246513	-0,043648433	-0,048730057
45118	234,43262	-112,1	-112,1348	-0,29209852	-0,040259182	-0,043642543	-0,048681155
45118	234,93262	-112,1	-112,0807	-0,29200912	-0,040252011	-0,043620963	-0,048728686
45118	235,43262	-112,1	-112,11021	-0,2921015	-0,040324446	-0,043664388	-0,048774853
45118	235,93262	-112,1	-112,08924	-0,29372871	-0,040320709	-0,043712024	-0,048761617
45118	236,43262	-112,1	-112,15192	-0,29300153	-0,040322054	-0,043715876	-0,048775092
45118	236,93262	-112,1	-112,15186	-0,29330254	-0,040421467	-0,043714762	-0,048819322
45118	237,43262	-112,1	-112,11085	-0,29337108	-0,040384445	-0,043728814	-0,048856921
45118	237,93262	-112,1	-112,10207	-0,29365718	-0,040447049	-0,043812379	-0,04891656
45118	238,43262	-112,1	-112,08517	-0,29310882	-0,040406618	-0,043790326	-0,048890743
45118	238,93262	-112,1	-112,10661	-0,29221177	-0,040395264	-0,043763764	-0,048866231
45118	239,43262	-112,1	-112,11895	-0,29373169	-0,04040584	-0,04387347	-0,048794486
45118	239,93262	-112,1	-112,12418	-0,29335618	-0,040411279	-0,043817732	-0,048905078
45118	240,43262	-112,1	-112,09001	-0,29321313	-0,040490016	-0,043785255	-0,048880182
45118	240,93262	-112,1	-112,07648	-0,29313564	-0,040397804	-0,043852217	-0,048857726
45118	241,43262	-112,1	-112,06658	-0,29330552	-0,040400792	-0,043865781	-0,048919864
45118	241,93262	-112,1	-112,04603	-0,29259026	-0,040459536	-0,043804366	-0,048951484
45118	242,43262	-112,1	-112,09745	-0,2940774	-0,040456727	-0,04384033	-0,049034204
45118	242,93262	-112,1	-112,08449	-0,29495358	-0,040460732	-0,043866172	-0,04903385
45118	243,43262	-112,1	-112,09518	-0,29372871	-0,040494949	-0,043916572	-0,049042951
45118	243,93262	-112,1	-112,0593	-0,29413104	-0,040427834	-0,043931153	-0,049011599
45118	244,43262	-112,1	-112,06408	-0,29301345	-0,040452365	-0,043825094	-0,049024064
45118	244,93262	-112,1	-112,04142	-0,29320717	-0,040476061	-0,043916706	-0,04899152
45118	245,43262	-112,1	-112,06094	-0,29453337	-0,040510964	-0,043908544	-0,049034026
45118	245,93262	-112,1	-112,09651	-0,29319227	-0,040503852	-0,043894652	-0,049030218
45118	246,43262	-112,1	-112,14275	-0,29408336	-0,040517088	-0,043915007	-0,049088046
45118	246,93262	-111,42207	-111,57101	-0,29295385	-0,040364455	-0,04376974	-0,048936728
45118	247,43262	-109,47207	-109,58805	-0,28869808	-0,039771698	-0,04311664	-0,048234314
45118	247,93262	-107,52207	-107,65891	-0,28606951	-0,039107796	-0,042361684	-0,047521695
45118	248,43262	-105,57207	-105,72705	-0,28291345	-0,038550362	-0,041638821	-0,046793729
45118	248,93262	-103,62207	-103,74795	-0,27965009	-0,037861776	-0,041014653	-0,046145335
45118	249,43262	-101,67207	-101,79635	-0,27591288	-0,037322506	-0,040247757	-0,045475997
45118	249,93262	-99,722069	-99,836861	-0,27167499	-0,036614023	-0,039606284	-0,044757638
45118	250,43262	-97,772072	-97,819366	-0,26784539	-0,036058258	-0,038788933	-0,044049066
45118	250,93262	-95,822067	-95,877914	-0,2645582	-0,035464995	-0,038088847	-0,043265115
45118	251,43262	-93,87207	-93,896942	-0,26039779	-0,034852937	-0,037362777	-0,042589534
45118	251,93262	-91,922066	-91,970406	-0,25803447	-0,034139581	-0,03663481	-0,04182465
45118	252,43262	-89,972069	-90,018806	-0,25210083	-0,033566039	-0,035870489	-0,04109383
45118	252,93262	-88,022072	-88,054115	-0,24782717	-0,032904048	-0,035201222	-0,040394507
45118	253,43262	-86,072067	-86,104973	-0,24534166	-0,032187253	-0,034461103	-0,039676476
45118	253,93262	-84,12207	-84,213249	-0,24137497	-0,031687252	-0,033662237	-0,038966626
45118	254,43262	-82,172066	-82,260284	-0,23711026	-0,030955188	-0,032960184	-0,038246334
45118	254,93262	-80,222069	-80,259781	-0,23288131	-0,030259671	-0,032202996	-0,037431538
45118	255,43262	-78,272064	-78,298096	-0,22796094	-0,029654933	-0,031424277	-0,036631111
45118	255,93262	-76,322067	-76,356567	-0,22483468	-0,029001249	-0,03066808	-0,035843
45118	256,43262	-74,37207	-74,457878	-0,22165477	-0,028354736	-0,029879246	-0,035062831
45118	256,93262	-72,422066	-72,518272	-0,21599829	-0,027613321	-0,029043695	-0,034254938
45118	257,43262	-70,472069	-70,50013	-0,21257997	-0,026890105	-0,028299177	-0,033460133
45118	257,93262	-68,522064	-68,507591	-0,20803809	-0,026255934	-0,027570719	-0,032618985
45118	258,43262	-66,572067	-66,562843	-0,20391643	-0,025510214	-0,02668833	-0,031789672
45118	258,93262	-64,62207	-64,645782	-0,19938052	-0,024961445	-0,025957542	-0,03103077
45118	259,43262	-62,672066	-62,736797	-0,19427836	-0,024268258	-0,025155015	-0,030278176
45118	259,93262	-60,722069	-60,803326	-0,18992424	-0,023523854	-0,02435351	-0,029447705
45118	260,43262	-58,772068	-58,87228	-0,18636584	-0,022938032	-0,02345198	-0,028546143
45118	260,93262	-56,822067	-56,92815	-0,18135905	-0,022254229	-0,022683328	-0,027766181
45118	261,43262	-54,872066	-54,926304	-0,17613471	-0,021524167	-0,021850465	-0,026870092
45118	261,93262	-52,922066	-52,956066	-0,17104447	-0,020879179	-0,021008767	-0,026076537
45118	262,43262	-50,972069	-50,979092	-0,16567707	-0,020101966	-0,02016215	-0,025159951
45118	262,93262	-49,022068	-49,04187	-0,16093552	-0,019392762	-0,019339185	-0,024345098
45118	263,43262	-47,072067	-47,098801	-0,15511811	-0,018725634	-0,018402265	-0,023434792
45118	263,93262	-45,122066	-45,121181	-0,15097857	-0,017986698	-0,017644349	-0,022547506
45118	264,43262	-43,172066	-43,174469	-0,14564395	-0,017183786	-0,016766362	-0,021605937
45118	264,93262	-41,222069	-41,257046	-0,1406014	-0,01637475	-0,015942166	-0,020798638
45118	265,43262	-39,272068	-39,36607	-0,13605952	-0,015723249	-0,015178951	-0,019928457
45118	265,93262	-37,322067	-37,377243	-0,12978017	-0,014951504	-0,014366762	-0,018985132
45118	266,43262	-35,372066	-35,391396	-0,12433529	-0,014155854	-0,013405901	-0,018045347
45118	266,93262	-33,422066	-33,463387	-0,11875927	-0,01342412	-0,012526492	-0,017059932
45118	267,43262	-31,472067	-31,522789	-0,11279881	-0,012618012	-0,011790887	-0,016176751
45118	267,93262	-29,522066	-29,613686	-0,10768473	-0,011808736	-0,011070586	-0,015253117
45118	268,43262	-27,572067	-27,678801	-0,10052323	-0,01092174	-0,010165197	-0,01426913
45118	268,93262	-25,622066	-25,713688	-0,094628334	-0,010088768	-0,0094668381	-0,013295851
45118	269,43262	-23,672066	-23,769072	-0,088256598	-0,0091438312	-0,0086597037	-0,012258767
45118	269,93262	-21,722067	-21,881138	-0,082141161	-0,0082579702	-0,0079747569	-0,011347478
45118	270,43262	-19,772066	-19,922039	-0,075784326	-0,007315095	-0,0072793001	-0,010392195
45118	270,93262	-17,822067	-17,942791	-0,068128109	-0,0063785547	-0,0064959968	-0,009315609
45118	271,43262	-15,872066	-15,967412	-0,061506033	-0,0054374728	-0,0057579563	-0,0083168969
45118	271,93262	-13,922067	-13,980703	-0,054401159	-0,0045471289	-0,0050404905	-0,0071853707
45118	272,43262	-11,972066	-11,995635	-0,045582652	-0,0036324919	-0,0042173476	-0,0061267214
45118	272,93262	-10,022066	-10,080366	-0,037571788	-0,0027438218	-0,0035155723	-0,0050982637
45118	273,43262	-8,0720663	-8,1936159	-0,030037761	-0,0019011687	-0,0028076062	-0,0039209886
45118	273,93262	-6,122066	-6,2499156	-0,019782782	-0,0011564068	-0,0020183322	-0,0027399058
45118	274,43262	-4,1720662	-4,5259724	-0,010591745	-0,00046809079	-0,0012209753	-0,0015059949
45118	274,93262	-2,2220662	-3,0571203	-0,0011891127	-4,0519062e-05	-0,00059145014	-0,00060702045
45118	275,43262	-1	-1,0710785	0,014421344	0,00059900084	0,00028036159	0,00078094355
45118	275,93262	-1	-0,99288654	0,015875697	0,00066387316	0,00047463246	0,00093728694
45118	276,43262	-1	-0,96944517	0,01630187	0,00079553021	0,00051675498	0,0010856584
45118	276,93262	-1	-0,92864394	0,016739964	0,00093232683	0,00060286559	0,001236945
45118	277,43262	-1	-0,92269093	0,017571449	0,00084842014	0,0006473317	0,0012234405
45118	277,93262	-1	-0,94215739	0,017148256	0,00082687568	0,00070594461	0,0012978346
45118	278,43262	-1	-0,8941049	0,018712878	0,00091042387	0,00073142874	0,0013870419
45118	278,93262	-1	-0,90357459	0,017467141	0,0010048787	0,00075750478	0,0013921284
45118	279,43262	-1	-0,94088525	0,019356608	0,00089548319	0,00071770808	0,0014295782
45118	279,93262	0	0,94821507	1,9192398	0,0011407789	0,0017180135	0,002537546

Datenerfassung						Zeit:	280,2002	s	11.07.2023 10:33:53
Datum	Laufzeit	Ch 1 Weg	Ch 1 Kraft	Ch 1 Kraft Sollwert
d	s	mm	kN	kN
45118	280,18652	4,5144587	0,98996627	0,93441027
45118	17,443359	-0,30305386	-112,31653	-112,1
