MTS793|MPT|DEU|1|2|,|.|:|49|1|1|A

Bediener Information			xyz			Zeit:	65,548828	Sec	20.03.2012 11:53:44
Datum	20.03.12
Benutzer	Be
Probebezeichnung	TH-M9-Z44 29032010
Protokoll Seite	-
Masse	5392,3
Länge	298,8
Durchmesser	98,6
Bediener Information Ende

Datenerfassung						Zeit:	193,85352	Sec	20.03.2012 11:55:52
Datum	Tageszeit	Laufzeit	Ch 1 Kraft Sollwert	Ch 1 Kraft	Ch 1 Weg
Days	Days	Sec	kN	kN	mm
40983	0,48908484	65,892578	-0,30485162	-0,16049741	0,99726433
40983	0,48908871	66,225586	-0,46655706	-0,14875902	0,97846675
40983	0,48909256	66,558594	-0,62826252	-0,18127894	0,94292051
40983	0,4890964	66,891602	-0,78996795	-0,14349705	0,89434928
40983	0,48910028	67,224609	-0,95167339	-0,14238691	0,82866573
40983	0,48910412	67,557617	-1,1133789	-0,15037952	0,74930233
40983	0,48910797	67,890625	-1,2750843	-0,14158225	0,64725757
40983	0,48911181	68,223633	-1,4367898	-0,12352391	0,52358562
40983	0,48911569	68,556641	-1,5984951	-0,13130231	0,38113415
40983	0,48911953	68,889648	-1,7602006	-0,12874304	0,21525146
40983	0,48912337	69,222656	-1,921906	-1,5510198	0,032712333
40983	0,48912725	69,555664	-2,0836115	-3,0286877	0,018587708
40983	0,48913109	69,888672	-2,245317	-3,1506221	0,017226534
40983	0,48913494	70,22168	-2,4070225	-3,2908235	0,01675752
40983	0,48913881	70,554688	-2,5687277	-3,3868186	0,015632063
40983	0,48914266	70,887695	-2,7304332	-3,3883851	0,015236065
40983	0,4891465	71,220703	-2,8921387	-3,5024145	0,015431968
40983	0,48915038	71,553711	-3,0538442	-3,5537992	0,014935154
40983	0,48915422	71,886719	-3,2155497	-3,6329169	0,014818739
40983	0,48915806	72,219727	-3,377255	-3,864805	0,0140619
40983	0,48916194	72,552734	-3,5389605	-3,9263971	0,012809224
40983	0,48916578	72,885742	-3,700666	-4,0467834	0,01214412
40983	0,48916963	73,21875	-3,8623714	-4,2168431	0,011204742
40983	0,4891735	73,551758	-4,0240769	-4,2165022	0,011071097
40983	0,48917735	73,884766	-4,1857824	-4,4059315	0,01070369
40983	0,48918119	74,217773	-4,3474879	-4,600915	0,0094768126
40983	0,48918507	74,550781	-4,5091929	-4,7091961	0,0084193423
40983	0,48918891	74,883789	-4,6708984	-4,8757463	0,0082161743
40983	0,48919275	75,216797	-4,8326039	-4,9743624	0,007600151
40983	0,48919663	75,549805	-4,9943094	-5,0906954	0,0066184904
40983	0,48920047	75,882813	-5	-5,1058445	0,006531179
40983	0,48920432	76,21582	-5	-5,0771708	0,0064630061
40983	0,48920819	76,548828	-5	-5,0753756	0,0072238036
40983	0,48921204	76,881836	-5	-5,0709367	0,0068892259
40983	0,48921588	77,214844	-5	-5,0606809	0,0066217966
40983	0,48921975	77,547852	-5	-5,0217347	0,0064528547
40983	0,4892236	77,880859	-5	-5,0179014	0,0070891343
40983	0,48922744	78,213867	-5	-5,034956	0,0066184904
40983	0,48923132	78,546875	-5	-5,04637	0,0069565605
40983	0,48923516	78,879883	-5	-5,0285635	0,0065169297
40983	0,48923901	79,212891	-5	-5,0206618	0,0064245891
40983	0,48924288	79,545898	-5	-5,0082345	0,0067798421
40983	0,48924673	79,878906	-5	-5,0171862	0,0071436632
40983	0,48925057	80,211914	-5	-5,0290422	0,0062310603
40983	0,48925444	80,544922	-5	-5,0222397	0,0065355096
40983	0,48925829	80,87793	-5	-5,0458117	0,0066925772
40983	0,48926213	81,210938	-5	-5,0265088	0,0066534616
40983	0,48926601	81,543945	-5	-4,9800639	0,0062891282
40983	0,48926985	81,876953	-5	-5,0311394	0,0066530425
40983	0,4892737	82,209961	-5	-5,0078526	0,0069434755
40983	0,48927757	82,542969	-5	-5,0044513	0,0063437503
40983	0,48928142	82,875977	-5	-5,0463386	0,0069500413
40983	0,48928526	83,208984	-5	-4,9827328	0,0067529269
40983	0,48928913	83,541992	-5	-4,970974	0,0064899679
40983	0,48929298	83,875	-5	-5,0215859	0,0064573251
40983	0,48929682	84,208008	-5	-4,9621301	0,0067145098
40983	0,4893007	84,541016	-5	-5,0120621	0,0068160705
40983	0,48930454	84,874023	-5	-5,0127125	0,0066197943
40983	0,48930839	85,207031	-5	-4,9424496	0,0063464977
40983	0,48931226	85,540039	-5	-4,9973679	0,0064101536
40983	0,48931611	85,873047	-6,1768556	-6,0491643	-0,0046646688
40983	0,48931995	86,206055	-7,4755859	-7,2694159	-0,0091963913
40983	0,48932379	86,539063	-8,7743168	-8,6327772	-0,014539342
40983	0,48932767	86,87207	-10,073047	-10,012451	-0,019709626
40983	0,48933151	87,205078	-11,371778	-11,389846	-0,024666451
40983	0,48933536	87,538086	-12,670508	-12,721413	-0,029620202
40983	0,48933923	87,871094	-13,969238	-14,010967	-0,033078574
40983	0,48934308	88,204102	-15,267969	-15,34658	-0,037187852
40983	0,48934692	88,537109	-16,5667	-16,632042	-0,041345786
40983	0,4893508	88,870117	-17,865431	-17,9198	-0,044831216
40983	0,48935464	89,203125	-19,16416	-19,220541	-0,049125589
40983	0,48935848	89,536133	-20,462891	-20,522209	-0,052885942
40983	0,48936236	89,869141	-21,761621	-21,83322	-0,056108646
40983	0,4893662	90,202148	-23,060352	-23,108431	-0,060038313
40983	0,48937005	90,535156	-24,359083	-24,458071	-0,063821018
40983	0,48937392	90,868164	-25,657812	-25,698654	-0,067480139
40983	0,48937777	91,201172	-26,956543	-26,993324	-0,070914671
40983	0,48938161	91,53418	-28,255274	-28,290588	-0,074141011
40983	0,48938549	91,867188	-29,554005	-29,530111	-0,077913791
40983	0,48938933	92,200195	-30,852736	-30,929089	-0,080890439
40983	0,48939317	92,533203	-32,151466	-32,227779	-0,084469095
40983	0,48939705	92,866211	-33,450195	-33,485722	-0,087805696
40983	0,48940089	93,199219	-34,748928	-34,845798	-0,091562048
40983	0,48940474	93,532227	-36,047657	-36,074718	-0,095331207
40983	0,48940861	93,865234	-37,346386	-37,344425	-0,098048106
40983	0,48941246	94,198242	-38,645119	-38,721302	-0,10098922
40983	0,4894163	94,53125	-39,943848	-39,988628	-0,10490757
40983	0,48942018	94,864258	-41,24258	-41,264225	-0,10793344
40983	0,48942402	95,197266	-42,541309	-42,570694	-0,11112238
40983	0,48942786	95,530273	-43,840038	-43,871738	-0,11484446
40983	0,48943174	95,863281	-45,138771	-45,154976	-0,11774409
40983	0,48943558	96,196289	-46,4375	-46,497719	-0,12050635
40983	0,48943943	96,529297	-47,736233	-47,823105	-0,12435243
40983	0,4894433	96,862305	-49,034962	-49,077549	-0,12691757
40983	0,48944715	97,195313	-50,333691	-50,396004	-0,13041008
40983	0,48945099	97,52832	-51,632423	-51,684753	-0,13388833
40983	0,48945487	97,861328	-52,931152	-52,981373	-0,13657622
40983	0,48945871	98,194336	-54,229885	-54,304649	-0,13985215
40983	0,48946255	98,527344	-55,528614	-55,600483	-0,14331126
40983	0,48946643	98,860352	-56,827347	-56,880802	-0,14601485
40983	0,48947027	99,193359	-58,126076	-58,209225	-0,14905649
40983	0,48947412	99,526367	-59,424805	-59,4916	-0,15236381
40983	0,48947799	99,859375	-60,723537	-60,783257	-0,15486433
40983	0,48948184	100,19238	-62,022266	-62,127144	-0,15804218
40983	0,48948568	100,52539	-63,320999	-63,403664	-0,16186573
40983	0,48948956	100,8584	-64,619728	-64,670982	-0,1648034
40983	0,4894934	101,19141	-65,918457	-66,005142	-0,16757193
40983	0,48949724	101,52441	-67,217186	-67,298203	-0,17056707
40983	0,48950112	101,85742	-68,515923	-68,553284	-0,1733373
40983	0,48950496	102,19043	-69,814651	-69,911125	-0,17600822
40983	0,48950881	102,52344	-71,11338	-71,173576	-0,1792036
40983	0,48951268	102,85645	-72,412109	-72,457283	-0,18192959
40983	0,48951653	103,18945	-73,710838	-73,761436	-0,18530804
40983	0,48952037	103,52246	-75,009575	-75,02282	-0,18767016
40983	0,48952425	103,85547	-76,308304	-76,309517	-0,19096611
40983	0,48952809	104,18848	-77,607033	-77,676506	-0,19341549
40983	0,48953193	104,52148	-78,905762	-78,884483	-0,19677076
40983	0,48953581	104,85449	-80,204491	-80,274689	-0,19974279
40983	0,48953965	105,1875	-81,503227	-81,575447	-0,2023682
40983	0,4895435	105,52051	-82,801956	-82,827301	-0,20551887
40983	0,48954734	105,85352	-84,100685	-84,181793	-0,20822743
40983	0,48955122	106,18652	-85,399414	-85,490425	-0,2114715
40983	0,48955506	106,51953	-86,698143	-86,729797	-0,21409765
40983	0,48955891	106,85254	-87,99688	-88,067284	-0,21696007
40983	0,48956278	107,18555	-89,295609	-89,371582	-0,21980889
40983	0,48956662	107,51855	-90,594337	-90,627686	-0,2223161
40983	0,48957047	107,85156	-91,893066	-91,966339	-0,22572818
40983	0,48957434	108,18457	-93,191795	-93,212234	-0,22863662
40983	0,48957819	108,51758	-94,490532	-94,494377	-0,2314209
40983	0,48958203	108,85059	-95,789261	-95,819138	-0,2341224
40983	0,48958591	109,18359	-97,08799	-97,079887	-0,23703994
40983	0,48958975	109,5166	-98,386719	-98,418663	-0,23967372
40983	0,4895936	109,84961	-99,685455	-99,795067	-0,24247709
40983	0,48959747	110,18262	-100,98418	-101,04344	-0,24559498
40983	0,48960131	110,51563	-102,28291	-102,37684	-0,24810256
40983	0,48960516	110,84863	-103,58164	-103,68603	-0,25157705
40983	0,48960903	111,18164	-104,88037	-104,88168	-0,25386718
40983	0,48961288	111,51465	-106,17911	-106,23341	-0,25664094
40983	0,48961672	111,84766	-107,47784	-107,60694	-0,25965777
40983	0,4896206	112,18066	-108,77657	-108,8792	-0,26190543
40983	0,48962444	112,51367	-110,07529	-110,16403	-0,26481822
40983	0,48962829	112,84668	-111,37402	-111,45214	-0,26754811
40983	0,48963216	113,17969	-112,67276	-112,70107	-0,27007049
40983	0,489636	113,5127	-113,97149	-114,08353	-0,27306938
40983	0,48963985	113,8457	-115,27022	-115,42094	-0,27606833
40983	0,48964372	114,17871	-116,56895	-116,64881	-0,27884898
40983	0,48964757	114,51172	-117,86768	-117,95795	-0,28101587
40983	0,48965141	114,84473	-119,16641	-119,21694	-0,28416067
40983	0,48965529	115,17773	-120,46514	-120,48307	-0,28671968
40983	0,48965913	115,51074	-121,76387	-121,84682	-0,28952089
40983	0,48966298	115,84375	-123,0626	-123,17588	-0,2920799
40983	0,48966685	116,17676	-124,36133	-124,39775	-0,29485813
40983	0,48967069	116,50977	-125,66006	-125,72313	-0,29726642
40983	0,48967454	116,84277	-126,95879	-127,03343	-0,30061769
40983	0,48967841	117,17578	-128,25752	-128,28043	-0,3028633
40983	0,48968226	117,50879	-129,55626	-129,62509	-0,30580181
40983	0,4896861	117,8418	-130,85498	-130,89844	-0,30799815
40983	0,48968998	118,1748	-132,15372	-132,21289	-0,31103632
40983	0,48969382	118,50781	-133,45244	-133,53784	-0,31328452
40983	0,48969766	118,84082	-134,75117	-134,79932	-0,3167443
40983	0,48970154	119,17383	-136,04991	-136,09444	-0,31903088
40983	0,48970538	119,50684	-137,34863	-137,43556	-0,32164735
40983	0,48970923	119,83984	-138,64737	-138,65054	-0,32454318
40983	0,4897131	120,17285	-139,94609	-139,96246	-0,32678133
40983	0,48971695	120,50586	-141,24483	-141,30765	-0,32969341
40983	0,48972079	120,83887	-142,54356	-142,53729	-0,332102
40983	0,48972467	121,17188	-143,84229	-143,87352	-0,33552322
40983	0,48972851	121,50488	-145,14102	-145,18457	-0,33784482
40983	0,48973235	121,83789	-146,43974	-146,46228	-0,34060562
40983	0,48973623	122,1709	-147,73848	-147,80261	-0,34327972
40983	0,48974007	122,50391	-149,03722	-149,04617	-0,34599435
40983	0,48974392	122,83691	-150,33594	-150,34299	-0,3487885
40983	0,48974779	123,16992	-151,63467	-151,70554	-0,35107908
40983	0,48975164	123,50293	-152,9334	-152,98381	-0,35342789
40983	0,48975548	123,83594	-154,23213	-154,27286	-0,35607851
40983	0,48975933	124,16895	-155,53087	-155,58763	-0,3590512
40983	0,4897632	124,50195	-156,82959	-156,86845	-0,36160573
40983	0,48976704	124,83496	-158,12833	-158,1859	-0,36400473
40983	0,48977089	125,16797	-159,42705	-159,48795	-0,36703283
40983	0,48977476	125,50098	-160,72578	-160,79652	-0,36962023
40983	0,48977861	125,83398	-162,02452	-162,10132	-0,37213042
40983	0,48978245	126,16699	-163,32324	-163,38939	-0,37531117
40983	0,48978633	126,5	-164,62198	-164,66568	-0,37763193
40983	0,48979017	126,83301	-165,9207	-165,9744	-0,38048699
40983	0,48979402	127,16602	-167,21944	-167,31673	-0,38284248
40983	0,48979789	127,49902	-168,51817	-168,58887	-0,38565809
40983	0,48980173	127,83203	-169,81689	-169,88489	-0,38857692
40983	0,48980558	128,16504	-171,11563	-171,19398	-0,39083835
40983	0,48980945	128,49805	-172,41435	-172,45547	-0,39368197
40983	0,4898133	128,83105	-173,71309	-173,7621	-0,39596522
40983	0,48981714	129,16406	-175,01183	-175,10954	-0,39849925
40983	0,48982102	129,49707	-176,31055	-176,33769	-0,401254
40983	0,48982486	129,83008	-177,60928	-177,65572	-0,40387538
40983	0,48982871	130,16309	-178,908	-178,97626	-0,40669468
40983	0,48983258	130,49609	-180,20674	-180,20688	-0,40939265
40983	0,48983642	130,8291	-181,50548	-181,57796	-0,4118315
40983	0,48984027	131,16211	-182,8042	-182,86742	-0,4145028
40983	0,48984414	131,49512	-184,10294	-184,11562	-0,41718584
40983	0,48984799	131,82813	-185,40166	-185,48538	-0,41998905
40983	0,48985183	132,16113	-186,70039	-186,71089	-0,422261
40983	0,48985571	132,49414	-187,99913	-188,01062	-0,42504296
40983	0,48985955	132,82715	-189,29785	-189,3428	-0,42767656
40983	0,4898634	133,16016	-190,59659	-190,66934	-0,43042022
40983	0,48986727	133,49316	-191,89531	-191,96255	-0,43252969
40983	0,48987111	133,82617	-193,19405	-193,23953	-0,43553895
40983	0,48987496	134,15918	-194,49278	-194,50981	-0,43843743
40983	0,48987883	134,49219	-195,7915	-195,80272	-0,4411132
40983	0,48988268	134,8252	-197,09024	-197,15451	-0,44433737
40983	0,48988652	135,1582	-198,38898	-198,45308	-0,4463968
40983	0,4898904	135,49121	-199,6877	-199,71651	-0,44869807
40983	0,48989424	135,82422	-200,98643	-201,05725	-0,45167151
40983	0,48989809	136,15723	-202,28516	-202,31151	-0,45404023
40983	0,48990196	136,49023	-203,58389	-203,62752	-0,45704776
40983	0,4899058	136,82324	-204,88263	-204,96985	-0,4596535
40983	0,48990965	137,15625	-206,18135	-206,20757	-0,46252507
40983	0,48991352	137,48926	-207,48009	-207,53249	-0,46494761
40983	0,48991737	137,82227	-208,77881	-208,84061	-0,46736673
40983	0,48992121	138,15527	-210,07755	-210,09444	-0,47027031
40983	0,48992509	138,48828	-211,37628	-211,43347	-0,47243667
40983	0,48992893	138,82129	-212,675	-212,74449	-0,47528091
40983	0,48993278	139,1543	-213,97374	-213,99152	-0,47831228
40983	0,48993665	139,4873	-215,27246	-215,34982	-0,48089764
40983	0,48994049	139,82031	-216,5712	-216,61848	-0,48354286
40983	0,48994434	140,15332	-217,86993	-217,90579	-0,48563191
40983	0,48994821	140,48633	-219,16866	-219,23303	-0,48927721
40983	0,48995206	140,81934	-220,46739	-220,53714	-0,49178386
40983	0,4899559	141,15234	-221,76611	-221,84834	-0,49457085
40983	0,48995978	141,48535	-223,06485	-223,127	-0,49676263
40983	0,48996362	141,81836	-224,36359	-224,41292	-0,4993082
40983	0,48996747	142,15137	-225,66231	-225,71661	-0,50232291
40983	0,48997131	142,48438	-226,96104	-227,05611	-0,50441802
40983	0,48997518	142,81738	-228,25977	-228,31853	-0,50740826
40983	0,48997903	143,15039	-229,5585	-229,62123	-0,5104745
40983	0,48998287	143,4834	-230,85724	-230,96786	-0,51218522
40983	0,48998675	143,81641	-232,15596	-232,16075	-0,51495153
40983	0,48999059	144,14941	-233,4547	-233,51721	-0,51841551
40983	0,48999444	144,48242	-234,75342	-234,80287	-0,52034026
40983	0,48999831	144,81543	-236,05215	-236,11774	-0,52338773
40983	0,49000216	145,14844	-237,35089	-237,42357	-0,52611846
40983	0,490006	145,48145	-238,64961	-238,68944	-0,52834338
40983	0,49000987	145,81445	-239,94835	-239,98595	-0,53107303
40983	0,49001372	146,14746	-241,24707	-241,30724	-0,5340569
40983	0,49001756	146,48047	-242,54581	-242,64366	-0,537067
40983	0,49002144	146,81348	-243,84454	-243,89049	-0,53990257
40983	0,49002528	147,14648	-245,14326	-245,23402	-0,54229283
40983	0,49002913	147,47949	-246,442	-246,48795	-0,54502136
40983	0,490033	147,8125	-247,74072	-247,78514	-0,54746819
40983	0,49003685	148,14551	-249,03946	-249,13802	-0,55001873
40983	0,49004069	148,47852	-250,3382	-250,40092	-0,55348027
40983	0,49004456	148,81152	-251,63692	-251,73816	-0,55611295
40983	0,49004841	149,14453	-252,93565	-253,0211	-0,55850166
40983	0,49005225	149,47754	-254,23438	-254,28976	-0,56209278
40983	0,49005613	149,81055	-255,53311	-255,57988	-0,56439817
40983	0,49005997	150,14355	-256,83185	-256,92545	-0,56685841
40983	0,49006382	150,47656	-258,13058	-258,19775	-0,56940007
40983	0,49006769	150,80957	-259,42929	-259,48703	-0,57231474
40983	0,49007154	151,14258	-260,72803	-260,82373	-0,5750618
40983	0,49007538	151,47559	-262,02676	-262,05627	-0,57812089
40983	0,49007925	151,80859	-263,3255	-263,37473	-0,58027124
40983	0,4900831	152,1416	-264,62424	-264,66876	-0,58327901
40983	0,49008694	152,47461	-265,92294	-265,94675	-0,58608019
40983	0,49009082	152,80762	-267,22168	-267,30438	-0,58849055
40983	0,49009466	153,14063	-268,52042	-268,54495	-0,59150684
40983	0,49009851	153,47363	-269,81915	-269,82553	-0,59417766
40983	0,49010238	153,80664	-271,11789	-271,15659	-0,59743208
40983	0,49010623	154,13965	-272,4166	-272,46576	-0,59980452
40983	0,49011007	154,47266	-273,71533	-273,78101	-0,60298777
40983	0,49011394	154,80566	-275,01407	-275,0766	-0,60555738
40983	0,49011779	155,13867	-276,31281	-276,37671	-0,60795444
40983	0,49012163	155,47168	-277,61154	-277,67639	-0,61130917
40983	0,49012551	155,80469	-278,91025	-278,88272	-0,61366463
40983	0,49012935	156,1377	-280,20898	-280,18835	-0,61596
40983	0,4901332	156,4707	-281,50772	-281,43506	-0,6192686
40983	0,49013707	156,80371	-282,80646	-282,80579	-0,62228727
40983	0,49014091	157,13672	-284,10519	-284,02512	-0,62468833
40983	0,49014476	157,46973	-285,4039	-285,38181	-0,62790567
40983	0,49014863	157,80273	-286,70264	-286,69296	-0,63088465
40983	0,49015248	158,13574	-288,00137	-288,004	-0,63328427
40983	0,49015632	158,46875	-289,30011	-289,30435	-0,63606399
40983	0,4901602	158,80176	-290,59885	-290,60565	-0,63846952
40983	0,49016404	159,13477	-291,89755	-291,87344	-0,64176852
40983	0,49016789	159,46777	-293,19629	-293,21405	-0,64489532
40983	0,49017176	159,80078	-294,49503	-294,5014	-0,64760244
40983	0,4901756	160,13379	-295,79376	-295,80243	-0,65038699
40983	0,49017945	160,4668	-297,0925	-297,15753	-0,65359026
40983	0,49018332	160,7998	-298,3912	-298,41986	-0,65577811
40983	0,49018717	161,13281	-299,68994	-299,71375	-0,65900779
40983	0,49019101	161,46582	-300,98868	-301,00534	-0,6619646
40983	0,49019486	161,79883	-302,28741	-302,34015	-0,66472793
40983	0,49019873	162,13184	-303,58615	-303,61554	-0,66717201
40983	0,49020258	162,46484	-304,88486	-304,94461	-0,67029113
40983	0,49020642	162,79785	-306,18359	-306,22556	-0,67317557
40983	0,49021029	163,13086	-307,48233	-307,54272	-0,67659819
40983	0,49021414	163,46387	-308,78107	-308,84824	-0,6792019
40983	0,49021798	163,79688	-310,0798	-310,15356	-0,68233079
40983	0,49022186	164,12988	-311,37851	-311,47128	-0,6858592
40983	0,4902257	164,46289	-312,67725	-312,77652	-0,68824124
40983	0,49022955	164,7959	-313,97598	-314,02841	-0,69106352
40983	0,49023342	165,12891	-315,27472	-315,32324	-0,69393861
40983	0,49023727	165,46191	-316,57346	-316,59116	-0,69657815
40983	0,49024111	165,79492	-317,87216	-317,91626	-0,69997001
40983	0,49024498	166,12793	-319,1709	-319,24435	-0,70321774
40983	0,49024883	166,46094	-320,46964	-320,53693	-0,70550758
40983	0,49025267	166,79395	-321,76837	-321,76825	-0,70926982
40983	0,49025655	167,12695	-323,06711	-323,14929	-0,71199816
40983	0,49026039	167,45996	-324,36581	-324,39206	-0,71529019
40983	0,49026424	167,79297	-325,66455	-325,70987	-0,71801639
40983	0,49026811	168,12598	-326,96329	-327,02029	-0,72138476
40983	0,49027196	168,45898	-328,26202	-328,31244	-0,72395504
40983	0,4902758	168,79199	-329,56076	-329,60843	-0,72689605
40983	0,49027967	169,125	-330,85947	-330,95227	-0,73010075
40983	0,49028352	169,45801	-332,1582	-332,17108	-0,73333997
40983	0,49028736	169,79102	-333,45694	-333,50101	-0,73625183
40983	0,49029124	170,12402	-334,75568	-334,88849	-0,7391153
40983	0,49029508	170,45703	-336,05441	-336,07022	-0,74250352
40983	0,49029893	170,79004	-337,35312	-337,43695	-0,74587369
40983	0,4903028	171,12305	-338,65186	-338,6759	-0,74892491
40983	0,49030665	171,45605	-339,95059	-339,98721	-0,75166887
40983	0,49031049	171,78906	-341,24933	-341,30157	-0,75493652
40983	0,49031436	172,12207	-342,54807	-342,60855	-0,75835359
40983	0,49031821	172,45508	-343,84677	-343,8472	-0,76168889
40983	0,49032205	172,78809	-345,14551	-345,19516	-0,7640397
40983	0,49032593	173,12109	-346,44424	-346,47864	-0,767851
40983	0,49032977	173,4541	-347,74298	-347,78229	-0,77081805
40983	0,49033362	173,78711	-349,04172	-349,08932	-0,77448392
40983	0,49033749	174,12012	-350,34042	-350,3927	-0,77758312
40983	0,49034134	174,45313	-351,63916	-351,66254	-0,78057218
40983	0,49034518	174,78613	-352,9379	-352,98135	-0,78405571
40983	0,49034905	175,11914	-354,23663	-354,30411	-0,78733218
40983	0,4903529	175,45215	-355,53537	-355,60016	-0,79083562
40983	0,49035674	175,78516	-356,83408	-356,94275	-0,79439402
40983	0,49036062	176,11816	-358,13281	-358,17944	-0,79731458
40983	0,49036446	176,45117	-359,43155	-359,49652	-0,80078191
40983	0,49036831	176,78418	-360,73029	-360,80435	-0,80442709
40983	0,49037218	177,11719	-362,02902	-362,05386	-0,80784047
40983	0,49037603	177,4502	-363,32773	-363,40207	-0,81151938
40983	0,49037987	177,7832	-364,62646	-364,70386	-0,81501889
40983	0,49038374	178,11621	-365,9252	-365,98364	-0,81849557
40983	0,49038759	178,44922	-367,22394	-367,26666	-0,82199371
40983	0,49039143	178,78223	-368,52267	-368,56995	-0,82572645
40983	0,49039531	179,11523	-369,82138	-369,85059	-0,829198
40983	0,49039915	179,44824	-371,12012	-371,1666	-0,83241528
40983	0,490403	179,78125	-372,41885	-372,49417	-0,83632141
40983	0,49040684	180,11426	-373,71759	-373,72507	-0,83972973
40983	0,49041072	180,44727	-375,01633	-375,05615	-0,84393424
40983	0,49041456	180,78027	-376,31503	-376,35248	-0,84727144
40983	0,4904184	181,11328	-377,61377	-377,62082	-0,85138112
40983	0,49042228	181,44629	-378,91251	-379,00519	-0,85443175
40983	0,49042612	181,7793	-380,21124	-380,25388	-0,85884619
40983	0,49042997	182,1123	-381,50998	-381,55991	-0,86269772
40983	0,49043384	182,44531	-382,80872	-382,85062	-0,86651605
40983	0,49043769	182,77832	-384,10742	-384,15384	-0,87041342
40983	0,49044153	183,11133	-385,40616	-385,46396	-0,87418509
40983	0,49044541	183,44434	-386,7049	-386,78436	-0,87856025
40983	0,49044925	183,77734	-388,00363	-388,0372	-0,88242275
40983	0,49045309	184,11035	-389,30237	-389,34705	-0,88695437
40983	0,49045697	184,44336	-390,60107	-390,68146	-0,8910476
40983	0,49046081	184,77637	-391,89981	-391,93549	-0,89513046
40983	0,49046466	185,10938	-393,19855	-393,25183	-0,89994234
40983	0,49046853	185,44238	-394,49728	-394,59619	-0,90418375
40983	0,49047238	185,77539	-395,79602	-395,83603	-0,90836781
40983	0,49047622	186,1084	-397,09473	-397,1391	-0,91327864
40983	0,4904801	186,44141	-398,39346	-398,4296	-0,91734111
40983	0,49048394	186,77441	-399,6922	-399,68771	-0,92236859
40983	0,49048778	187,10742	-400,99094	-401,05038	-0,92715788
40983	0,49049166	187,44043	-402,28967	-402,33133	-0,93212712
40983	0,4904955	187,77344	-403,58838	-403,60104	-0,93739265
40983	0,49049935	188,10645	-404,88712	-404,9552	-0,94217724
40983	0,49050322	188,43945	-406,18585	-406,14423	-0,94716281
40983	0,49050707	188,77246	-407,48459	-407,435	-0,95229399
40983	0,49051091	189,10547	-408,78333	-408,7843	-0,95820993
40983	0,49051479	189,43848	-410,08203	-410,095	-0,96443862
40983	0,49051863	189,77148	-411,38077	-411,4194	-0,96990252
40983	0,49052247	190,10449	-412,6795	-412,7019	-0,97612935
40983	0,49052635	190,4375	-413,97824	-413,96854	-0,98268253
40983	0,49053019	190,77051	-415,27698	-415,27612	-0,9895162
40983	0,49053404	191,10352	-416,57568	-416,6369	-0,99697345
40983	0,49053791	191,43652	-417,87442	-417,8754	-1,0055856
40983	0,49054176	191,76953	-419,17316	-419,15128	-1,01441
40983	0,4905456	192,10254	-420,47189	-420,44366	-1,0252415
40983	0,49054947	192,43555	-421,77063	-421,6423	-1,0387019
40983	0,49055332	192,76855	-423,06934	-422,58133	-1,0641848
40983	0,49055716	193,10156	0	-150,90788	-0,59486789
40983	0,49056104	193,43457	0	0,095038876	0,114237
40983	0,49056488	193,76758	0	-0,0010344982	0,80843526

Datenerfassung						Zeit:	193,85645	Sec	20.03.2012 11:55:52
Ch 1 Weg	Ch 1 Kraft
mm	kN
0,97756106	0,12304747
-1,0828668	-422,63623
