MTS793|MPT|DEU|1|2|,|.|:|49|1|1|A

Bediener Information						Zeit:	29,110352	s	11.09.2014 13:04:45
Datum : 	11.09.2014
Prüfer : 	Kh
Probenbezeichnung :  	BA Los M VI-4
Bemerkungen	Kraftgeregelt 3,9 kN/s
Masse :	5354,5
Durchmesser :	98,5
Länge :	300,2
Bediener Information Ende

Datenerfassung						Zeit:	475,99316	s	11.09.2014 13:12:12
Datum	Laufzeit	Ch 1 Kraft Sollwert	Ch 1 Kraft	Ch 1 Weg	1944 B	1281068	2157
d	s	kN	kN	mm	mm	mm	mm
41893	29,625	-2,1315918	-2,1848307	-14,850348	-0,055590667	-0,0013576724	0,060074907
41893	30,125	-2,0065918	-2,0335391	-14,848965	-0,055657182	-0,0013264971	0,06004725
41893	30,625	-1,8815918	-1,8769503	-14,848192	-0,055582732	-0,0013546291	0,060164865
41893	31,125	-1,7565918	-1,7667599	-14,846786	-0,055580694	-0,001230952	0,060144443
41893	31,625	-1,6315918	-1,6108602	-14,845874	-0,055521134	-0,0011821728	0,060287613
41893	32,125	-1,5065918	-1,4994088	-14,845716	-0,055447888	-0,0011282847	0,060237382
41893	32,625	-1,3815918	-1,3600197	-14,843895	-0,055352256	-0,0011086228	0,060304459
41893	33,125	-1,2565918	-1,2567695	-14,842175	-0,05536845	-0,0011036869	0,060267057
41893	33,625	-1,1315918	-1,1335555	-14,841826	-0,055330232	-0,0010464431	0,060305398
41893	34,125	-1,0065918	-1,0053291	-14,839946	-0,055308238	-0,0010148736	0,060342271
41893	34,625	-1	-0,97013825	-14,839305	-0,055276591	-0,00092511228	0,060329724
41893	35,125	-1	-0,95666385	-14,839615	-0,055325106	-0,00095699966	0,060410272
41893	35,625	-1	-0,96082318	-14,839037	-0,055251535	-0,0010955384	0,060337219
41893	36,125	-1	-0,96427089	-14,83949	-0,055268034	-0,00097517244	0,060449969
41893	36,625	-1	-0,96902996	-14,839439	-0,055267468	-0,0010300402	0,06032474
41893	37,125	-1	-0,98002702	-14,83954	-0,05525855	-0,00094436709	0,06038728
41893	37,625	-1	-0,96739268	-14,838578	-0,055278901	-0,00094509957	0,060362618
41893	38,125	-1	-0,99287742	-14,839413	-0,055294167	-0,0009536756	0,060397487
41893	38,625	-1	-0,98634887	-14,840107	-0,055284213	-0,00091086223	0,060384247
41893	39,125	-1	-1,0218676	-14,840477	-0,05528383	-0,00099018845	0,060382392
41893	39,625	-2,7595704	-2,5098436	-0,010544062	-0,00058406219	-0,0004396005	-0,00027111918
41893	40,125	-4,7095704	-4,4138117	-0,023141503	-0,0011304803	-0,0010304467	-0,00085445493
41893	40,625	-6,6595702	-5,9373846	-0,029167533	-0,0015618466	-0,0016044681	-0,0011920184
41893	41,125	-8,6095705	-8,7168941	-0,042116642	-0,0024431422	-0,0022498213	-0,0020767301
41893	41,625	-10,55957	-10,670347	-0,049206614	-0,0029509701	-0,0029803999	-0,0026087612
41893	42,125	-12,50957	-12,817739	-0,057256222	-0,0035593882	-0,0037141836	-0,0032666326
41893	42,625	-14,459571	-14,919573	-0,064963102	-0,0041488111	-0,0043298099	-0,0038557574
41893	43,125	-16,409571	-16,721189	-0,070929527	-0,0046899617	-0,0050051208	-0,0044819117
41893	43,625	-18,359571	-18,673647	-0,076326728	-0,0052030832	-0,005533949	-0,0050439015
41893	44,125	-20,30957	-20,511381	-0,081932545	-0,0057474896	-0,0062222085	-0,0057022199
41893	44,625	-22,259571	-22,481134	-0,087401271	-0,0062951967	-0,0068765804	-0,0062760562
41893	45,125	-24,20957	-24,344803	-0,093850493	-0,0068240575	-0,0073428536	-0,0068954304
41893	45,625	-26,159571	-26,343733	-0,098535419	-0,0073952191	-0,0080564655	-0,0075811893
41893	46,125	-28,109571	-28,210535	-0,1038909	-0,0078917854	-0,0085680718	-0,0081715733
41893	46,625	-30,05957	-30,223867	-0,10926425	-0,0085158385	-0,0093169659	-0,0089027435
41893	47,125	-32,009571	-32,092365	-0,11382699	-0,0089928694	-0,0099810185	-0,0095279515
41893	47,625	-33,959572	-34,087528	-0,11900365	-0,0095519461	-0,01049582	-0,010273457
41893	48,125	-35,909573	-36,004059	-0,12390018	-0,0099918731	-0,011236378	-0,010880955
41893	48,625	-37,85957	-37,976521	-0,12925565	-0,010521948	-0,011815845	-0,01159744
41893	49,125	-39,80957	-39,851719	-0,13408065	-0,011193998	-0,012412742	-0,012258716
41893	49,625	-41,759571	-41,841564	-0,13903975	-0,011663008	-0,013204247	-0,012931719
41893	50,125	-43,709572	-43,833607	-0,14374852	-0,012273472	-0,013724063	-0,013580292
41893	50,625	-45,659573	-45,704266	-0,1476109	-0,012714237	-0,014385278	-0,014271982
41893	51,125	-47,60957	-47,739769	-0,15206635	-0,013304606	-0,015045264	-0,015020072
41893	51,625	-49,55957	-49,58902	-0,15693605	-0,013836574	-0,015648074	-0,01557681
41893	52,125	-51,509571	-51,622627	-0,16210973	-0,014427861	-0,016433412	-0,016331315
41893	52,625	-53,459572	-53,480686	-0,16672015	-0,014954498	-0,016896512	-0,017030679
41893	53,125	-55,409573	-55,495678	-0,17199814	-0,015504282	-0,01765193	-0,017722189
41893	53,625	-57,359573	-57,37315	-0,17568171	-0,016059587	-0,018261982	-0,018431112
41893	54,125	-59,30957	-59,40733	-0,18059611	-0,016666086	-0,018864579	-0,019111402
41893	54,625	-61,259571	-61,286648	-0,18480718	-0,017141117	-0,019526936	-0,019838341
41893	55,125	-63,209572	-63,347775	-0,18962324	-0,017784329	-0,020277141	-0,020469226
41893	55,625	-65,159569	-65,16967	-0,19374788	-0,018217556	-0,020793796	-0,021202914
41893	56,125	-67,109573	-67,275711	-0,19797981	-0,018863246	-0,021508113	-0,021941014
41893	56,625	-69,05957	-69,034653	-0,2020359	-0,019331358	-0,022095582	-0,022478528
41893	57,125	-71,009575	-71,139099	-0,20617843	-0,019953312	-0,022885337	-0,02325698
41893	57,625	-72,959572	-72,972298	-0,20996034	-0,020464212	-0,023510981	-0,023896135
41893	58,125	-74,909569	-75,022896	-0,21458566	-0,021109145	-0,024121743	-0,024605371
41893	58,625	-76,859573	-76,91713	-0,21918118	-0,021668561	-0,024685841	-0,025365092
41893	59,125	-78,80957	-78,887634	-0,22359788	-0,022135595	-0,025445307	-0,025923871
41893	59,625	-80,759575	-80,801514	-0,22802949	-0,022755222	-0,02593627	-0,026687741
41893	60,125	-82,709572	-82,788155	-0,23132861	-0,023291977	-0,026797196	-0,027387425
41893	60,625	-84,659569	-84,686844	-0,23654401	-0,023845132	-0,027434092	-0,02809944
41893	61,125	-86,609573	-86,714417	-0,24022758	-0,024410455	-0,028160816	-0,028804392
41893	61,625	-88,55957	-88,626213	-0,24435222	-0,024971751	-0,028642809	-0,029436097
41893	62,125	-90,509575	-90,607399	-0,24804473	-0,025567504	-0,029423315	-0,030197091
41893	62,625	-92,459572	-92,527275	-0,25235713	-0,026117407	-0,029979451	-0,030822687
41893	63,125	-94,409569	-94,487839	-0,25734901	-0,026677806	-0,030622078	-0,031525865
41893	63,625	-96,359573	-96,433113	-0,25999248	-0,027297253	-0,031383641	-0,032218106
41893	64,125	-98,30957	-98,381485	-0,26507676	-0,027812086	-0,032069366	-0,032852024
41893	64,625	-100,25957	-100,35786	-0,26896	-0,028425762	-0,032696683	-0,033611804
41893	65,125	-102,20957	-102,23074	-0,27300417	-0,028916424	-0,033384878	-0,034226798
41893	65,625	-104,15958	-104,27626	-0,27692914	-0,029612247	-0,033986971	-0,034948774
41893	66,125	-106,10957	-106,12921	-0,28134882	-0,030132864	-0,034644116	-0,035668306
41893	66,625	-108,05957	-108,18278	-0,28508306	-0,03074806	-0,035481624	-0,036398605
41893	67,125	-110,00957	-110,06319	-0,28931201	-0,031285856	-0,036065962	-0,037067607
41893	67,625	-111,95957	-112,09445	-0,29351413	-0,031877443	-0,036731716	-0,037699543
41893	68,125	-113,90958	-113,93486	-0,29756427	-0,032450587	-0,037343994	-0,038350277
41893	68,625	-115,85957	-115,96714	-0,30145049	-0,033059824	-0,038051017	-0,039078087
41893	69,125	-117,80957	-117,82845	-0,30474067	-0,033573285	-0,038754616	-0,039760306
41893	69,625	-119,75957	-119,99585	-0,30896068	-0,0342087	-0,039418563	-0,040558666
41893	70,125	-121,70957	-121,69742	-0,31244159	-0,03471642	-0,040045328	-0,041070104
41893	70,625	-123,65958	-123,81532	-0,31715333	-0,035374694	-0,040748622	-0,041868649
41893	71,125	-125,60957	-125,61367	-0,31994879	-0,035963982	-0,041341901	-0,042443551
41893	71,625	-127,55957	-127,75079	-0,3235966	-0,036611639	-0,042223081	-0,04323224
41893	72,125	-129,50957	-129,55225	-0,32764077	-0,03708582	-0,042729229	-0,043845654
41893	72,625	-131,45958	-131,61841	-0,33143163	-0,037695289	-0,043523561	-0,044565514
41893	73,125	-133,40958	-133,41542	-0,33475757	-0,038257569	-0,044179883	-0,045192197
41893	73,625	-135,35957	-135,52362	-0,33937693	-0,038895227	-0,044893496	-0,045887075
41893	74,125	-137,30957	-137,33655	-0,34241974	-0,039509412	-0,045543376	-0,046588168
41893	74,625	-139,25957	-139,39474	-0,3465265	-0,039996963	-0,046278615	-0,047177315
41893	75,125	-141,20958	-141,21671	-0,35020113	-0,040617581	-0,046832658	-0,047825128
41893	75,625	-143,15958	-143,35074	-0,35475791	-0,041271269	-0,047726557	-0,048625834
41893	76,125	-145,10957	-145,12512	-0,35816729	-0,041842956	-0,048274707	-0,049168319
41893	76,625	-147,05957	-147,23206	-0,36199689	-0,042482689	-0,049005102	-0,049978979
41893	77,125	-149,00957	-149,00229	-0,36433935	-0,043048393	-0,049708351	-0,050529525
41893	77,625	-150,95958	-151,12325	-0,36927462	-0,043588087	-0,050390664	-0,051318467
41893	78,125	-152,90958	-152,91333	-0,37276745	-0,044249497	-0,051070742	-0,051856466
41893	78,625	-154,85957	-154,99164	-0,37629306	-0,044821773	-0,051727656	-0,052606247
41893	79,125	-156,80957	-156,80246	-0,37990212	-0,045409489	-0,052427668	-0,05322925
41893	79,625	-158,75957	-158,87134	-0,38345456	-0,045991361	-0,053121652	-0,053972363
41893	80,125	-160,70958	-160,71613	-0,38684309	-0,04662865	-0,053764079	-0,054621145
41893	80,625	-162,65958	-162,76212	-0,39147735	-0,047229122	-0,054544427	-0,055304989
41893	81,125	-164,60957	-164,65852	-0,3945142	-0,047875203	-0,055165451	-0,055939943
41893	81,625	-166,55957	-166,65044	-0,39892495	-0,048379257	-0,055800818	-0,056654219
41893	82,125	-168,50957	-168,58409	-0,40139258	-0,049023785	-0,056558423	-0,057355907
41893	82,625	-170,45958	-170,53076	-0,40613115	-0,049541138	-0,057186779	-0,057974834
41893	83,125	-172,40958	-172,49692	-0,40899515	-0,050233148	-0,057932299	-0,058743183
41893	83,625	-174,35957	-174,33072	-0,41268766	-0,050753415	-0,058589719	-0,059274979
41893	84,125	-176,30957	-176,3438	-0,41638613	-0,051356934	-0,059293739	-0,060004964
41893	84,625	-178,25957	-178,29718	-0,41965842	-0,051985446	-0,059944823	-0,060667481
41893	85,125	-180,20958	-180,28127	-0,42462945	-0,052560944	-0,060727682	-0,061314784
41893	85,625	-182,15958	-182,21429	-0,42752326	-0,053189557	-0,0614613	-0,062059425
41893	86,125	-184,10957	-184,16991	-0,43160915	-0,05377138	-0,0620373	-0,062676713
41893	86,625	-186,05957	-186,07669	-0,43362975	-0,054381017	-0,062719941	-0,063410565
41893	87,125	-188,00957	-188,12178	-0,43725073	-0,055020135	-0,063503832	-0,06411314
41893	87,625	-189,95958	-189,99249	-0,44216216	-0,055484314	-0,064149611	-0,064724162
41893	88,125	-191,90958	-192,01518	-0,44521987	-0,056127224	-0,064832538	-0,065439723
41893	88,625	-193,85957	-193,88026	-0,44880211	-0,056715436	-0,065497667	-0,066018954
41893	89,125	-195,80957	-195,90453	-0,45180321	-0,057387847	-0,066214673	-0,066747233
41893	89,625	-197,75958	-197,79855	-0,45588613	-0,057936184	-0,066957057	-0,067418322
41893	90,125	-199,70958	-199,8407	-0,45906603	-0,058616899	-0,067612067	-0,068143845
41893	90,625	-201,65958	-201,72685	-0,46285093	-0,05927147	-0,068254769	-0,068823583
41893	91,125	-203,60957	-203,74271	-0,4668355	-0,059829496	-0,069018655	-0,069422752
41893	91,625	-205,55957	-205,61702	-0,46963394	-0,060411926	-0,069639675	-0,070146829
41893	92,125	-207,50958	-207,65802	-0,47394931	-0,060976744	-0,070423208	-0,070776954
41893	92,625	-209,45958	-209,49191	-0,47730207	-0,061622508	-0,071043119	-0,071461603
41893	93,125	-211,40958	-211,55127	-0,48135519	-0,062258415	-0,071855925	-0,072126091
41893	93,625	-213,35957	-213,39822	-0,48455894	-0,062781319	-0,072496429	-0,072859004
41893	94,125	-215,30957	-215,44759	-0,48789084	-0,063479185	-0,073190138	-0,073495522
41893	94,625	-217,25958	-217,25484	-0,4912883	-0,064010493	-0,073805422	-0,074202597
41893	95,125	-219,20958	-219,33562	-0,4950434	-0,064599156	-0,074490391	-0,074860483
41893	95,625	-221,15958	-221,10754	-0,49744248	-0,065220706	-0,075293727	-0,0755582
41893	96,125	-223,10957	-223,27568	-0,50176382	-0,065867364	-0,075907312	-0,076220006
41893	96,625	-225,05957	-225,01476	-0,50521791	-0,066434614	-0,076516375	-0,076802634
41893	97,125	-227,00958	-227,19319	-0,50874352	-0,06710729	-0,077333614	-0,077657685
41893	97,625	-228,95958	-228,9164	-0,51235855	-0,067661002	-0,077993758	-0,078163013
41893	98,125	-230,90958	-231,10837	-0,51558018	-0,068325996	-0,078654617	-0,07894101
41893	98,625	-232,85957	-232,80132	-0,51926672	-0,068889529	-0,079342529	-0,079499871
41893	99,125	-234,80957	-234,99989	-0,52274168	-0,069566786	-0,080002837	-0,080285534
41893	99,625	-236,75958	-236,71347	-0,5261749	-0,07018254	-0,080708697	-0,080918089
41893	100,125	-238,70958	-238,90173	-0,52966177	-0,070786998	-0,081556439	-0,081661731
41893	100,625	-240,65958	-240,6295	-0,5335629	-0,07140255	-0,082113005	-0,082252577
41893	101,125	-242,60957	-242,7879	-0,53644478	-0,072011381	-0,082922108	-0,08297585
41893	101,625	-244,55957	-244,52609	-0,54050088	-0,072593957	-0,083372027	-0,083647035
41893	102,125	-246,50958	-246,68642	-0,54405332	-0,073304504	-0,08426059	-0,084299564
41893	102,625	-248,45958	-248,41779	-0,54758191	-0,073869966	-0,08498507	-0,08497458
41893	103,125	-247,60605	-247,91798	-0,54646134	-0,073743969	-0,084814958	-0,084860519
41893	103,625	-245,65605	-245,65794	-0,5441159	-0,073185682	-0,084216155	-0,084328547
41893	104,125	-243,70605	-243,90659	-0,54138303	-0,0726858	-0,083708607	-0,08384043
41893	104,625	-241,75606	-241,66939	-0,53781271	-0,072148383	-0,083066247	-0,083194837
41893	105,125	-239,80606	-239,92976	-0,53499043	-0,071729057	-0,08264894	-0,082763225
41893	105,625	-237,85605	-237,72475	-0,53188503	-0,071101069	-0,0819019	-0,082067311
41893	106,125	-235,90605	-235,95616	-0,528723	-0,07068751	-0,081455261	-0,081603706
41893	106,625	-233,95605	-233,78983	-0,52591264	-0,070110269	-0,08089149	-0,080904312
41893	107,125	-232,00606	-232,02597	-0,52272975	-0,069666073	-0,080280639	-0,080446228
41893	107,625	-230,05606	-229,88875	-0,51917434	-0,069063231	-0,079678856	-0,079794161
41893	108,125	-228,10605	-228,09821	-0,51692724	-0,068546101	-0,079075165	-0,079289168
41893	108,625	-226,15605	-225,99214	-0,51380098	-0,068021029	-0,078513078	-0,078684211
41893	109,125	-224,20605	-224,1851	-0,51017404	-0,067568488	-0,077980429	-0,078176945
41893	109,625	-222,25606	-222,10088	-0,50778985	-0,067005806	-0,077274799	-0,07747902
41893	110,125	-220,30606	-220,28493	-0,50372481	-0,066435494	-0,076785043	-0,076960035
41893	110,625	-218,35605	-218,21484	-0,50070286	-0,065990277	-0,076032482	-0,076293916
41893	111,125	-216,40605	-216,36385	-0,49791038	-0,065418318	-0,075530618	-0,075866662
41893	111,625	-214,45605	-214,29648	-0,49386024	-0,064873017	-0,074931674	-0,075227261
41893	112,125	-212,50606	-212,45993	-0,49152076	-0,06437359	-0,074346185	-0,074697666
41893	112,625	-210,55606	-210,43111	-0,48793256	-0,063819215	-0,073739991	-0,074106753
41893	113,125	-208,60605	-208,5307	-0,48545897	-0,063304752	-0,07328745	-0,073534444
41893	113,625	-206,65605	-206,55217	-0,48181713	-0,06274946	-0,072466835	-0,07292901
41893	114,125	-204,70605	-204,62787	-0,47909319	-0,062189765	-0,071954355	-0,072377428
41893	114,625	-202,75606	-202,65489	-0,47684908	-0,061698548	-0,071352385	-0,071768031
41893	115,125	-200,80606	-200,69321	-0,4730165	-0,061106976	-0,070820466	-0,071147785
41893	115,625	-198,85605	-198,73193	-0,46960711	-0,06060984	-0,070122637	-0,070563748
41893	116,125	-196,90605	-196,8248	-0,46570897	-0,060120586	-0,069565378	-0,070031941
41893	116,625	-194,95605	-194,83972	-0,46325922	-0,059582405	-0,068962701	-0,069419041
41893	117,125	-193,00606	-192,92821	-0,46053529	-0,058993552	-0,068268195	-0,068859361
41893	117,625	-191,05606	-190,92854	-0,45723021	-0,058486648	-0,067764148	-0,06818182
41893	118,125	-189,10605	-188,99609	-0,45349002	-0,057978697	-0,067189157	-0,067649305
41893	118,625	-187,15605	-187,05269	-0,45022666	-0,057383634	-0,066412933	-0,066979736
41893	119,125	-185,20605	-185,09921	-0,44643283	-0,056766771	-0,065823138	-0,066418104
41893	119,625	-183,25606	-183,17549	-0,44357777	-0,056327511	-0,065223649	-0,065845877
41893	120,125	-181,30605	-181,02419	-0,44014156	-0,055748705	-0,064549111	-0,065231919
41893	120,625	-179,35605	-179,37683	-0,43770075	-0,055269215	-0,064065583	-0,064766966
41893	121,125	-177,40605	-177,31029	-0,43466687	-0,054649211	-0,063378029	-0,064052366
41893	121,625	-175,45605	-175,39174	-0,43038726	-0,054149233	-0,06281741	-0,063488275
41893	122,125	-173,50606	-173,17096	-0,42714179	-0,053487565	-0,062022272	-0,062713698
41893	122,625	-171,55605	-171,27991	-0,42378604	-0,05297064	-0,061452545	-0,062194046
41893	123,125	-169,60605	-169,37762	-0,42060614	-0,052537434	-0,060846493	-0,061548725
41893	123,625	-167,65605	-167,58224	-0,41720271	-0,051925711	-0,060288835	-0,061064173
41893	124,125	-165,70605	-165,73849	-0,41465759	-0,05147589	-0,059689719	-0,060394231
41893	124,625	-163,75606	-163,82782	-0,41050017	-0,050901074	-0,059015941	-0,059834808
41893	125,125	-161,80605	-161,93846	-0,4072994	-0,050369419	-0,05838979	-0,059286445
41893	125,625	-159,85605	-159,78557	-0,40334761	-0,049795449	-0,05782184	-0,058620658
41893	126,125	-157,90605	-157,89647	-0,39891601	-0,049214911	-0,057097312	-0,057989396
41893	126,625	-155,95605	-155,93106	-0,3967464	-0,048702128	-0,056476142	-0,057408463
41893	127,125	-154,00606	-154,02046	-0,39318204	-0,048149571	-0,055894293	-0,056771196
41893	127,625	-152,05605	-152,09265	-0,39023757	-0,047674336	-0,055311684	-0,056197233
41893	128,125	-150,10605	-150,194	-0,38679242	-0,047124982	-0,054609675	-0,055635657
41893	128,625	-148,15605	-148,11417	-0,38203001	-0,046555154	-0,053907692	-0,054951511
41893	129,125	-146,20605	-146,17145	-0,37914217	-0,045912854	-0,05334774	-0,054425746
41893	129,625	-144,25606	-144,20505	-0,37521422	-0,045410253	-0,052699868	-0,053706519
41893	130,125	-142,30605	-142,28136	-0,3724128	-0,044882167	-0,05203804	-0,053156294
41893	130,625	-140,35605	-140,34044	-0,36893189	-0,044357888	-0,05135601	-0,052508354
41893	131,125	-138,40605	-138,27655	-0,36407709	-0,043711346	-0,050785422	-0,051841766
41893	131,625	-136,45605	-135,77045	-0,36058426	-0,043127101	-0,049813546	-0,051087059
41893	132,125	-134,50606	-133,60078	-0,35710931	-0,042462699	-0,049285945	-0,050347045
41893	132,625	-132,55605	-131,7357	-0,35382211	-0,041854084	-0,048547469	-0,049731314
41893	133,125	-130,60605	-129,81793	-0,35088062	-0,041324567	-0,047948219	-0,049098164
41893	133,625	-128,65605	-128,05324	-0,34806728	-0,040823974	-0,047480173	-0,048534751
41893	134,125	-126,70605	-126,38809	-0,34564734	-0,040353511	-0,046898015	-0,048000418
41893	134,625	-124,75605	-124,52483	-0,34201145	-0,039778601	-0,04633306	-0,04743214
41893	135,125	-122,80605	-122,59049	-0,33884645	-0,039301217	-0,045611281	-0,046838962
41893	135,625	-120,85605	-120,59357	-0,3347069	-0,038691904	-0,044982832	-0,046142496
41893	136,125	-118,90605	-118,62619	-0,33109486	-0,038187042	-0,044406299	-0,045516066
41893	136,625	-116,95605	-116,87491	-0,32733083	-0,037646115	-0,043684926	-0,044907257
41893	137,125	-115,00605	-114,713	-0,32333434	-0,036980473	-0,043143231	-0,044194214
41893	137,625	-113,05605	-112,94305	-0,31998158	-0,036498711	-0,042451482	-0,043722667
41893	138,125	-111,10605	-111,08634	-0,3164649	-0,035952754	-0,041826293	-0,043000229
41893	138,625	-109,15605	-108,96712	-0,31282306	-0,035348244	-0,041142106	-0,042307064
41893	139,125	-107,20605	-107,07986	-0,30870438	-0,03482556	-0,040494971	-0,04175511
41893	139,625	-105,25605	-105,22536	-0,30543804	-0,034304444	-0,039914161	-0,041013569
41893	140,125	-103,30605	-103,26852	-0,3020674	-0,033674978	-0,039284207	-0,040437631
41893	140,625	-101,35605	-101,21111	-0,29836893	-0,033097945	-0,03855164	-0,039754406
41893	141,125	-99,406052	-99,288208	-0,29376447	-0,032594599	-0,038026366	-0,039077729
41893	141,625	-97,456055	-97,539452	-0,29143989	-0,032025084	-0,037274789	-0,038490899
41893	142,125	-95,50605	-95,532646	-0,28733909	-0,031555526	-0,036645621	-0,037751801
41893	142,625	-93,556053	-93,474045	-0,28220713	-0,030903984	-0,035919346	-0,037102997
41893	143,125	-91,606049	-91,455009	-0,27964711	-0,030373957	-0,035354894	-0,036347814
41893	143,625	-89,656052	-89,6437	-0,27435124	-0,02973865	-0,034740329	-0,035755187
41893	144,125	-87,706047	-87,753838	-0,27093887	-0,029281192	-0,034130856	-0,035096414
41893	144,625	-85,75605	-85,652061	-0,26632845	-0,028621219	-0,033400778	-0,03429009
41893	145,125	-83,806053	-83,668312	-0,26318729	-0,028057046	-0,032825239	-0,033631302
41893	145,625	-81,856049	-81,790825	-0,25858879	-0,027623549	-0,032050025	-0,032997161
41893	146,125	-79,906052	-79,952629	-0,25451481	-0,026951315	-0,031461835	-0,032336816
41893	146,625	-77,956047	-77,925629	-0,25058389	-0,026436176	-0,030747829	-0,031680651
41893	147,125	-76,00605	-75,855019	-0,24629235	-0,02586161	-0,030131921	-0,030884087
41893	147,625	-74,056053	-74,024391	-0,24239719	-0,025308929	-0,029654836	-0,030242935
41893	148,125	-72,106049	-72,233849	-0,23793578	-0,024805097	-0,028871089	-0,029634461
41893	148,625	-70,156052	-70,223709	-0,23448169	-0,024121869	-0,02829833	-0,028833613
41893	149,125	-68,206047	-68,149879	-0,22942722	-0,023597844	-0,027568806	-0,02813606
41893	149,625	-66,25605	-66,179184	-0,22577345	-0,023020504	-0,026975999	-0,027411617
41893	150,125	-64,306053	-64,283951	-0,22133291	-0,02251306	-0,026360216	-0,026721731
41893	150,625	-62,356049	-62,425762	-0,21700859	-0,021911178	-0,025712986	-0,026088707
41893	151,125	-60,406052	-60,371578	-0,21285117	-0,021398121	-0,024906173	-0,025284559
41893	151,625	-58,456051	-58,318176	-0,20789504	-0,020795839	-0,024242954	-0,024525538
41893	152,125	-56,50605	-56,511902	-0,20326674	-0,0202187	-0,023718031	-0,023918077
41893	152,625	-54,556049	-54,600452	-0,19889176	-0,019644238	-0,023129741	-0,023112372
41893	153,125	-52,606049	-52,587601	-0,19498467	-0,019108642	-0,02232933	-0,022499323
41893	153,625	-50,656052	-50,542114	-0,19037426	-0,018504489	-0,021680476	-0,021667764
41893	154,125	-48,706051	-48,666687	-0,18488169	-0,01791803	-0,021004083	-0,020990007
41893	154,625	-46,75605	-46,845036	-0,18067956	-0,017333997	-0,020419525	-0,020264924
41893	155,125	-44,806049	-44,81501	-0,1760006	-0,016707629	-0,01980043	-0,01952558
41893	155,625	-42,856049	-42,760983	-0,17071068	-0,016225994	-0,018965773	-0,01880978
41893	156,125	-40,906048	-40,840286	-0,16572773	-0,015583534	-0,018458843	-0,018092424
41893	156,625	-38,956051	-39,067478	-0,16132593	-0,015127277	-0,017855357	-0,017413989
41893	157,125	-37,00605	-37,079212	-0,15583336	-0,014524903	-0,017071297	-0,016624182
41893	157,625	-35,056049	-34,98983	-0,15132427	-0,01388404	-0,016486134	-0,015877418
41893	158,125	-33,106049	-33,020988	-0,14624894	-0,013326894	-0,015615988	-0,015066072
41893	158,625	-31,15605	-31,232389	-0,14133751	-0,012752928	-0,015079013	-0,014504425
41893	159,125	-29,206049	-29,313955	-0,13644993	-0,012219802	-0,014386874	-0,013664201
41893	159,625	-27,25605	-27,256746	-0,13076067	-0,011632897	-0,013649381	-0,012967058
41893	160,125	-25,306049	-25,188162	-0,12488663	-0,010986619	-0,012986752	-0,012153372
41893	160,625	-23,356049	-23,418833	-0,11930466	-0,010408401	-0,01230849	-0,011549197
41893	161,125	-21,40605	-21,485916	-0,11381805	-0,0097956471	-0,011679965	-0,010761738
41893	161,625	-19,456049	-19,466434	-0,10775328	-0,0092298388	-0,010988476	-0,010071523
41893	162,125	-17,506048	-17,39086	-0,10208488	-0,0085295625	-0,010124846	-0,0092450902
41893	162,625	-15,556049	-15,506963	-0,095453858	-0,0079271384	-0,009513936	-0,008621715
41893	163,125	-13,606049	-13,675157	-0,089508295	-0,0074036121	-0,0087174578	-0,0078982562
41893	163,625	-11,656049	-11,682016	-0,082066655	-0,0067187361	-0,0080137625	-0,0072919056
41893	164,125	-9,706049	-9,5959787	-0,074341893	-0,0060516819	-0,0072229989	-0,0065191612
41893	164,625	-7,7560487	-7,6930022	-0,067406893	-0,0054539777	-0,0063808369	-0,0059134215
41893	165,125	-5,8060489	-5,852623	-0,057810545	-0,0048065707	-0,0057809125	-0,0052140132
41893	165,625	-3,9803205	-3,9536431	-0,047263503	-0,004229553	-0,0050186142	-0,0046162233
41893	166,125	-5,9303203	-5,6461377	-0,05415082	-0,0046176426	-0,0054641487	-0,0050981864
41893	166,625	-7,8803205	-7,6698251	-0,062155724	-0,0051907338	-0,0061838217	-0,0057311207
41893	167,125	-9,8303204	-9,7938623	-0,070488453	-0,0057806186	-0,0067342697	-0,0063578039
41893	167,625	-11,78032	-11,87113	-0,076299906	-0,0063499995	-0,0075539085	-0,007141225
41893	168,125	-13,730321	-13,745664	-0,083839893	-0,0068377666	-0,0081203058	-0,0076579526
41893	168,625	-15,680321	-15,612868	-0,088876486	-0,0073734783	-0,0087805372	-0,0083372742
41893	169,125	-17,630322	-17,620588	-0,095254183	-0,0078574419	-0,0094302706	-0,0089963377
41893	169,625	-19,58032	-19,726711	-0,10077059	-0,0084101334	-0,010142152	-0,0097452477
41893	170,125	-21,530321	-21,634874	-0,10578334	-0,0089020543	-0,010802784	-0,010441408
41893	170,625	-23,48032	-23,425583	-0,11142194	-0,0093656294	-0,011284999	-0,011057496
41893	171,125	-25,430321	-25,421545	-0,11752844	-0,0099385343	-0,011863879	-0,011769988
41893	171,625	-27,380322	-27,478897	-0,12218952	-0,010462444	-0,012644826	-0,012464367
41893	172,125	-29,33032	-29,521965	-0,12709796	-0,011083812	-0,013304881	-0,013262786
41893	172,625	-31,280321	-31,313309	-0,13211668	-0,011530951	-0,013842529	-0,013775893
41893	173,125	-33,23032	-33,199966	-0,13663769	-0,012098305	-0,014503753	-0,014516234
41893	173,625	-35,180321	-35,21825	-0,14182925	-0,012565926	-0,01512264	-0,015158474
41893	174,125	-37,130322	-37,321369	-0,14590025	-0,013108864	-0,015832776	-0,015990019
41893	174,625	-39,080322	-39,204079	-0,15021563	-0,013645519	-0,016445382	-0,01658617
41893	175,125	-41,030323	-41,037682	-0,15524328	-0,014163854	-0,01711558	-0,017295949
41893	175,625	-42,98032	-42,972424	-0,16050637	-0,014693832	-0,017783282	-0,017875239
41893	176,125	-44,930321	-45,06567	-0,16538203	-0,015243856	-0,018329797	-0,018743016
41893	176,625	-46,880322	-47,039192	-0,17007887	-0,015825707	-0,01907008	-0,019350193
41893	177,125	-48,830322	-48,845955	-0,17368495	-0,016254432	-0,019695273	-0,020055123
41893	177,625	-50,780323	-50,749344	-0,17957985	-0,016849684	-0,020286759	-0,020736381
41893	178,125	-52,73032	-52,751812	-0,18277764	-0,017422367	-0,020918565	-0,021420419
41893	178,625	-54,680321	-54,838604	-0,18791258	-0,017958853	-0,021560393	-0,022163361
41893	179,125	-56,630322	-56,683186	-0,19178987	-0,018475983	-0,022180187	-0,022800699
41893	179,625	-58,580322	-58,55024	-0,19643903	-0,018966075	-0,022788966	-0,023487598
41893	180,125	-60,530323	-60,530838	-0,20007789	-0,019521905	-0,023405293	-0,024152718
41893	180,625	-62,48032	-62,636181	-0,20549893	-0,020093622	-0,0242454	-0,024921477
41893	181,125	-64,430321	-64,587593	-0,20939708	-0,020651912	-0,024722006	-0,025582731
41893	181,625	-66,380325	-66,366898	-0,21274388	-0,021163205	-0,025377262	-0,026191637
41893	182,125	-68,330322	-68,308342	-0,21778643	-0,021665579	-0,02596553	-0,026881993
41893	182,625	-70,280319	-70,405685	-0,22175014	-0,022288563	-0,026680831	-0,027603678
41893	183,125	-72,230324	-72,441032	-0,22612512	-0,022884427	-0,02741592	-0,028300472
41893	183,625	-74,180321	-74,273041	-0,22996068	-0,023324223	-0,027884729	-0,028988302
41893	184,125	-76,130325	-76,096077	-0,23409724	-0,023875123	-0,028579336	-0,029580735
41893	184,625	-78,080322	-78,176376	-0,23874342	-0,024418063	-0,029247463	-0,030346736
41893	185,125	-80,030319	-80,214523	-0,24299622	-0,025071768	-0,02992605	-0,030952811
41893	185,625	-81,980324	-82,155014	-0,24614334	-0,02559544	-0,030555205	-0,031742908
41893	186,125	-83,930321	-83,893372	-0,25081038	-0,02605758	-0,03111575	-0,032253772
41893	186,625	-85,880325	-85,875717	-0,2548784	-0,026634889	-0,031816568	-0,032959603
41893	187,125	-87,830322	-87,98204	-0,25865436	-0,027153179	-0,032466255	-0,033649534
41893	187,625	-89,780319	-89,979759	-0,26308894	-0,027746966	-0,033093788	-0,034361884
41893	188,125	-91,730324	-91,749657	-0,26635826	-0,028287129	-0,033733252	-0,035047159
41893	188,625	-93,680321	-93,626579	-0,27071238	-0,028760508	-0,034272358	-0,035664111
41893	189,125	-95,630325	-95,712593	-0,27406216	-0,029392214	-0,034996148	-0,036400713
41893	189,625	-97,580322	-97,774261	-0,27821064	-0,029999316	-0,035751168	-0,037035912
41893	190,125	-99,530319	-99,703865	-0,28182268	-0,030424196	-0,036295656	-0,037763759
41893	190,625	-101,48032	-101,42786	-0,28614402	-0,030943092	-0,036968801	-0,038310304
41893	191,125	-103,43032	-103,44575	-0,28992891	-0,031536348	-0,037664413	-0,039076656
41893	191,625	-105,38033	-105,49612	-0,29367208	-0,032104369	-0,038296275	-0,039743394
41893	192,125	-107,33032	-107,52757	-0,29795468	-0,032662988	-0,039017752	-0,040463619
41893	192,625	-109,28032	-109,26995	-0,30116439	-0,033233296	-0,039540119	-0,04088828
41893	193,125	-111,23032	-111,22025	-0,30504465	-0,033735856	-0,040212836	-0,041718312
41893	193,625	-113,18032	-113,23096	-0,30909777	-0,034337811	-0,040983152	-0,042292081
41893	194,125	-115,13033	-115,30242	-0,31273961	-0,034948919	-0,041561402	-0,043046065
41893	194,625	-117,08032	-117,15494	-0,31676888	-0,0354327	-0,042248245	-0,043610312
41893	195,125	-119,03033	-118,98161	-0,32059252	-0,035953041	-0,042827088	-0,044255629
41893	195,625	-120,98032	-120,96892	-0,3246516	-0,036558494	-0,043526821	-0,044921272
41893	196,125	-122,93032	-123,03734	-0,32828748	-0,037212603	-0,044206005	-0,045601629
41893	196,625	-124,88033	-125,04329	-0,33111572	-0,037740625	-0,044850387	-0,046223126
41893	197,125	-126,83032	-126,79674	-0,33520758	-0,038243908	-0,045462623	-0,046855628
41893	197,625	-128,78032	-128,74075	-0,3400445	-0,038721237	-0,04608731	-0,047470599
41893	198,125	-130,73032	-130,81761	-0,34233928	-0,03937	-0,046889301	-0,048135087
41893	198,625	-132,68033	-132,87703	-0,34615397	-0,039944246	-0,047476474	-0,048835441
41893	199,125	-134,63033	-134,70108	-0,34947991	-0,040433239	-0,048023473	-0,049427658
41893	199,625	-136,58032	-136,5946	-0,35398006	-0,041005552	-0,048736386	-0,050139032
41893	200,125	-138,53032	-138,54982	-0,35751462	-0,041601568	-0,049397293	-0,050694644
41893	200,625	-140,48032	-140,68959	-0,36090016	-0,042222992	-0,050045196	-0,051453754
41893	201,125	-142,43033	-142,57501	-0,36467314	-0,042725805	-0,050792266	-0,052008159
41893	201,625	-144,38033	-144,39847	-0,36777556	-0,043294076	-0,051279675	-0,052666917
41893	202,125	-146,33032	-146,29716	-0,37164688	-0,04376955	-0,051969662	-0,053205766
41893	202,625	-148,28032	-148,37976	-0,37505031	-0,04438673	-0,052673254	-0,053963244
41893	203,125	-150,23033	-150,44522	-0,37868321	-0,044929188	-0,053272258	-0,054558389
41893	203,625	-152,18033	-152,25613	-0,38194358	-0,045492452	-0,053985875	-0,055180438
41893	204,125	-154,13033	-154,0925	-0,38585067	-0,046045087	-0,054578554	-0,055777315
41893	204,625	-156,08032	-156,12276	-0,38933754	-0,046678096	-0,055226263	-0,056456644
41893	205,125	-158,03032	-158,22989	-0,39263666	-0,047280788	-0,055997863	-0,057128634
41893	205,625	-159,98033	-160,14677	-0,39566755	-0,047781445	-0,0565845	-0,057746485
41893	206,125	-161,93033	-161,96741	-0,39926767	-0,048374847	-0,057271488	-0,058357295
41893	206,625	-163,88033	-163,87321	-0,40285587	-0,048818059	-0,057844725	-0,05901349
41893	207,125	-165,83032	-165,97585	-0,40679276	-0,049482718	-0,058519866	-0,059687868
41893	207,625	-167,78032	-167,96404	-0,40969551	-0,050035752	-0,059227772	-0,060255371
41893	208,125	-169,73033	-169,83716	-0,41226745	-0,050587997	-0,059882581	-0,060853206
41893	208,625	-171,68033	-171,63893	-0,41708052	-0,051107291	-0,060452264	-0,061499126
41893	209,125	-173,63033	-173,67026	-0,42053163	-0,051697176	-0,061023861	-0,062178437
41893	209,625	-175,58032	-175,77991	-0,42338967	-0,05231199	-0,061756574	-0,062818915
41893	210,125	-177,53032	-177,66141	-0,42695105	-0,052880555	-0,06248036	-0,06349422
41893	210,625	-179,48033	-179,45036	-0,43127239	-0,05337349	-0,063047498	-0,064043671
41893	211,125	-181,43033	-181,38614	-0,43407381	-0,053957488	-0,063700408	-0,064673245
41893	211,625	-183,38033	-183,51826	-0,43795109	-0,054577764	-0,064421929	-0,065328255
41893	212,125	-185,33032	-185,51485	-0,44147074	-0,055114985	-0,065008074	-0,066020325
41893	212,625	-187,28032	-187,33015	-0,44460893	-0,055627201	-0,065686531	-0,066651136
41893	213,125	-189,23033	-189,15508	-0,44736564	-0,056154389	-0,066252053	-0,067168757
41893	213,625	-191,18033	-191,25632	-0,45090616	-0,056819554	-0,066962905	-0,067942873
41893	214,125	-193,13033	-193,30414	-0,45394599	-0,057404343	-0,067781083	-0,068505943
41893	214,625	-195,08032	-195,24719	-0,45751035	-0,057944223	-0,068231262	-0,069173642
41893	215,125	-197,03032	-196,96341	-0,46130717	-0,05850815	-0,068908878	-0,069739573
41893	215,625	-198,98033	-198,89087	-0,46432614	-0,059013359	-0,069477275	-0,070343234
41893	216,125	-200,93033	-201,02684	-0,46730936	-0,059724644	-0,070333205	-0,071000397
41893	216,625	-202,88033	-203,06097	-0,47225058	-0,060184348	-0,071051709	-0,071661457
41893	217,125	-204,83032	-204,81564	-0,47500134	-0,060722705	-0,071475923	-0,072243109
41893	217,625	-206,78032	-206,69841	-0,47751367	-0,061214969	-0,072160698	-0,072824463
41893	218,125	-208,73033	-208,76384	-0,48172176	-0,061934166	-0,072871715	-0,07354708
41893	218,625	-210,68033	-210,88606	-0,48464537	-0,062435105	-0,07345368	-0,074204043
41893	219,125	-212,63033	-212,74959	-0,48852861	-0,063047454	-0,074048147	-0,074814074
41893	219,625	-214,58032	-214,50389	-0,49187839	-0,063568167	-0,074703224	-0,075394787
41893	220,125	-216,53032	-216,50464	-0,49505234	-0,064112104	-0,07535556	-0,076056838
41893	220,625	-218,48033	-218,62915	-0,49875081	-0,064744025	-0,076107368	-0,076679572
41893	221,125	-220,43033	-220,65819	-0,50192475	-0,065299898	-0,076706715	-0,07734511
41893	221,625	-222,38033	-222,37744	-0,50446689	-0,065800183	-0,077285267	-0,077960536
41893	222,125	-224,33032	-224,22412	-0,5084306	-0,066244319	-0,077933788	-0,078454792
41893	222,625	-226,28032	-226,39742	-0,51212013	-0,066964738	-0,078666516	-0,079255968
41893	223,125	-228,23033	-228,45935	-0,51522553	-0,067594826	-0,079335563	-0,079825759
41893	223,625	-230,18033	-230,31299	-0,51766932	-0,068109497	-0,079939641	-0,080509081
41893	224,125	-232,13033	-232,00735	-0,52209496	-0,06867639	-0,080557257	-0,081056185
41893	224,625	-234,08032	-234,06119	-0,52626729	-0,069273844	-0,081368618	-0,081745327
41893	225,125	-236,03032	-236,20583	-0,5292058	-0,069908649	-0,081902631	-0,082353204
41893	225,625	-237,98033	-238,22447	-0,53218007	-0,07050088	-0,08261013	-0,083068423
41893	226,125	-239,93033	-239,93315	-0,53455234	-0,070976421	-0,083123118	-0,083591908
41893	226,625	-241,88033	-241,76808	-0,53763986	-0,071488455	-0,083830975	-0,08421912
41893	227,125	-243,83032	-243,90218	-0,54164231	-0,072124653	-0,084504783	-0,084908716
41893	227,625	-245,78032	-245,98849	-0,54481328	-0,072788969	-0,085179195	-0,08552897
41893	228,125	-247,73033	-247,91005	-0,54816902	-0,073377922	-0,085796215	-0,086243004
41893	228,625	-246,33565	-246,35135	-0,5464375	-0,072918169	-0,085442118	-0,085783251
41893	229,125	-244,38565	-244,35818	-0,54362714	-0,072503448	-0,084817953	-0,08525563
41893	229,625	-242,43564	-242,58643	-0,54112673	-0,071979806	-0,084410973	-0,084710293
41893	230,125	-240,48564	-240,64888	-0,53761005	-0,071496472	-0,083829224	-0,084180363
41893	230,625	-238,53564	-238,4977	-0,53504705	-0,070979804	-0,083070673	-0,083653316
41893	231,125	-236,58565	-236,40581	-0,53194165	-0,070348389	-0,082595438	-0,083023757
41893	231,625	-234,63565	-234,60286	-0,52905679	-0,069858953	-0,081974238	-0,082509644
41893	232,125	-232,68564	-232,74039	-0,52612126	-0,069434583	-0,08143343	-0,081896186
41893	232,625	-230,73564	-230,79138	-0,52318871	-0,068892844	-0,08090701	-0,081420831
41893	233,125	-228,78564	-228,60002	-0,51888525	-0,06824775	-0,080160148	-0,080734104
41893	233,625	-226,83565	-226,65898	-0,51702857	-0,067792282	-0,079601362	-0,08022058
41893	234,125	-224,88565	-224,83475	-0,51274598	-0,067251459	-0,079131983	-0,079594888
41893	234,625	-222,93564	-222,97939	-0,51091015	-0,066725306	-0,078490272	-0,079063714
41893	235,125	-220,98564	-220,87144	-0,50762594	-0,0661259	-0,077889003	-0,078405768
41893	235,625	-219,03564	-218,7869	-0,50385892	-0,065643445	-0,077303804	-0,077780813
41893	236,125	-217,08565	-216,93703	-0,50148666	-0,065161616	-0,076619841	-0,077259846
41893	236,625	-215,13565	-215,10974	-0,4979074	-0,0646424	-0,0761282	-0,076686263
41893	237,125	-213,18564	-213,18784	-0,49468279	-0,064123511	-0,075467177	-0,076125309
41893	237,625	-211,23564	-211,05991	-0,49130917	-0,063582599	-0,074918903	-0,075536802
41893	238,125	-209,28564	-209,08833	-0,48795044	-0,062991858	-0,074320652	-0,074940711
41893	238,625	-207,33565	-207,25452	-0,48475266	-0,062545151	-0,073713079	-0,074374542
41893	239,125	-205,38565	-205,43604	-0,48290491	-0,062020451	-0,073187254	-0,073882282
41893	239,625	-203,43564	-203,36293	-0,47868788	-0,061399333	-0,07247559	-0,073230378
41893	240,125	-201,48564	-201,28473	-0,47564209	-0,060853615	-0,071913965	-0,07257919
41893	240,625	-199,53564	-199,37	-0,47173202	-0,06039324	-0,071325257	-0,071991548
41893	241,125	-197,58565	-197,54247	-0,46917498	-0,059927974	-0,07066343	-0,071411386
41893	241,625	-195,63565	-195,6481	-0,46617687	-0,059310794	-0,070136301	-0,07092908
41893	242,125	-193,68564	-193,52255	-0,46298206	-0,058761626	-0,06947165	-0,070202097
41893	242,625	-191,73564	-191,54131	-0,46019256	-0,058188051	-0,068722822	-0,069656536
41893	243,125	-189,78564	-189,63882	-0,45634806	-0,057607077	-0,068264	-0,069044352
41893	243,625	-187,83565	-187,86313	-0,45266151	-0,057132289	-0,067670181	-0,068550743
41893	244,125	-185,88565	-185,82285	-0,45028627	-0,056602921	-0,066955641	-0,067860097
41893	244,625	-183,93564	-183,74023	-0,44666827	-0,055934161	-0,066413231	-0,067197815
41893	245,125	-181,98564	-181,77951	-0,44386089	-0,05540017	-0,065671302	-0,066670343
41893	245,625	-180,03564	-179,94615	-0,4401207	-0,05488221	-0,065170437	-0,066045642
41893	246,125	-178,08565	-178,09863	-0,43738186	-0,054458525	-0,064512677	-0,065546557
41893	246,625	-176,13564	-176,02829	-0,43442249	-0,053804047	-0,063880287	-0,064888418
41893	247,125	-174,18564	-174,01213	-0,43121576	-0,053345319	-0,063289888	-0,064291947
41893	247,625	-172,23564	-172,078	-0,42794645	-0,052807178	-0,062616408	-0,063660324
41893	248,125	-170,28564	-170,30113	-0,42420626	-0,052247211	-0,062130105	-0,063151851
41893	248,625	-168,33565	-168,33289	-0,42032301	-0,051718175	-0,061383978	-0,062454689
41893	249,125	-166,38564	-166,29196	-0,41758418	-0,051152308	-0,060748801	-0,061899502
41893	249,625	-164,43564	-164,25378	-0,41419864	-0,050532497	-0,060197145	-0,061185081
41893	250,125	-162,48564	-162,43866	-0,41022003	-0,050065655	-0,059513606	-0,060678814
41893	250,625	-160,53564	-160,54936	-0,40782094	-0,049534027	-0,058951527	-0,060051996
41893	251,125	-158,58565	-158,54753	-0,40410757	-0,04903169	-0,058401033	-0,059466753
41893	251,625	-156,63564	-156,44118	-0,40024221	-0,048326593	-0,057529233	-0,058780223
41893	252,125	-154,68564	-154,52997	-0,39745271	-0,047854763	-0,05708725	-0,058177039
41893	252,625	-152,73564	-152,72954	-0,393942	-0,047273632	-0,056371182	-0,057578061
41893	253,125	-150,78564	-150,81517	-0,39100051	-0,046798509	-0,055802979	-0,056971531
41893	253,625	-148,83565	-148,80318	-0,38765669	-0,04617596	-0,055143647	-0,056366954
41893	254,125	-146,88564	-146,74033	-0,38406253	-0,045568623	-0,054475531	-0,055741012
41893	254,625	-144,93564	-144,89607	-0,38051605	-0,045164388	-0,05391765	-0,055110604
41893	255,125	-142,98564	-143,02614	-0,37775636	-0,04453744	-0,053279083	-0,054510474
41893	255,625	-141,03564	-141,10745	-0,37417114	-0,044026528	-0,052745484	-0,054011464
41893	256,125	-139,08565	-138,95586	-0,37064552	-0,043511659	-0,051973559	-0,053186312
41893	256,625	-137,13564	-136,99461	-0,36759973	-0,042892274	-0,051313706	-0,052609175
41893	257,125	-135,18564	-135,1111	-0,3631562	-0,04235423	-0,050700985	-0,051989876
41893	257,625	-133,23564	-133,26016	-0,35953224	-0,041832816	-0,049980231	-0,051377013
41893	258,125	-131,28564	-131,27074	-0,35560727	-0,041284863	-0,049412675	-0,050815396
41893	258,625	-129,33565	-129,19518	-0,35221875	-0,040750325	-0,048713919	-0,050064526
41893	259,125	-127,38564	-127,26379	-0,34887493	-0,040193092	-0,048111193	-0,049535103
41893	259,625	-125,43564	-125,35377	-0,34554899	-0,039597914	-0,047400616	-0,048818082
41893	260,125	-123,48564	-123,52153	-0,34164488	-0,039066009	-0,046811629	-0,048262842
41893	260,625	-121,53564	-121,42974	-0,33786595	-0,038519289	-0,046112526	-0,047547258
41893	261,125	-119,58564	-119,41286	-0,33464432	-0,037838474	-0,04550796	-0,04692962
41893	261,625	-117,63564	-117,48174	-0,33051372	-0,037342183	-0,044783399	-0,046235979
41893	262,125	-115,68564	-115,65569	-0,32732785	-0,036909699	-0,04419348	-0,045722403
41893	262,625	-113,73564	-113,72634	-0,32225847	-0,036266193	-0,043600745	-0,045015007
41893	263,125	-111,78564	-111,63511	-0,31967461	-0,035688575	-0,042772364	-0,04436221
41893	263,625	-109,83564	-109,65685	-0,31646192	-0,035114005	-0,042244751	-0,043669358
41893	264,125	-107,88564	-107,73872	-0,31226575	-0,03455326	-0,041536588	-0,043045744
41893	264,625	-105,93564	-105,90009	-0,30791759	-0,034000143	-0,040985215	-0,042422853
41893	265,125	-103,98564	-103,91029	-0,30436814	-0,033478014	-0,040415864	-0,041798711
41893	265,625	-102,03564	-101,88243	-0,30063093	-0,032899082	-0,039643653	-0,041057192
41893	266,125	-100,08564	-99,906181	-0,29703379	-0,032320775	-0,038981091	-0,040393278
41893	266,625	-98,135643	-98,081467	-0,29378235	-0,031756856	-0,038324974	-0,039776258
41893	267,125	-96,185638	-96,155899	-0,28972626	-0,031202339	-0,037663538	-0,039077602
41893	267,625	-94,235641	-94,165054	-0,28633177	-0,030724071	-0,037060607	-0,038431399
41893	268,125	-92,285645	-92,093758	-0,28199255	-0,030009028	-0,036299933	-0,037662819
41893	268,625	-90,33564	-90,219147	-0,27847588	-0,029492846	-0,035709869	-0,037098736
41893	269,125	-88,385643	-88,344978	-0,27368069	-0,028937986	-0,035095826	-0,036314882
41893	269,625	-86,435638	-86,477425	-0,2697438	-0,028395232	-0,034365445	-0,03577394
41893	270,125	-84,485641	-84,369171	-0,26682019	-0,027762873	-0,033707693	-0,034956329
41893	270,625	-82,535637	-82,426147	-0,26197731	-0,027313154	-0,033073708	-0,034327611
41893	271,125	-80,58564	-80,493179	-0,25855899	-0,026715986	-0,032456748	-0,033547789
41893	271,625	-78,635643	-78,714211	-0,25391579	-0,026215268	-0,031928945	-0,032972343
41893	272,125	-76,685638	-76,7173	-0,24955571	-0,025621297	-0,031176733	-0,032225087
41893	272,625	-74,735641	-74,654282	-0,24545193	-0,025013085	-0,030453218	-0,031556934
41893	273,125	-72,785637	-72,63842	-0,24190247	-0,024471186	-0,029776793	-0,030816048
41893	273,625	-70,83564	-70,799713	-0,2370894	-0,023924243	-0,029124716	-0,030149125
41893	274,125	-68,885643	-68,93058	-0,23286045	-0,023402579	-0,028595662	-0,029398777
41893	274,625	-66,935638	-66,950241	-0,22799969	-0,02280727	-0,027830794	-0,028737754
41893	275,125	-64,985641	-64,842308	-0,2240181	-0,02222451	-0,027154787	-0,027943447
41893	275,625	-63,035641	-62,92152	-0,21969676	-0,021634053	-0,026591517	-0,027277902
41893	276,125	-61,08564	-61,045403	-0,21544099	-0,021078775	-0,025842097	-0,026475914
41893	276,625	-59,135639	-59,198936	-0,21057129	-0,020624921	-0,025306335	-0,025854707
41893	277,125	-57,185638	-57,133945	-0,20589828	-0,01997437	-0,024494911	-0,025023051
41893	277,625	-55,235641	-55,102417	-0,20181239	-0,01938751	-0,023919636	-0,024343312
41893	278,125	-53,285641	-53,156582	-0,19719005	-0,018877238	-0,023290602	-0,023562409
41893	278,625	-51,33564	-51,325592	-0,19285977	-0,018293601	-0,02262147	-0,022900857
41893	279,125	-49,385639	-49,413448	-0,18739104	-0,017697442	-0,022043869	-0,022163138
41893	279,625	-47,435638	-47,355171	-0,18309057	-0,017137669	-0,021307413	-0,021423183
41893	280,125	-45,485641	-45,330212	-0,17860234	-0,01652653	-0,020675479	-0,02065289
41893	280,625	-43,535641	-43,471714	-0,1740545	-0,016052362	-0,0199547	-0,019909598
41893	281,125	-41,58564	-41,585423	-0,16931593	-0,015427243	-0,019276343	-0,019131586
41893	281,625	-39,635639	-39,677567	-0,16373992	-0,014885835	-0,018660069	-0,018459946
41893	282,125	-37,685638	-37,600636	-0,15930235	-0,014199803	-0,017934669	-0,017653085
41893	282,625	-35,735638	-35,637238	-0,15458465	-0,013747789	-0,017210217	-0,016903438
41893	283,125	-33,785641	-33,766109	-0,14861822	-0,013207965	-0,016664257	-0,016218826
41893	283,625	-31,83564	-31,871517	-0,14380217	-0,012673382	-0,015857676	-0,015404187
41893	284,125	-29,885639	-30,008392	-0,13873875	-0,012147818	-0,015268477	-0,01471895
41893	284,625	-27,935638	-27,872387	-0,13340712	-0,011470798	-0,014515353	-0,013867304
41893	285,125	-25,98564	-25,91367	-0,12809634	-0,010960367	-0,013793158	-0,013147302
41893	285,625	-24,035639	-24,030859	-0,12279451	-0,010379527	-0,013166992	-0,012431547
41893	286,125	-22,08564	-22,14595	-0,11640489	-0,0098160394	-0,012416314	-0,011680618
41893	286,625	-20,135639	-20,099554	-0,11088252	-0,0092333667	-0,011592863	-0,010925919
41893	287,125	-18,185638	-18,045277	-0,10445118	-0,0086212344	-0,010975111	-0,010178246
41893	287,625	-16,23564	-16,127291	-0,09791553	-0,0080284066	-0,010162231	-0,0094467774
41893	288,125	-14,285639	-14,267251	-0,092470646	-0,0075056218	-0,0094707385	-0,0087431967
41893	288,625	-12,335639	-12,371861	-0,08546412	-0,0068727098	-0,0087619685	-0,008047998
41893	289,125	-10,385639	-10,305123	-0,078725815	-0,0062679164	-0,0079525551	-0,0072780624
41893	289,625	-8,4356384	-8,3039856	-0,070384145	-0,0056877807	-0,0071020308	-0,006569989
41893	290,125	-6,4856386	-6,4510927	-0,06300509	-0,005072888	-0,0062982482	-0,0059858263
41893	290,625	-4,5356388	-4,577961	-0,052812696	-0,0044879094	-0,0056772265	-0,0052254349
41893	291,125	-3,927	-3,8681178	-0,047037005	-0,0041746423	-0,0053992383	-0,0049892366
41893	291,625	-3,927	-3,8572643	-0,047761202	-0,0042134933	-0,0052395728	-0,0049307048
41893	292,125	-3,927	-3,9126668	-0,047421455	-0,0042124279	-0,0052172262	-0,0049433261
41893	292,625	-3,927	-3,9237161	-0,047972798	-0,0041701905	-0,0052559273	-0,0048585534
41893	293,125	-3,927	-4,0046463	-0,047975779	-0,0041537471	-0,0052448283	-0,0049788728
41893	293,625	-3,927	-3,925966	-0,047940016	-0,0041578375	-0,0051967758	-0,0048225969
41893	294,125	-3,927	-3,7513804	-0,046557188	-0,0040437318	-0,0050570476	-0,0047984943
41893	294,625	-3,927	-3,7394018	-0,046595931	-0,0040371455	-0,0051342188	-0,0047097206
41893	295,125	-3,927	-3,8614013	-0,046131015	-0,0041043274	-0,0051952573	-0,0047819465
41893	295,625	-3,927	-3,883481	-0,047165155	-0,0040170662	-0,0051631765	-0,0047105178
41893	296,125	-3,927	-3,8970132	-0,046518445	-0,0041313469	-0,0051518003	-0,004808329
41893	296,625	-3,927	-3,8312449	-0,047716498	-0,0039944202	-0,0050871335	-0,0046775267
41893	297,125	-3,927	-3,8431008	-0,046595931	-0,0039936565	-0,0050622658	-0,004690662
41893	297,625	-3,927	-3,9321091	-0,046363473	-0,004041981	-0,0051417481	-0,0046837404
41893	298,125	-3,927	-3,9707682	-0,046464801	-0,0040200017	-0,0050608455	-0,0047482774
41893	298,625	-3,927	-3,9171669	-0,046271086	-0,0039911009	-0,0051190131	-0,0046978146
41893	299,125	-3,927	-3,8754437	-0,046226382	-0,0040955395	-0,0051266151	-0,0046731904
41893	299,625	-3,927	-3,8976912	-0,047194958	-0,004000064	-0,0050769919	-0,0046581775
41893	300,125	-3,927	-3,955245	-0,04657805	-0,0039990507	-0,0051019355	-0,0046423897
41893	300,625	-3,927	-3,9713774	-0,046378374	-0,0039494932	-0,0050282627	-0,0047045127
41893	301,125	-3,927	-3,9088688	-0,046110153	-0,0039587803	-0,0051003108	-0,0046397746
41893	301,625	-3,927	-3,8636625	-0,045579672	-0,0039434358	-0,0050356491	-0,004577145
41893	302,125	-3,927	-3,9003026	-0,046807528	-0,0039351434	-0,0049874536	-0,0046503022
41893	302,625	-3,927	-3,959244	-0,046741962	-0,0039929263	-0,0049598385	-0,0046137646
41893	303,125	-3,927	-3,9783976	-0,045973063	-0,0039877146	-0,004968937	-0,0046469495
41893	303,625	-3,927	-3,9129798	-0,046211481	-0,0039750934	-0,0050137471	-0,0045497268
41893	304,125	-3,927	-3,8733258	-0,046318769	-0,0039595552	-0,0050315741	-0,0045867264
41893	304,625	-3,927	-3,933223	-0,045862794	-0,0039574504	-0,0049368432	-0,0046397448
41893	305,125	-3,927	-3,9812829	-0,046190619	-0,003969416	-0,005051801	-0,0046028346
41893	305,625	-3,927	-3,9899144	-0,045317411	-0,0039578825	-0,0050076121	-0,0046037287
41893	306,125	-3,927	-3,9057825	-0,046503544	-0,0038917623	-0,0049165045	-0,0045718178
41893	306,625	-3,927	-3,9042997	-0,04594326	-0,0039255284	-0,0049400688	-0,0045784265
41893	307,125	-3,927	-3,921993	-0,045579672	-0,0039414801	-0,0050002071	-0,0045356303
41893	307,625	-3,927	-3,9986465	-0,04554987	-0,0039130226	-0,005024076	-0,0046352148
41893	308,125	-3,927	-3,9555171	-0,045973063	-0,0039172396	-0,0049617272	-0,0045602098
41893	308,625	-3,927	-3,9012134	-0,045263767	-0,0038748197	-0,0048924051	-0,0045678467
41893	309,125	-3,927	-3,8870518	-0,045248866	-0,0038889199	-0,0050058831	-0,0045640096
41893	309,625	-3,927	-3,9482992	-0,046423078	-0,0039623454	-0,0049815434	-0,0046603307
41893	310,125	-3,927	-3,9637294	-0,046044588	-0,003900744	-0,0048553715	-0,0045109764
41893	310,625	-3,927	-3,9737468	-0,045910478	-0,003973905	-0,0049683605	-0,0045706257
41893	311,125	-3,927	-3,8673654	-0,046372414	-0,0038389415	-0,0048474371	-0,0045359209
41893	311,625	-3,927	-3,8975234	-0,046226382	-0,0039117485	-0,0048910719	-0,0046000183
41893	312,125	-3,927	-3,9294548	-0,046160817	-0,0039537475	-0,0050589195	-0,0045397952
41893	312,625	-3,927	-4,0125718	-0,046008825	-0,0039036423	-0,005018298	-0,0046008453
41893	313,125	-3,927	-3,9262137	-0,045630336	-0,0038774237	-0,0049209814	-0,0045040846
41893	313,625	-3,927	-3,9060395	-0,046825409	-0,0039218739	-0,0048371525	-0,0045770034
41893	314,125	-3,927	-3,8735309	-0,0446558	-0,0038689151	-0,0049408907	-0,0044957995
41893	314,625	-3,927	-3,9775	-0,045633316	-0,0038972571	-0,0049563637	-0,0045835525
41893	315,125	-3,927	-3,9582961	-0,045764446	-0,0038751103	-0,0048015914	-0,004496634
41893	315,625	-3,927	-3,9492455	-0,045600533	-0,0038693994	-0,0049580983	-0,0045444071
41893	316,125	-3,927	-3,8631651	-0,044935942	-0,0037905946	-0,0048905401	-0,0044602528
41893	316,625	-3,927	-3,8976521	-0,04555285	-0,0038808547	-0,0048020058	-0,0044831485
41893	317,125	-3,927	-3,9445367	-0,045883656	-0,0038701072	-0,0049651256	-0,0044772699
41893	317,625	-3,927	-3,9866903	-0,045850873	-0,0038733892	-0,0048989938	-0,0044855326
41893	318,125	-3,927	-3,8939342	-0,046107173	-0,0039202422	-0,0049031787	-0,0044925883
41893	318,625	-3,927	-3,8534925	-0,045278668	-0,0037923418	-0,0048940317	-0,0044720396
41893	319,125	-3,927	-3,8870628	-0,045537949	-0,0038479082	-0,0047970661	-0,0044647381
41893	319,625	-3,927	-3,9420276	-0,046023726	-0,0038776956	-0,0048386324	-0,0044405535
41893	320,125	-3,927	-3,9719884	-0,045257807	-0,0038026534	-0,0048794118	-0,0044688135
41893	320,625	-3,927	-3,8787928	-0,04554987	-0,0038475953	-0,0049100332	-0,0044183061
41893	321,125	-5,2409649	-4,9888959	-0,049540401	-0,0041090734	-0,0052639679	-0,0048309416
41893	321,625	-7,1909652	-6,1856265	-0,055095553	-0,0044188574	-0,0055796308	-0,0051694065
41893	322,125	-9,1409655	-9,6754446	-0,068840384	-0,0053709932	-0,0068801465	-0,0064496025
41893	322,625	-11,090965	-11,6448	-0,07596314	-0,005847428	-0,0075304005	-0,0069571659
41893	323,125	-13,040965	-13,41816	-0,082430243	-0,0063743219	-0,0080238665	-0,0075590461
41893	323,625	-14,990965	-15,214613	-0,087335706	-0,0068120658	-0,0087496229	-0,0081482157
41893	324,125	-16,940966	-17,20919	-0,092962384	-0,007421378	-0,0094078109	-0,0089182332
41893	324,625	-18,890965	-19,15905	-0,098621845	-0,007998351	-0,01011245	-0,0095249489
41893	325,125	-20,840965	-21,151556	-0,10446608	-0,0084638074	-0,010784361	-0,010333695
41893	325,625	-22,790966	-22,911627	-0,10878444	-0,0089164972	-0,011307595	-0,010859065
41893	326,125	-24,740965	-24,825899	-0,11433065	-0,0094427988	-0,011932009	-0,011594772
41893	326,625	-26,690966	-26,773907	-0,11982322	-0,010006092	-0,012553228	-0,012197442
41893	327,125	-28,640966	-28,862015	-0,12485385	-0,010523144	-0,013315074	-0,013037853
41893	327,625	-30,590965	-30,776474	-0,12978911	-0,011055607	-0,013948263	-0,013707735
41893	328,125	-32,540966	-32,637764	-0,13425052	-0,01161145	-0,014549325	-0,014445685
41893	328,625	-34,490967	-34,511181	-0,1395613	-0,012169637	-0,015200602	-0,015044473
41893	329,125	-36,440968	-36,521957	-0,14402568	-0,012706857	-0,015924385	-0,015728831
41893	329,625	-38,390965	-38,540272	-0,14973283	-0,013225965	-0,016492872	-0,016524695
41893	330,125	-40,340965	-40,536133	-0,15340447	-0,013748404	-0,017245678	-0,017189689
41893	330,625	-42,290966	-42,335915	-0,15800595	-0,01422314	-0,017720567	-0,017861813
41893	331,125	-44,240967	-44,238255	-0,16278028	-0,014729898	-0,018430021	-0,018567428
41893	331,625	-46,190968	-46,257507	-0,16739964	-0,015303133	-0,019236011	-0,019248724
41893	332,125	-48,140965	-48,292633	-0,17177463	-0,015840249	-0,019756375	-0,019970343
41893	332,625	-50,090965	-50,255791	-0,17670393	-0,016376683	-0,020481631	-0,020754725
41893	333,125	-52,040966	-52,059574	-0,18094182	-0,016892036	-0,021030633	-0,021321282
41893	333,625	-53,990967	-53,999207	-0,18518269	-0,017426701	-0,021689095	-0,022017062
41893	334,125	-55,940968	-56,013794	-0,18986166	-0,018076358	-0,02239126	-0,022700556
41893	334,625	-57,890965	-58,102039	-0,19441843	-0,018541683	-0,022999145	-0,023518227
41893	335,125	-59,840965	-59,974827	-0,19845068	-0,019132938	-0,023684599	-0,024140157
41893	335,625	-61,790966	-61,813377	-0,20311773	-0,019649468	-0,024336768	-0,024847008
41893	336,125	-63,740967	-63,708855	-0,20674765	-0,020168265	-0,02500036	-0,025417984
41893	336,625	-65,690964	-65,80349	-0,21161437	-0,020741869	-0,025635315	-0,026240014
41893	337,125	-67,640968	-67,810265	-0,21555722	-0,021326471	-0,026277477	-0,026903063
41893	337,625	-69,590965	-69,774117	-0,22079051	-0,021852883	-0,026962552	-0,027709365
41893	338,125	-71,54097	-71,520622	-0,22356808	-0,022377703	-0,027632214	-0,028258704
41893	338,625	-73,490967	-73,483719	-0,22906661	-0,022943025	-0,028170783	-0,028970867
41893	339,125	-75,440964	-75,51899	-0,23217201	-0,023535954	-0,028862055	-0,02960676
41893	339,625	-77,390968	-77,616455	-0,23688972	-0,024094012	-0,029549981	-0,030398026
41893	340,125	-79,340965	-79,466545	-0,2410084	-0,024661329	-0,030271193	-0,030980371
41893	340,625	-81,29097	-81,312012	-0,24473667	-0,02515885	-0,030849548	-0,031722702
41893	341,125	-83,240967	-83,192848	-0,24871826	-0,02568702	-0,031469639	-0,032294273
41893	341,625	-85,190964	-85,288261	-0,25267899	-0,026268046	-0,032120243	-0,032998569
41893	342,125	-87,140968	-87,331001	-0,25767684	-0,026841629	-0,032894868	-0,033706263
41893	342,625	-89,090965	-89,215668	-0,26142597	-0,027324213	-0,033379637	-0,034364425
41893	343,125	-91,04097	-91,026085	-0,26473105	-0,027841108	-0,034120854	-0,034980729
41893	343,625	-92,990967	-92,956367	-0,26957989	-0,028423816	-0,034730077	-0,035694361
41893	344,125	-94,940964	-95,039543	-0,27320385	-0,029019335	-0,035345122	-0,036399789
41893	344,625	-96,890968	-97,106819	-0,27786791	-0,029580776	-0,036120173	-0,037150308
41893	345,125	-98,840965	-98,95636	-0,28174222	-0,030257016	-0,036695395	-0,037758127
41893	345,625	-100,79097	-100,79153	-0,28575659	-0,030770253	-0,037359286	-0,038439557
41893	346,125	-102,74097	-102,70234	-0,28951466	-0,031238254	-0,038022459	-0,039056107
41893	346,625	-104,69096	-104,78784	-0,29233992	-0,031835448	-0,038712204	-0,039817281
41893	347,125	-106,64097	-106,838	-0,29703081	-0,032377366	-0,039398972	-0,040460132
41893	347,625	-108,59097	-108,71442	-0,30082166	-0,032928128	-0,039957918	-0,041094549
41893	348,125	-110,54097	-110,50632	-0,30404031	-0,033491716	-0,040639434	-0,041714415
41893	348,625	-112,49097	-112,44968	-0,30803978	-0,034000672	-0,041288085	-0,042346276
41893	349,125	-114,44097	-114,53017	-0,31176209	-0,03461815	-0,041881248	-0,043037072
41893	349,625	-116,39097	-116,58939	-0,31587183	-0,035136402	-0,04263651	-0,043743297
41893	350,125	-118,34097	-118,48962	-0,31934381	-0,035754941	-0,043308392	-0,044394314
41893	350,625	-120,29097	-120,25642	-0,32332838	-0,036214322	-0,043865133	-0,044955999
41893	351,125	-122,24097	-122,21593	-0,32708943	-0,036797237	-0,044652645	-0,04561381
41893	351,625	-124,19097	-124,28203	-0,33117831	-0,037348714	-0,045258794	-0,046277829
41893	352,125	-126,14097	-126,34896	-0,33445656	-0,037983116	-0,045993786	-0,046995059
41893	352,625	-128,09097	-128,20274	-0,33846796	-0,038451731	-0,046497412	-0,047579996
41893	353,125	-130,04097	-130,01515	-0,34194589	-0,039016973	-0,047184229	-0,048267409
41893	353,625	-131,99097	-131,94406	-0,34494698	-0,039625775	-0,047837831	-0,048778176
41893	354,125	-133,94096	-134,07977	-0,34918487	-0,040286507	-0,048494354	-0,049609549
41893	354,625	-135,89096	-136,07512	-0,35333633	-0,040837634	-0,049223989	-0,050216578
41893	355,125	-137,84097	-137,98788	-0,35705566	-0,041303109	-0,049919207	-0,050922632
41893	355,625	-139,79097	-139,74734	-0,35966039	-0,04186935	-0,050482932	-0,051417045
41893	356,125	-141,74097	-141,7374	-0,36426485	-0,042400077	-0,05117429	-0,052161202
41893	356,625	-143,69096	-143,79884	-0,3670305	-0,043004807	-0,051797688	-0,052716047
41893	357,125	-145,64098	-145,87724	-0,37029684	-0,04358222	-0,052567154	-0,053498171
41893	357,625	-147,59097	-147,67316	-0,3739953	-0,044102676	-0,053233426	-0,054052107
41893	358,125	-149,54097	-149,50084	-0,37880838	-0,044608861	-0,05366696	-0,054724954
41893	358,625	-151,49097	-151,44746	-0,38205683	-0,045202561	-0,054474704	-0,055253312
41893	359,125	-153,44096	-153,53342	-0,38546026	-0,045793932	-0,055114105	-0,055940393
41893	359,625	-155,39098	-155,55901	-0,3882736	-0,046393394	-0,055775609	-0,05657034
41893	360,125	-157,34097	-157,43661	-0,39217174	-0,046942335	-0,056443684	-0,057208046
41893	360,625	-159,29097	-159,26518	-0,39517283	-0,047419816	-0,057086203	-0,05780568
41893	361,125	-161,24097	-161,24165	-0,3993541	-0,048092183	-0,057649799	-0,058459628
41893	361,625	-163,19096	-163,30391	-0,402233	-0,04868938	-0,058300927	-0,059068702
41893	362,125	-165,14098	-165,36961	-0,40671825	-0,04923597	-0,05909406	-0,059820198
41893	362,625	-167,09097	-167,18022	-0,40936768	-0,049732935	-0,059637938	-0,060414638
41893	363,125	-169,04097	-169,03177	-0,4131943	-0,05025965	-0,06023179	-0,061057545
41893	363,625	-170,99097	-170,97049	-0,41694939	-0,050856847	-0,06093679	-0,06161043
41893	364,125	-172,94096	-173,09801	-0,42021871	-0,051448658	-0,061661661	-0,062384214
41893	364,625	-174,89098	-175,09366	-0,42330325	-0,052064061	-0,062245633	-0,062980711
41893	365,125	-176,84097	-176,96948	-0,42613447	-0,052625526	-0,06293381	-0,063651085
41893	365,625	-178,79097	-178,74379	-0,43052137	-0,053088088	-0,063512482	-0,064144105
41893	366,125	-180,74097	-180,7435	-0,43368042	-0,053783566	-0,06421525	-0,0648693
41893	366,625	-182,69096	-182,77322	-0,43774545	-0,054322086	-0,064950556	-0,065457955
41893	367,125	-184,64098	-184,87654	-0,44078827	-0,054903075	-0,065585434	-0,066152036
41893	367,625	-186,59097	-186,66431	-0,44391751	-0,055418167	-0,066177614	-0,066743493
41893	368,125	-188,54097	-188,52522	-0,44810772	-0,055981785	-0,066730551	-0,067392267
41893	368,625	-190,49097	-190,48143	-0,45163929	-0,056485962	-0,067517258	-0,067976847
41893	369,125	-192,44096	-192,62192	-0,45467913	-0,05713623	-0,068228386	-0,06876713
41893	369,625	-194,39098	-194,59637	-0,45846105	-0,057629064	-0,068795063	-0,069295153
41893	370,125	-196,34097	-196,47925	-0,46122074	-0,058187924	-0,069501869	-0,06995032
41893	370,625	-198,29097	-198,25194	-0,46424568	-0,058703955	-0,070102043	-0,070475817
41893	371,125	-200,24097	-200,22607	-0,46724975	-0,059364624	-0,070600681	-0,071072772
41893	371,625	-202,19096	-202,32899	-0,47124624	-0,059990898	-0,071514718	-0,071824431
41893	372,125	-204,14098	-204,35295	-0,47395825	-0,060569983	-0,072023623	-0,072437942
41893	372,625	-206,09097	-206,21651	-0,47803223	-0,060973488	-0,072625645	-0,073127344
41893	373,125	-208,04097	-208,00504	-0,48139989	-0,061582536	-0,073357917	-0,073651925
41893	373,625	-209,99097	-210,01538	-0,4848212	-0,062079061	-0,073890679	-0,074355498
41893	374,125	-211,94096	-212,07536	-0,48729479	-0,062734887	-0,074673101	-0,074955091
41893	374,625	-213,89098	-214,16042	-0,49143136	-0,063340008	-0,075294435	-0,075637937
41893	375,125	-215,84097	-215,9371	-0,49464405	-0,06382747	-0,076004229	-0,076214023
41893	375,625	-217,79097	-217,74467	-0,49796402	-0,064424954	-0,076533131	-0,076752067
41893	376,125	-219,74097	-219,72966	-0,5019635	-0,065003641	-0,077099651	-0,077429652
41893	376,625	-221,69096	-221,84264	-0,50520599	-0,065579243	-0,077870809	-0,078155875
41893	377,125	-223,64098	-223,87692	-0,50826073	-0,066119909	-0,078644633	-0,07871677
41893	377,625	-225,59097	-225,659	-0,51064491	-0,066669881	-0,079080783	-0,079311185
41893	378,125	-227,54097	-227,47375	-0,51417947	-0,06721852	-0,079655193	-0,079954162
41893	378,625	-229,49097	-229,4552	-0,51812232	-0,067744613	-0,080323815	-0,080504894
41893	379,125	-231,44096	-231,64284	-0,52111447	-0,068316363	-0,081065685	-0,081320331
41893	379,625	-233,39098	-233,63908	-0,52427053	-0,068994924	-0,08175917	-0,081911519
41893	380,125	-235,34097	-235,41125	-0,52782595	-0,069495685	-0,082355693	-0,082506046
41893	380,625	-237,29097	-237,20488	-0,53116381	-0,0700721	-0,082910106	-0,083081588
41893	381,125	-239,24097	-239,19618	-0,53434372	-0,070654616	-0,083620407	-0,083661176
41893	381,625	-241,19096	-241,36568	-0,53827167	-0,071279272	-0,084191404	-0,084376708
41893	382,125	-243,14098	-243,37334	-0,54144561	-0,071800545	-0,084970422	-0,084990054
41893	382,625	-245,09097	-245,18251	-0,5443424	-0,072315767	-0,085545577	-0,085657991
41893	383,125	-247,04097	-246,96324	-0,54776669	-0,072877854	-0,086157776	-0,086164922
41893	383,625	-248	-248,12587	-0,54996312	-0,073284388	-0,086653955	-0,086649254
41893	384,125	-248	-248,22708	-0,55010319	-0,073365115	-0,086598329	-0,086663947
41893	384,625	-248	-248,21092	-0,55000484	-0,073413357	-0,086698391	-0,086741433
41893	385,125	-248	-248,00403	-0,55035055	-0,073307425	-0,08665593	-0,086687587
41893	385,625	-248	-247,90445	-0,55021644	-0,073320195	-0,086591832	-0,086666986
41893	386,125	-248	-247,99223	-0,54993927	-0,073333651	-0,086706355	-0,086767197
41893	386,625	-248	-248,07292	-0,55007339	-0,073428608	-0,086762652	-0,086793549
41893	387,125	-248	-248,09732	-0,55020154	-0,073446482	-0,086754061	-0,08679042
41893	387,625	-248	-247,97456	-0,55086613	-0,073400572	-0,086734146	-0,086813234
41893	388,125	-248	-247,83662	-0,55068731	-0,073304936	-0,08672595	-0,086753845
41893	388,625	-248	-247,97073	-0,55041611	-0,073384881	-0,086833604	-0,086873375
41893	389,125	-248	-248,07031	-0,55113435	-0,073524714	-0,086820588	-0,086924009
41893	389,625	-248	-248,12413	-0,55072904	-0,073546052	-0,086868934	-0,086983204
41893	390,125	-248	-247,90565	-0,55054724	-0,073463716	-0,086927973	-0,086898819
41893	390,625	-248	-247,85213	-0,55120289	-0,073509142	-0,086866394	-0,086916581
41893	391,125	-248	-247,96097	-0,55065453	-0,0735946	-0,086927868	-0,086948358
41893	391,625	-248	-248,08426	-0,55158138	-0,073520839	-0,086857356	-0,086953752
41893	392,125	-248	-248,09764	-0,55058002	-0,073567487	-0,086841114	-0,087008797
41893	392,625	-248	-247,88724	-0,5503118	-0,073534094	-0,086820766	-0,08691062
41893	393,125	-248	-247,89458	-0,55067241	-0,0736247	-0,086819984	-0,086980268
41893	393,625	-248	-247,90646	-0,55080652	-0,073553815	-0,086853735	-0,087015346
41893	394,125	-248	-247,72528	-0,55069923	-0,073546372	-0,086939685	-0,086989284
41893	394,625	-248	-246,98843	-0,5497694	-0,073309667	-0,08659409	-0,086713925
41893	395,125	-248	-247,98019	-0,55097938	-0,073630482	-0,086978875	-0,087077804
41893	395,625	-248	-247,82936	-0,55158138	-0,073571637	-0,086920425	-0,086985275
41893	396,125	-248	-247,95087	-0,55109262	-0,073664196	-0,086874761	-0,087117374
41893	396,625	-248	-247,99725	-0,55023432	-0,07364665	-0,087008327	-0,087047473
41893	397,125	-248	-248,08183	-0,55173337	-0,073715411	-0,087021068	-0,087126076
41893	397,625	-248	-247,9299	-0,551337	-0,073671624	-0,087016694	-0,087110609
41893	398,125	-248	-247,87437	-0,55179	-0,073675223	-0,087064661	-0,087162398
41893	398,625	-248	-247,92036	-0,55162609	-0,073687039	-0,086949348	-0,087066062
41893	399,125	-248	-248,07352	-0,55195689	-0,073767893	-0,087080546	-0,08720012
41893	399,625	-248	-248,07159	-0,55125654	-0,073716693	-0,087117895	-0,087142915
41893	400,125	-248	-247,93819	-0,55243969	-0,073679149	-0,087046824	-0,087201864
41893	400,625	-248	-247,86325	-0,55171847	-0,073747799	-0,087018669	-0,087094203
41893	401,125	-248	-247,9568	-0,55121183	-0,073766902	-0,087022424	-0,087189719
41893	401,625	-248	-248,05058	-0,55232942	-0,073711641	-0,087115154	-0,087170362
41893	402,125	-248	-248,05052	-0,55222511	-0,073755667	-0,087118387	-0,087183893
41893	402,625	-248	-247,96053	-0,55202544	-0,073694438	-0,087067828	-0,08718282
41893	403,125	-248	-247,87651	-0,55199564	-0,073736109	-0,087118581	-0,08716011
41893	403,625	-248	-247,99477	-0,55218637	-0,073721744	-0,087095924	-0,087273888
41893	404,125	-248	-248,05896	-0,55149198	-0,073824957	-0,087084956	-0,087248206
41893	404,625	-248	-248,09572	-0,5520165	-0,073775038	-0,087158225	-0,087250024
41893	405,125	-248	-247,95177	-0,55235326	-0,073719934	-0,087120026	-0,087221012
41893	405,625	-248	-247,9081	-0,55214465	-0,07380221	-0,087139808	-0,087218031
41893	406,125	-248	-247,95139	-0,5512625	-0,073757477	-0,087267764	-0,087255418
41893	406,625	-248	-248,05354	-0,55167675	-0,073855743	-0,087191448	-0,087232426
41893	407,125	-248	-248,13295	-0,55214167	-0,073872827	-0,087303773	-0,087357521
41893	407,625	-248	-247,92819	-0,55226982	-0,073746637	-0,087160178	-0,087235972
41893	408,125	-248	-247,91306	-0,55291355	-0,073815234	-0,087209083	-0,087281033
41893	408,625	-248	-247,97423	-0,55320561	-0,073831789	-0,087222345	-0,087275758
41893	409,125	-248	-248,06592	-0,55286586	-0,073806211	-0,087221086	-0,087302223
41893	409,625	-248	-248,11482	-0,55179596	-0,073897243	-0,08724384	-0,087382123
41893	410,125	-248	-247,95508	-0,55298805	-0,073812038	-0,087273128	-0,087276652
41893	410,625	-248	-247,9175	-0,55283308	-0,073839188	-0,087170988	-0,087318227
41893	411,125	-248	-247,96095	-0,55231452	-0,07381703	-0,087260805	-0,087332249
41893	411,625	-248	-248,09337	-0,55151582	-0,073885359	-0,087232545	-0,087346882
41893	412,125	-248	-248,0928	-0,55258572	-0,073922336	-0,087266736	-0,087400846
41893	412,625	-248	-247,95	-0,55150986	-0,07384222	-0,087345913	-0,087302759
41893	413,125	-248	-247,91862	-0,55215061	-0,073945679	-0,087251842	-0,087375827
41893	413,625	-246,76465	-246,79344	-0,55112839	-0,073663585	-0,086931922	-0,087013505
41893	414,125	-244,26465	-244,35214	-0,54734051	-0,072930686	-0,086208329	-0,086387582
41893	414,625	-241,76465	-241,81841	-0,54321885	-0,072216615	-0,085484177	-0,085540034
41893	415,125	-239,26465	-239,17139	-0,53802729	-0,07148473	-0,084641173	-0,084841043
41893	415,625	-236,76465	-236,55812	-0,53557456	-0,070798449	-0,083903894	-0,084049597
41893	416,125	-234,26465	-234,1279	-0,53189993	-0,070139162	-0,083183922	-0,083369389
41893	416,625	-231,76465	-231,7547	-0,52880049	-0,069521904	-0,082461819	-0,082651086
41893	417,125	-229,26465	-229,28319	-0,52396953	-0,068832576	-0,081554383	-0,08195404
41893	417,625	-226,76465	-226,63863	-0,51919818	-0,068129063	-0,080909587	-0,081146061
41893	418,125	-224,26465	-224,04968	-0,51523745	-0,067425273	-0,080019385	-0,080339737
41893	418,625	-221,76465	-221,60077	-0,51082671	-0,066749543	-0,0793567	-0,079673558
41893	419,125	-219,26465	-219,20274	-0,50708354	-0,066124834	-0,078631304	-0,078925803
41893	419,625	-216,76465	-216,72945	-0,50316751	-0,065429345	-0,07787399	-0,078161195
41893	420,125	-214,26465	-214,14157	-0,49905181	-0,064750969	-0,077077813	-0,077414982
41893	420,625	-211,76465	-211,55673	-0,4956454	-0,06401138	-0,076348782	-0,076560006
41893	421,125	-209,26465	-209,08112	-0,49098134	-0,063313052	-0,075501077	-0,075839549
41893	421,625	-206,76465	-206,67989	-0,48687458	-0,062702507	-0,074794106	-0,075185977
41893	422,125	-204,26465	-204,19669	-0,48374534	-0,061997652	-0,073904283	-0,074351609
41893	422,625	-201,76465	-201,66472	-0,47935247	-0,061303176	-0,073160924	-0,073687434
41893	423,125	-199,26465	-199,04424	-0,47521293	-0,060587022	-0,072411403	-0,07276433
41893	423,625	-196,76465	-196,59567	-0,47073662	-0,059894487	-0,071631342	-0,072081581
41893	424,125	-194,26465	-194,1611	-0,46706796	-0,059182584	-0,070814855	-0,071318015
41893	424,625	-191,76465	-191,71677	-0,46229064	-0,058484063	-0,070049204	-0,070556127
41893	425,125	-189,26465	-189,13669	-0,45896471	-0,057838261	-0,069167458	-0,069757193
41893	425,625	-186,76465	-186,55435	-0,45358837	-0,057027392	-0,068424873	-0,068955347
41893	426,125	-184,26465	-184,08098	-0,45036077	-0,056356721	-0,067565553	-0,068236813
41893	426,625	-181,76465	-181,62669	-0,44592321	-0,055686008	-0,066933587	-0,06744723
41893	427,125	-179,26465	-179,23264	-0,44247806	-0,055019949	-0,066146843	-0,066757664
41893	427,625	-176,76465	-176,63972	-0,43659806	-0,054368667	-0,065251075	-0,065928847
41893	428,125	-174,26465	-174,054	-0,43331385	-0,053687532	-0,064444497	-0,06508629
41893	428,625	-171,76465	-171,55173	-0,42891502	-0,052918814	-0,06362123	-0,064360052
41893	429,125	-169,26465	-169,11185	-0,42454004	-0,052170951	-0,062822774	-0,063558124
41893	429,625	-166,76465	-166,72134	-0,42032301	-0,051595338	-0,062076636	-0,062824205
41893	430,125	-164,26465	-164,15526	-0,41642189	-0,050849933	-0,061136868	-0,062008251
41893	430,625	-161,76465	-161,6089	-0,41176677	-0,05009092	-0,060457963	-0,061284225
41893	431,125	-159,26465	-159,06235	-0,40775239	-0,049358193	-0,059604589	-0,060391467
41893	431,625	-156,76465	-156,64758	-0,40297806	-0,048702322	-0,058722116	-0,059688188
41893	432,125	-154,26465	-154,23439	-0,39952099	-0,047998499	-0,058012154	-0,058903776
41893	432,625	-151,76465	-151,67874	-0,3947258	-0,047278062	-0,057187047	-0,058083273
41893	433,125	-149,26465	-149,08954	-0,3904134	-0,046561494	-0,056313306	-0,057238031
41893	433,625	-146,76465	-146,59833	-0,38636327	-0,045890231	-0,055457857	-0,056410655
41893	434,125	-144,26465	-144,19778	-0,38142204	-0,045253184	-0,054647215	-0,055720199
41893	434,625	-141,76465	-141,74811	-0,37774742	-0,044498343	-0,053922441	-0,054888524
41893	435,125	-139,26465	-139,24828	-0,3726244	-0,043746166	-0,053119507	-0,054135092
41893	435,625	-136,76465	-136,61421	-0,36797225	-0,043008752	-0,052235398	-0,053228565
41893	436,125	-134,26465	-134,06006	-0,36278367	-0,042281039	-0,051347286	-0,052363843
41893	436,625	-131,76465	-131,6333	-0,35914779	-0,041553404	-0,050536219	-0,051616341
41893	437,125	-129,26465	-129,1996	-0,35543144	-0,040921915	-0,04973907	-0,050816827
41893	437,625	-126,76465	-126,7268	-0,3498584	-0,040239666	-0,048994794	-0,050038852
41893	438,125	-124,26465	-124,14527	-0,34495592	-0,039392374	-0,047969457	-0,049208611
41893	438,625	-121,76465	-121,60152	-0,34052134	-0,038651135	-0,047189116	-0,048344605
41893	439,125	-119,26465	-119,14758	-0,33657253	-0,037972946	-0,046382431	-0,047575332
41893	439,625	-116,76465	-116,71316	-0,33124983	-0,037309345	-0,045598552	-0,046792343
41893	440,125	-114,26465	-114,22251	-0,32696128	-0,03654993	-0,044751007	-0,045881651
41893	440,625	-111,76465	-111,69416	-0,32157302	-0,035937738	-0,043893002	-0,045099728
41893	441,125	-109,26465	-109,07076	-0,31665266	-0,035070531	-0,042910535	-0,044165738
41893	441,625	-106,76465	-106,60654	-0,31189919	-0,034372322	-0,042238578	-0,043390103
41893	442,125	-104,26465	-104,17856	-0,30703843	-0,033734601	-0,041245744	-0,042457268
41893	442,625	-101,76465	-101,73443	-0,30204952	-0,032976262	-0,040540062	-0,041670173
41893	443,125	-99,264648	-99,180733	-0,29732585	-0,032297261	-0,039597217	-0,04084032
41893	443,625	-96,764648	-96,577698	-0,29223561	-0,031521477	-0,038759045	-0,03990265
41893	444,125	-94,264648	-94,129715	-0,28719008	-0,030823171	-0,037956826	-0,039075062
41893	444,625	-91,764648	-91,715607	-0,28289855	-0,03015833	-0,037113663	-0,038179591
41893	445,125	-89,264648	-89,2705	-0,27695	-0,029450163	-0,036321275	-0,037321307
41893	445,625	-86,764648	-86,713036	-0,27199984	-0,028685499	-0,035408627	-0,036494397
41893	446,125	-84,264648	-84,07354	-0,26741624	-0,027982352	-0,034529433	-0,035500757
41893	446,625	-81,764648	-81,605972	-0,26142597	-0,027234167	-0,033704065	-0,034653023
41893	447,125	-79,264648	-79,190117	-0,25626123	-0,026480848	-0,032830041	-0,033723928
41893	447,625	-76,764648	-76,754189	-0,25115907	-0,025746105	-0,032089401	-0,032865338
41893	448,125	-74,264648	-74,2146	-0,24580956	-0,025044458	-0,031286467	-0,031974897
41893	448,625	-71,764648	-71,597198	-0,23962855	-0,024356857	-0,030318802	-0,030955404
41893	449,125	-69,264648	-69,115318	-0,23451149	-0,023642303	-0,029527932	-0,030158892
41893	449,625	-66,764648	-66,652229	-0,2294749	-0,022887079	-0,028659109	-0,029165708
41893	450,125	-64,264648	-64,269279	-0,22416413	-0,022233019	-0,027774272	-0,028339878
41893	450,625	-61,764648	-61,712505	-0,21762848	-0,021462832	-0,027040577	-0,027416319
41893	451,125	-59,264648	-59,111938	-0,21249056	-0,020772424	-0,026119821	-0,0263872
41893	451,625	-56,764648	-56,60112	-0,2071023	-0,020007707	-0,025244188	-0,025527224
41893	452,125	-54,264648	-54,139206	-0,20061433	-0,019244289	-0,024456395	-0,024486393
41893	452,625	-51,764648	-51,752975	-0,19466877	-0,01852254	-0,023553496	-0,023638174
41893	453,125	-49,264648	-49,262146	-0,1888454	-0,017851492	-0,022669295	-0,022663958
41893	453,625	-46,764648	-46,653408	-0,18249452	-0,017132478	-0,021728693	-0,021644652
41893	454,125	-44,264648	-44,153866	-0,17705262	-0,01637345	-0,020928539	-0,020773724
41893	454,625	-41,764648	-41,644627	-0,17046034	-0,015544638	-0,020207839	-0,019745626
41893	455,125	-39,264648	-39,22261	-0,16488433	-0,014952358	-0,01917978	-0,018812627
41893	455,625	-36,764648	-36,76614	-0,15824437	-0,014196828	-0,01837389	-0,017900482
41893	456,125	-34,264648	-34,161076	-0,15181005	-0,013438713	-0,017422346	-0,016830608
41893	456,625	-31,764648	-31,679796	-0,14523864	-0,012694221	-0,016513228	-0,015939452
41893	457,125	-29,264648	-29,154255	-0,13859868	-0,011941303	-0,015736781	-0,014900312
41893	457,625	-26,764648	-26,742414	-0,13131201	-0,01126169	-0,014760302	-0,013931327
41893	458,125	-24,264648	-24,277288	-0,12437105	-0,010541249	-0,013935311	-0,013015725
41893	458,625	-21,764648	-21,719135	-0,11675656	-0,009833023	-0,013020239	-0,011996202
41893	459,125	-19,264648	-19,149626	-0,10928214	-0,0091085993	-0,011917147	-0,011042677
41893	459,625	-16,764648	-16,716362	-0,10167062	-0,0083153732	-0,011026195	-0,010062009
41893	460,125	-14,264648	-14,242978	-0,093454123	-0,0076139458	-0,010027157	-0,0091668516
41893	460,625	-11,764648	-11,752843	-0,08456707	-0,0068938248	-0,0091355769	-0,0082499385
41893	461,125	-9,2646484	-9,2219067	-0,07532835	-0,0061074272	-0,0081735263	-0,0073428079
41893	461,625	-6,7646484	-6,7028179	-0,065046549	-0,0053674467	-0,0070411488	-0,0064876899
41893	462,125	-4,2646484	-4,264904	-0,053167343	-0,0045771673	-0,0061519607	-0,0055731758
41893	462,625	-1,7646484	-2,2083373	-0,037848949	-0,0039611571	-0,005115821	-0,0046952367
41893	463,125	-1	-1,3406817	-0,029414892	-0,0037339181	-0,0047395215	-0,004432708
41893	463,625	-1	-0,85809267	-0,024086237	-0,0036249533	-0,0044627748	-0,0041533485
41893	464,125	-1	-0,69866329	-0,021645427	-0,003513515	-0,0043401113	-0,0041109696
41893	464,625	-1	-0,72210467	-0,023153424	-0,0034716055	-0,0042603775	-0,0040156469
41893	465,125	-1	-0,80945343	-0,022649765	-0,0035187453	-0,0043917606	-0,0040654242
41893	465,625	-1	-0,84000826	-0,022143126	-0,0035631359	-0,0042976583	-0,0040045083
41893	466,125	-1	-0,90313327	-0,022536516	-0,0035498925	-0,0043025794	-0,0040967315
41893	466,625	-1	-0,87159127	-0,022950768	-0,0034790076	-0,0042970115	-0,0039902627
41893	467,125	-1	-0,91012943	-0,023689866	-0,0035078041	-0,0042897109	-0,0040415749
41893	467,625	-1	-0,93887746	-0,02322793	-0,0034713596	-0,0042905603	-0,0040164068
41893	468,125	-1	-0,95101821	-0,023180246	-0,0034582317	-0,0042369957	-0,0039660409
41893	468,625	-1	-1,0060351	-0,023961067	-0,0035304464	-0,0042236457	-0,0040831193
41893	469,125	-1	-0,95651859	-0,023701787	-0,0034212507	-0,0042825886	-0,0039392933
41893	469,625	-1	-0,94301999	-0,023317337	-0,0034980215	-0,004248037	-0,0039249435
41893	470,125	-1	-0,97665191	-0,02348721	-0,0034324564	-0,0041997004	-0,003977865
41893	470,625	-1	-0,98961776	-0,022777915	-0,003394559	-0,0042301989	-0,0039000139
41893	471,125	-1	-1,0534227	-0,023335218	-0,003417287	-0,0042655608	-0,0040241107
41893	471,625	-1	-0,97043997	-0,023430586	-0,0033910945	-0,0042548543	-0,0039728358
41893	472,125	-1	-0,97499418	-0,023403764	-0,0034292787	-0,0041574016	-0,0038974062
41893	472,625	-1	-1,002213	-0,023505092	-0,0034216419	-0,0042258245	-0,0039177835
41893	473,125	-1	-1,0160711	-0,023281574	-0,0033137947	-0,0042223777	-0,0038482323
41893	473,625	-1	-1,0504127	-0,023069978	-0,0033972673	-0,0041609043	-0,0039420873
41893	474,125	-1	-1,0407418	-0,023829937	-0,0033455715	-0,0041564871	-0,0038736463
41893	474,625	-1	-1,0086391	-0,023412704	-0,0033268034	-0,0041071428	-0,0038715601
41893	475,125	-1	-0,99970216	-0,023555756	-0,0034397133	-0,0041749147	-0,003902413
41893	475,625	0	0,13210997	1,2278646	-0,0037922747	-0,0039809132	-0,0032104179

Datenerfassung						Zeit:	476,00195	s	11.09.2014 13:12:12
Ch 1 Kraft	Ch 1 W2TK Mittel	1944 A	1944 B	1281068
kN	mm	mm	mm	mm
0,18755719	2,0341306	0,00022640335	3,5408884e-05	0,00013213039
-249,31645	2,0339682	-0,0074822349	-0,074155629	-0,087462768
