MTS793|MPT|DEU|1|2|,|.|:|49|1|1|A

Bediener Information						Zeit:	18,443359	s	19.03.2024 09:13:50
Datum	19.03.2024
Probe	20240220_7188_M02_Z01
Prüfer: 	Be
Masse	5539
Länge	300,8
Durchmesser	99,1
Bediener Information Ende

Datenerfassung						Zeit:	144,45605	s	19.03.2024 09:15:56
Ch 1 Weg	Ch 1 Kraft
mm	kN
0,95888972	0,32716805
-1,1858001	-443,55911

Datenerfassung						Zeit:	144,45996	s	19.03.2024 09:15:56
Datum	Tageszeit	Laufzeit	Ch 1 Kraft Sollwert	Ch 1 Kraft	Ch 1 Weg
d	d	s	kN	kN	mm
45370	0,38440904	28,94043	-1,7655274	-1,5756618	-0,0028982759
45370	0,38441133	29,140625	-2,5462892	-2,2799578	-0,01104176
45370	0,38441366	29,34082	-3,3270509	-3,1047409	-0,01886338
45370	0,38441598	29,541016	-4,1078124	-3,8590784	-0,024686754
45370	0,38441831	29,741211	-4,8885741	-4,5983996	-0,029331446
45370	0,3844206	29,941406	-5,6693358	-5,4120889	-0,034971535
45370	0,38442293	30,141602	-6,4500976	-6,113061	-0,038817525
45370	0,38442525	30,341797	-7,2308598	-6,9285016	-0,043544173
45370	0,38442758	30,541992	-8,0116215	-7,8076944	-0,048223138
45370	0,38442987	30,742188	-8,7923832	-8,6251841	-0,053057075
45370	0,3844322	30,942383	-9,5731449	-9,5089417	-0,05697757
45370	0,38443452	31,142578	-10,353907	-10,340306	-0,060731173
45370	0,38443685	31,342773	-11,134668	-11,106395	-0,064788759
45370	0,38443914	31,542969	-11,91543	-11,975811	-0,068449974
45370	0,38444147	31,743164	-12,696192	-12,675474	-0,071905553
45370	0,38444379	31,943359	-13,476954	-13,48867	-0,07545352
45370	0,38444611	32,143555	-14,257715	-14,339774	-0,07853657
45370	0,38444841	32,34375	-15,038477	-15,007664	-0,080764294
45370	0,38445073	32,543945	-15,819239	-15,868914	-0,085392594
45370	0,38445306	32,744141	-16,6	-16,625763	-0,087533891
45370	0,38445538	32,944336	-17,380762	-17,384661	-0,08944422
45370	0,38445768	33,144531	-18,161524	-18,239697	-0,092981756
45370	0,38446	33,344727	-18,942286	-18,961851	-0,095976889
45370	0,38446233	33,544922	-19,723047	-19,749504	-0,099007785
45370	0,38446465	33,745117	-20,503809	-20,579004	-0,10132939
45370	0,38446695	33,945313	-21,284571	-21,261076	-0,10396689
45370	0,38446927	34,145508	-22,065332	-22,11804	-0,10688156
45370	0,3844716	34,345703	-22,846094	-22,879465	-0,10915846
45370	0,38447392	34,545898	-23,626856	-23,589293	-0,11126697
45370	0,38447621	34,746094	-24,407618	-24,499596	-0,11366606
45370	0,38447854	34,946289	-25,188379	-25,195641	-0,11624396
45370	0,38448086	35,146484	-25,969141	-26,000658	-0,11913329
45370	0,38448319	35,34668	-26,749903	-26,817541	-0,12185723
45370	0,38448548	35,546875	-27,530664	-27,513117	-0,12378842
45370	0,38448781	35,74707	-28,311426	-28,375435	-0,12682378
45370	0,38449013	35,947266	-29,092188	-29,118269	-0,12878031
45370	0,38449246	36,147461	-29,87295	-29,884626	-0,13050139
45370	0,38449475	36,347656	-30,653711	-30,754112	-0,13329685
45370	0,38449708	36,547852	-31,434473	-31,401245	-0,13563931
45370	0,3844994	36,748047	-32,215237	-32,26292	-0,13762265
45370	0,38450173	36,948242	-32,995998	-33,075676	-0,1404196
45370	0,38450402	37,148438	-33,77676	-33,756149	-0,14265031
45370	0,38450634	37,348633	-34,557522	-34,658501	-0,14496446
45370	0,38450867	37,548828	-35,338284	-35,357346	-0,14685988
45370	0,38451099	37,749023	-36,119045	-36,155304	-0,14907122
45370	0,38451329	37,949219	-36,899807	-36,990959	-0,15155673
45370	0,38451561	38,149414	-37,680569	-37,665627	-0,15307367
45370	0,38451794	38,349609	-38,46133	-38,566547	-0,15589893
45370	0,38452026	38,549805	-39,242092	-39,27953	-0,15733838
45370	0,38452256	38,75	-40,022854	-40,053673	-0,15991479
45370	0,38452488	38,950195	-40,803616	-40,912407	-0,16243607
45370	0,38452721	39,150391	-41,584377	-41,564014	-0,16435087
45370	0,38452953	39,350586	-42,365139	-42,433201	-0,16627908
45370	0,38453183	39,550781	-43,145901	-43,183884	-0,16839951
45370	0,38453415	39,750977	-43,926662	-43,913601	-0,16996413
45370	0,38453647	39,951172	-44,707424	-44,80566	-0,17298311
45370	0,3845388	40,151367	-45,488186	-45,479649	-0,17425567
45370	0,38454109	40,351563	-46,268948	-46,331249	-0,17695576
45370	0,38454342	40,551758	-47,049709	-47,10133	-0,17864257
45370	0,38454574	40,751953	-47,830471	-47,811165	-0,18049031
45370	0,38454807	40,952148	-48,611233	-48,719009	-0,18297583
45370	0,38455036	41,152344	-49,391994	-49,378384	-0,18536448
45370	0,38455269	41,352539	-50,172756	-50,221172	-0,18656105
45370	0,38455501	41,552734	-50,953518	-51,024464	-0,18979013
45370	0,38455734	41,75293	-51,73428	-51,717548	-0,19107014
45370	0,38455963	41,953125	-52,515041	-52,592697	-0,19310266
45370	0,38456196	42,15332	-53,295803	-53,283997	-0,194408
45370	0,38456428	42,353516	-54,076565	-54,110687	-0,19658357
45370	0,38456661	42,553711	-54,857327	-54,937759	-0,19875169
45370	0,3845689	42,753906	-55,638088	-55,632618	-0,2002269
45370	0,38457122	42,954102	-56,41885	-56,5056	-0,20280182
45370	0,38457355	43,154297	-57,199612	-57,196308	-0,20499676
45370	0,38457587	43,354492	-57,980373	-58,001095	-0,20670146
45370	0,38457817	43,554688	-58,761135	-58,832058	-0,20897388
45370	0,38458049	43,754883	-59,541897	-59,497494	-0,21147579
45370	0,38458282	43,955078	-60,322659	-60,397964	-0,21272898
45370	0,38458514	44,155273	-61,10342	-61,093437	-0,21495819
45370	0,38458744	44,355469	-61,884182	-61,902245	-0,21666139
45370	0,38458976	44,555664	-62,664944	-62,72525	-0,21848828
45370	0,38459209	44,755859	-63,445705	-63,394905	-0,22019446
45370	0,38459441	44,956055	-64,226463	-64,291031	-0,22203922
45370	0,38459671	45,15625	-65,007225	-64,981995	-0,22397041
45370	0,38459903	45,356445	-65,787987	-65,780182	-0,22625774
45370	0,38460135	45,556641	-66,568748	-66,624458	-0,22764802
45370	0,38460368	45,756836	-67,34951	-67,289413	-0,22908598
45370	0,38460597	45,957031	-68,130272	-68,208748	-0,23160875
45370	0,3846083	46,157227	-68,911034	-68,91552	-0,23280382
45370	0,38461062	46,357422	-69,691795	-69,705849	-0,23490041
45370	0,38461295	46,557617	-70,472557	-70,55677	-0,23750961
45370	0,38461524	46,757813	-71,253319	-71,183784	-0,23892671
45370	0,38461757	46,958008	-72,034081	-72,092003	-0,24088472
45370	0,38461989	47,158203	-72,814842	-72,804466	-0,24248213
45370	0,38462222	47,358398	-73,595604	-73,580704	-0,24466515
45370	0,38462451	47,558594	-74,376366	-74,434456	-0,24610907
45370	0,38462684	47,758789	-75,157127	-75,088142	-0,24780929
45370	0,38462916	47,958984	-75,937889	-76,004921	-0,24980307
45370	0,38463148	48,15918	-76,718651	-76,727562	-0,25105178
45370	0,38463378	48,359375	-77,499413	-77,485924	-0,25324821
45370	0,3846361	48,55957	-78,280174	-78,352295	-0,25503486
45370	0,38463843	48,759766	-79,060936	-78,983383	-0,25703907
45370	0,38464075	48,959961	-79,841698	-79,904655	-0,25867373
45370	0,38464305	49,160156	-80,622459	-80,602585	-0,26017129
45370	0,38464537	49,360352	-81,403221	-81,386086	-0,26186854
45370	0,3846477	49,560547	-82,183983	-82,242638	-0,26459843
45370	0,38465002	49,760742	-82,964745	-82,91378	-0,26592612
45370	0,38465232	49,960938	-83,745506	-83,844292	-0,26753694
45370	0,38465464	50,161133	-84,526268	-84,471832	-0,2690956
45370	0,38465697	50,361328	-85,30703	-85,380028	-0,27122945
45370	0,38465929	50,561523	-86,087791	-86,085648	-0,27198941
45370	0,38466159	50,761719	-86,868553	-86,89624	-0,27451515
45370	0,38466391	50,961914	-87,649315	-87,691711	-0,27649701
45370	0,38466623	51,162109	-88,430077	-88,414108	-0,27840286
45370	0,38466856	51,362305	-89,210838	-89,34259	-0,28026253
45370	0,38467085	51,5625	-89,9916	-89,953888	-0,28168708
45370	0,38467318	51,762695	-90,772362	-90,85421	-0,28303266
45370	0,3846755	51,962891	-91,553123	-91,540405	-0,2848193
45370	0,38467783	52,163086	-92,333885	-92,330482	-0,28622001
45370	0,38468012	52,363281	-93,114647	-93,170891	-0,28822422
45370	0,38468245	52,563477	-93,895409	-93,845016	-0,28953105
45370	0,38468477	52,763672	-94,676178	-94,792419	-0,29180646
45370	0,3846871	52,963867	-95,45694	-95,402824	-0,29319078
45370	0,38468939	53,164063	-96,237701	-96,339935	-0,29461831
45370	0,38469172	53,364258	-97,018463	-96,992683	-0,29658675
45370	0,38469404	53,564453	-97,799225	-97,844727	-0,29870868
45370	0,38469636	53,764648	-98,579987	-98,599663	-0,30000955
45370	0,38469866	53,964844	-99,360748	-99,349777	-0,30173957
45370	0,38470098	54,165039	-100,14151	-100,22215	-0,3032431
45370	0,38470331	54,365234	-100,92227	-100,86102	-0,30517876
45370	0,38470563	54,56543	-101,70303	-101,8009	-0,30711144
45370	0,38470793	54,765625	-102,4838	-102,402	-0,30817091
45370	0,38471025	54,96582	-103,26456	-103,37606	-0,31037331
45370	0,38471258	55,166016	-104,04532	-103,96333	-0,31202883
45370	0,3847149	55,366211	-104,82608	-104,89323	-0,31343848
45370	0,3847172	55,566406	-105,60684	-105,55317	-0,31490177
45370	0,38471952	55,766602	-106,3876	-106,43569	-0,31700879
45370	0,38472185	55,966797	-107,16837	-107,1516	-0,31862408
45370	0,38472414	56,166992	-107,94913	-107,96621	-0,31938851
45370	0,38472646	56,367188	-108,72989	-108,77769	-0,32162964
45370	0,38472879	56,567383	-109,51065	-109,48727	-0,32308847
45370	0,38473111	56,767578	-110,29141	-110,35333	-0,32466799
45370	0,38473341	56,967773	-111,07217	-111,00486	-0,32678097
45370	0,38473573	57,167969	-111,85294	-111,93123	-0,32818466
45370	0,38473806	57,368164	-112,6337	-112,52243	-0,32936782
45370	0,38474038	57,568359	-113,41446	-113,47931	-0,33203661
45370	0,38474268	57,768555	-114,19522	-114,10299	-0,33296347
45370	0,384745	57,96875	-114,97598	-115,03477	-0,33459365
45370	0,38474733	58,168945	-115,75674	-115,74529	-0,33659488
45370	0,38474965	58,369141	-116,53751	-116,53537	-0,33830255
45370	0,38475195	58,569336	-117,31827	-117,34509	-0,34006387
45370	0,38475427	58,769531	-118,09903	-118,03072	-0,34150928
45370	0,38475659	58,969727	-118,87979	-118,96452	-0,34294873
45370	0,38475892	59,169922	-119,66055	-119,56065	-0,34438372
45370	0,38476121	59,370117	-120,44131	-120,51739	-0,34586787
45370	0,38476354	59,570313	-121,22208	-121,15402	-0,34724921
45370	0,38476586	59,770508	-122,00284	-122,04848	-0,34914911
45370	0,38476819	59,970703	-122,7836	-122,7466	-0,35099834
45370	0,38477048	60,170898	-123,56436	-123,55151	-0,35293698
45370	0,38477281	60,371094	-124,34512	-124,39139	-0,35412312
45370	0,38477513	60,571289	-125,12589	-125,05729	-0,35545826
45370	0,38477746	60,771484	-125,90665	-125,97186	-0,35760701
45370	0,38477975	60,97168	-126,68741	-126,58807	-0,35841316
45370	0,38478208	61,171875	-127,46817	-127,56093	-0,3607899
45370	0,3847844	61,37207	-128,24893	-128,17081	-0,36151707
45370	0,38478673	61,572266	-129,02969	-129,04889	-0,364016
45370	0,38478902	61,772461	-129,81046	-129,81079	-0,36571622
45370	0,38479134	61,972656	-130,59122	-130,57516	-0,36677867
45370	0,38479367	62,172852	-131,37198	-131,39815	-0,3681466
45370	0,38479599	62,373047	-132,15274	-132,09071	-0,36999136
45370	0,38479829	62,573242	-132,9335	-133,02104	-0,37178844
45370	0,38480061	62,773438	-133,71426	-133,61971	-0,37316233
45370	0,38480294	62,973633	-134,49503	-134,57266	-0,37487447
45370	0,38480526	63,173828	-135,27579	-135,18553	-0,37596226
45370	0,38480756	63,374023	-136,05655	-136,13487	-0,37800819
45370	0,38480988	63,574219	-136,83731	-136,79303	-0,37964731
45370	0,38481221	63,774414	-137,61807	-137,646	-0,38077682
45370	0,38481453	63,974609	-138,39883	-138,41934	-0,38298965
45370	0,38481683	64,174805	-139,1796	-139,14015	-0,38397759
45370	0,38481915	64,375	-139,96036	-140,01248	-0,38568377
45370	0,38482147	64,575195	-140,74112	-140,67715	-0,38751513
45370	0,3848238	64,775391	-141,52188	-141,60989	-0,38912296
45370	0,38482609	64,975586	-142,30264	-142,22041	-0,38999319
45370	0,38482842	65,175781	-143,0834	-143,16406	-0,39246082
45370	0,38483074	65,375977	-143,86417	-143,80647	-0,39328784
45370	0,38483307	65,576172	-144,64493	-144,68457	-0,39542019
45370	0,38483536	65,776367	-145,42569	-145,36523	-0,39630383
45370	0,38483769	65,976563	-146,20645	-146,21925	-0,39845854
45370	0,38484001	66,176758	-146,98721	-146,99402	-0,39985031
45370	0,38484234	66,376953	-147,76797	-147,74193	-0,40142983
45370	0,38484463	66,577148	-148,54874	-148,60509	-0,40274858
45370	0,38484696	66,777344	-149,3295	-149,26088	-0,40467381
45370	0,38484928	66,977539	-150,11026	-150,1745	-0,40630996
45370	0,3848516	67,177734	-150,89102	-150,81149	-0,40732622
45370	0,3848539	67,37793	-151,67178	-151,75847	-0,40957779
45370	0,38485622	67,578125	-152,45255	-152,34709	-0,41013062
45370	0,38485855	67,77832	-153,23331	-153,28642	-0,41306466
45370	0,38486087	67,978516	-154,01407	-153,91	-0,41335374
45370	0,38486317	68,178711	-154,79483	-154,8316	-0,41585863
45370	0,38486549	68,378906	-155,57559	-155,52608	-0,41751862
45370	0,38486782	68,579102	-156,35635	-156,35094	-0,41871965
45370	0,38487014	68,779297	-157,13712	-157,14499	-0,42001158
45370	0,38487244	68,979492	-157,91788	-157,86118	-0,4222244
45370	0,38487476	69,179688	-158,69864	-158,74294	-0,42385012
45370	0,38487709	69,379883	-159,4794	-159,40085	-0,42477995
45370	0,38487941	69,580078	-160,26016	-160,29855	-0,42622238
45370	0,38488171	69,780273	-161,04092	-160,94044	-0,42803586
45370	0,38488403	69,980469	-161,82169	-161,8756	-0,42937845
45370	0,38488635	70,180664	-162,60245	-162,48521	-0,43123513
45370	0,38488868	70,380859	-163,38321	-163,4126	-0,43291897
45370	0,38489097	70,581055	-164,16397	-164,05453	-0,43408573
45370	0,3848933	70,78125	-164,94473	-164,96188	-0,43585002
45370	0,38489562	70,981445	-165,72549	-165,66841	-0,4371956
45370	0,38489795	71,181641	-166,50626	-166,50111	-0,43876916
45370	0,38490024	71,381836	-167,28702	-167,28955	-0,44040531
45370	0,38490257	71,582031	-168,06778	-168,02644	-0,44199675
45370	0,38490489	71,782227	-168,84854	-168,86778	-0,44358522
45370	0,38490722	71,982422	-169,6293	-169,57175	-0,44522732
45370	0,38490951	72,182617	-170,41006	-170,44833	-0,44698417
45370	0,38491184	72,382813	-171,19083	-171,09099	-0,44795424
45370	0,38491416	72,583008	-171,97159	-172,02563	-0,4498288
45370	0,38491648	72,783203	-172,75235	-172,66069	-0,45087188
45370	0,38491878	72,983398	-173,53311	-173,57809	-0,45327991
45370	0,3849211	73,183594	-174,31387	-174,22803	-0,45373589
45370	0,38492343	73,383789	-175,09464	-175,13908	-0,45576394
45370	0,38492575	73,583984	-175,8754	-175,78673	-0,45729429
45370	0,38492805	73,78418	-176,65616	-176,65125	-0,45971721
45370	0,38493037	73,984375	-177,43692	-177,4158	-0,46077073
45370	0,3849327	74,18457	-178,21768	-178,18112	-0,46260357
45370	0,38493502	74,384766	-178,99844	-179,00005	-0,46360046
45370	0,38493732	74,584961	-179,77921	-179,73769	-0,46526641
45370	0,38493964	74,785156	-180,55997	-180,60721	-0,46702921
45370	0,38494197	74,985352	-181,34073	-181,2495	-0,46817809
45370	0,38494429	75,185547	-182,12149	-182,17012	-0,47003776
45370	0,38494658	75,385742	-182,90225	-182,81631	-0,47136843
45370	0,38494891	75,585938	-183,68301	-183,75603	-0,47335923
45370	0,38495123	75,786133	-184,46378	-184,36769	-0,47407895
45370	0,38495356	75,986328	-185,24454	-185,3107	-0,47641098
45370	0,38495585	76,186523	-186,0253	-185,94652	-0,47778487
45370	0,38495818	76,386719	-186,80606	-186,84962	-0,47935545
45370	0,3849605	76,586914	-187,58682	-187,51953	-0,48020631
45370	0,38496283	76,787109	-188,36758	-188,36368	-0,48173368
45370	0,38496512	76,987305	-189,14835	-189,14676	-0,48339069
45370	0,38496745	77,1875	-189,92911	-189,89751	-0,48574358
45370	0,38496977	77,387695	-190,70987	-190,75391	-0,48749298
45370	0,3849721	77,587891	-191,49063	-191,43489	-0,48811734
45370	0,38497439	77,788086	-192,27139	-192,32498	-0,49025416
45370	0,38497671	77,988281	-193,05215	-192,98766	-0,4914552
45370	0,38497904	78,188477	-193,83292	-193,88622	-0,49270391
45370	0,38498136	78,388672	-194,61368	-194,51427	-0,4948169
45370	0,38498366	78,588867	-195,39444	-195,47441	-0,49615353
45370	0,38498598	78,789063	-196,1752	-196,07426	-0,49781054
45370	0,38498831	78,989258	-196,95596	-197,02191	-0,49898028
45370	0,38499063	79,189453	-197,73672	-197,65439	-0,5006507
45370	0,38499293	79,389648	-198,51749	-198,58566	-0,50235093
45370	0,38499525	79,589844	-199,29825	-199,23598	-0,5037114
45370	0,38499758	79,790039	-200,07901	-200,10544	-0,50563812
45370	0,3849999	79,990234	-200,85977	-200,81076	-0,5069837
45370	0,3850022	80,19043	-201,64053	-201,62057	-0,50875396
45370	0,38500452	80,390625	-202,4213	-202,45468	-0,51026195
45370	0,38500684	80,59082	-203,20206	-203,13206	-0,51126629
45370	0,38500917	80,791016	-203,98282	-204,03636	-0,51354468
45370	0,38501146	80,991211	-204,76358	-204,66214	-0,51483959
45370	0,38501379	81,191406	-205,54434	-205,62457	-0,51672012
45370	0,38501611	81,391602	-206,3251	-206,23116	-0,51785111
45370	0,38501844	81,591797	-207,10587	-207,17268	-0,51956326
45370	0,38502073	81,791992	-207,88663	-207,76105	-0,52092671
45370	0,38502306	81,992188	-208,66739	-208,70985	-0,52278042
45370	0,38502538	82,192383	-209,44815	-209,38246	-0,52376091
45370	0,38502771	82,392578	-210,22891	-210,24147	-0,52555948
45370	0,38503	82,592773	-211,00967	-210,9738	-0,52682906
45370	0,38503233	82,792969	-211,79044	-211,77121	-0,52878261
45370	0,38503465	82,993164	-212,5712	-212,56363	-0,5303815
45370	0,38503695	83,193359	-213,35196	-213,29314	-0,53168684
45370	0,38503927	83,393555	-214,13272	-214,16025	-0,53399801
45370	0,38504159	83,59375	-214,91348	-214,82838	-0,53504109
45370	0,38504392	83,793945	-215,69424	-215,75177	-0,53659827
45370	0,38504621	83,994141	-216,47501	-216,33339	-0,53751916
45370	0,38504854	84,194336	-217,25577	-217,31653	-0,53950101
45370	0,38505086	84,394531	-218,03653	-217,91922	-0,54093748
45370	0,38505319	84,594727	-218,81729	-218,86877	-0,54318458
45370	0,38505548	84,794922	-219,59805	-219,50394	-0,54403841
45370	0,38505781	84,995117	-220,37881	-220,37267	-0,54596066
45370	0,38506013	85,195313	-221,15958	-221,11079	-0,54731667
45370	0,38506246	85,395508	-221,94034	-221,88731	-0,54875463
45370	0,38506475	85,595703	-222,7211	-222,72316	-0,55050403
45370	0,38506708	85,795898	-223,50186	-223,41255	-0,55179894
45370	0,3850694	85,996094	-224,28262	-224,33333	-0,55348873
45370	0,38507172	86,196289	-225,06339	-224,95445	-0,55488646
45370	0,38507402	86,396484	-225,84415	-225,92181	-0,5574137
45370	0,38507634	86,59668	-226,62491	-226,47597	-0,55787712
45370	0,38507867	86,796875	-227,40567	-227,46881	-0,55987537
45370	0,38508099	86,99707	-228,18643	-228,06412	-0,56102276
45370	0,38508329	87,197266	-228,96719	-229,00037	-0,56295991
45370	0,38508561	87,397461	-229,74796	-229,66438	-0,56472719
45370	0,38508794	87,597656	-230,52872	-230,52003	-0,56551993
45370	0,38509026	87,797852	-231,30948	-231,31567	-0,56767911
45370	0,38509256	87,998047	-232,09024	-232,03784	-0,56915432
45370	0,38509488	88,198242	-232,871	-232,89836	-0,57115853
45370	0,38509721	88,398438	-233,65176	-233,56017	-0,57201833
45370	0,38509953	88,598633	-234,43253	-234,52023	-0,57426393
45370	0,38510182	88,798828	-235,21329	-235,1033	-0,57547539
45370	0,38510415	88,999023	-235,99405	-236,07866	-0,57676136
45370	0,38510647	89,199219	-236,77481	-236,66872	-0,57818443
45370	0,3851088	89,399414	-237,55557	-237,62566	-0,58017522
45370	0,38511109	89,599609	-238,33633	-238,24501	-0,58164895
45370	0,38511342	89,799805	-239,1171	-239,14381	-0,58376491
45370	0,38511574	90	-239,89786	-239,86441	-0,58477372
45370	0,38511807	90,200195	-240,67862	-240,6757	-0,5862534
45370	0,38512036	90,400391	-241,45938	-241,44322	-0,58818758
45370	0,38512269	90,600586	-242,24014	-242,19389	-0,58881938
45370	0,38512501	90,800781	-243,0209	-243,07234	-0,5906567
45370	0,38512734	91,000977	-243,80167	-243,68504	-0,59239715
45370	0,38512963	91,201172	-244,58243	-244,64267	-0,59432685
45370	0,38513196	91,401367	-245,36319	-245,21249	-0,59579462
45370	0,38513428	91,601563	-246,14395	-246,23337	-0,59749037
45370	0,3851366	91,801758	-246,92471	-246,82207	-0,59854537
45370	0,3851389	92,001953	-247,70547	-247,77458	-0,60105324
45370	0,38514122	92,202148	-248,48624	-248,38402	-0,60199648
45370	0,38514355	92,402344	-249,267	-249,30817	-0,60351789
45370	0,38514587	92,602539	-250,04776	-249,97798	-0,60535222
45370	0,38514817	92,802734	-250,82852	-250,81169	-0,60670525
45370	0,38515049	93,00293	-251,60928	-251,61401	-0,6089896
45370	0,38515282	93,203125	-252,39005	-252,32474	-0,60980171
45370	0,38515514	93,40332	-253,17081	-253,1985	-0,61213225
45370	0,38515744	93,603516	-253,95157	-253,8806	-0,61317682
45370	0,38515976	93,803711	-254,73233	-254,78271	-0,61509609
45370	0,38516209	94,003906	-255,51309	-255,38705	-0,61617047
45370	0,38516441	94,204102	-256,29385	-256,35641	-0,61860979
45370	0,3851667	94,404297	-257,07462	-256,9624	-0,61939806
45370	0,38516903	94,604492	-257,85538	-257,95419	-0,62123239
45370	0,38517135	94,804688	-258,63614	-258,51868	-0,62256306
45370	0,38517368	95,004883	-259,4169	-259,48892	-0,62477738
45370	0,38517597	95,205078	-260,19766	-260,07614	-0,62529594
45370	0,3851783	95,405273	-260,97842	-261,04636	-0,62776655
45370	0,38518062	95,605469	-261,75919	-261,62549	-0,62853247
45370	0,38518295	95,805664	-262,53995	-262,54929	-0,63087493
45370	0,38518524	96,005859	-263,32071	-263,23755	-0,63143075
45370	0,38518757	96,206055	-264,10147	-264,10956	-0,63415319
45370	0,38518989	96,40625	-264,88223	-264,8533	-0,63521415
45370	0,38519222	96,606445	-265,66299	-265,60074	-0,63637495
45370	0,38519451	96,806641	-266,44376	-266,4119	-0,63858777
45370	0,38519683	97,006836	-267,22452	-267,1463	-0,64040124
45370	0,38519916	97,207031	-268,00528	-268,00723	-0,64189136
45370	0,38520148	97,407227	-268,78604	-268,67087	-0,64336658
45370	0,38520378	97,607422	-269,5668	-269,63788	-0,64459592
45370	0,3852061	97,807617	-270,34756	-270,23294	-0,64586401
45370	0,38520843	98,007813	-271,12833	-271,21024	-0,64816326
45370	0,38521075	98,208008	-271,90909	-271,81015	-0,64935684
45370	0,38521305	98,408203	-272,68985	-272,74127	-0,65179616
45370	0,38521537	98,608398	-273,47061	-273,34784	-0,65241605
45370	0,3852177	98,808594	-274,25137	-274,29425	-0,65480918
45370	0,38522002	99,008789	-275,03214	-274,94131	-0,65630674
45370	0,38522232	99,208984	-275,8129	-275,81198	-0,6582737
45370	0,38522464	99,40918	-276,59366	-276,55078	-0,65912157
45370	0,38522696	99,609375	-277,37442	-277,34894	-0,66139996
45370	0,38522929	99,80957	-278,15518	-278,15805	-0,663203
45370	0,38523158	100,00977	-278,93594	-278,85916	-0,6646812
45370	0,38523391	100,20996	-279,71671	-279,75	-0,66627115
45370	0,38523623	100,41016	-280,49747	-280,41913	-0,66770166
45370	0,38523856	100,61035	-281,27823	-281,34683	-0,66952556
45370	0,38524085	100,81055	-282,05899	-281,9422	-0,67087263
45370	0,38524318	101,01074	-282,83975	-282,90311	-0,67258924
45370	0,3852455	101,21094	-283,62051	-283,48608	-0,67330599
45370	0,38524783	101,41113	-284,40128	-284,46445	-0,67599863
45370	0,38525012	101,61133	-285,18204	-285,05585	-0,67724586
45370	0,38525245	101,81152	-285,9628	-286,02307	-0,67905188
45370	0,38525477	102,01172	-286,74356	-286,6217	-0,68050176
45370	0,3852571	102,21191	-287,52432	-287,53833	-0,68247616
45370	0,38525939	102,41211	-288,30508	-288,23788	-0,6839633
45370	0,38526171	102,6123	-289,08585	-289,07205	-0,6849587
45370	0,38526404	102,8125	-289,86661	-289,80804	-0,68746805
45370	0,38526636	103,0127	-290,64737	-290,60016	-0,68894774
45370	0,38526866	103,21289	-291,42813	-291,41702	-0,69027841
45370	0,38527098	103,41309	-292,20889	-292,14328	-0,69195926
45370	0,38527331	103,61328	-292,98965	-293,04135	-0,69398582
45370	0,38527563	103,81348	-293,77042	-293,70404	-0,69545805
45370	0,38527793	104,01367	-294,55118	-294,60535	-0,6976068
45370	0,38528025	104,21387	-295,33194	-295,21674	-0,69828779
45370	0,38528258	104,41406	-296,1127	-296,19382	-0,70096701
45370	0,3852849	104,61426	-296,89346	-296,76974	-0,70228726
45370	0,3852872	104,81445	-297,67422	-297,75095	-0,70362538
45370	0,38528952	105,01465	-298,45499	-298,33859	-0,70506632
45370	0,38529184	105,21484	-299,23575	-299,33182	-0,70735812
45370	0,38529417	105,41504	-300,01651	-299,89667	-0,70858449
45370	0,38529646	105,61523	-300,79727	-300,8775	-0,71098357
45370	0,38529879	105,81543	-301,57803	-301,48727	-0,71192533
45370	0,38530111	106,01563	-302,3588	-302,43515	-0,71369857
45370	0,38530344	106,21582	-303,13956	-303,04984	-0,7154122
45370	0,38530573	106,41602	-303,92032	-303,98657	-0,71749985
45370	0,38530806	106,61621	-304,70108	-304,60474	-0,71878582
45370	0,38531038	106,81641	-305,48184	-305,53342	-0,72018355
45370	0,38531271	107,0166	-306,2626	-306,17288	-0,72238445
45370	0,385315	107,2168	-307,04337	-307,09555	-0,72439164
45370	0,38531733	107,41699	-307,82413	-307,71591	-0,72547495
45370	0,38531965	107,61719	-308,60489	-308,66464	-0,72747171
45370	0,38532197	107,81738	-309,38565	-309,31305	-0,72894096
45370	0,38532427	108,01758	-310,16641	-310,18115	-0,73047429
45370	0,38532659	108,21777	-310,94717	-310,89648	-0,73197037
45370	0,38532892	108,41797	-311,72794	-311,71249	-0,73461533
45370	0,38533124	108,61816	-312,5087	-312,46198	-0,73576272
45370	0,38533354	108,81836	-313,28946	-313,27164	-0,73774308
45370	0,38533586	109,01855	-314,07022	-314,05823	-0,73930174
45370	0,38533819	109,21875	-314,85098	-314,87088	-0,741072
45370	0,38534051	109,41895	-315,63174	-315,57669	-0,74272603
45370	0,38534281	109,61914	-316,41251	-316,43887	-0,74486136
45370	0,38534513	109,81934	-317,19327	-317,08047	-0,74596256
45370	0,38534746	110,01953	-317,97403	-318,04584	-0,74864924
45370	0,38534975	110,21973	-318,75479	-318,6658	-0,74929744
45370	0,38535208	110,41992	-319,53555	-319,60745	-0,7518068
45370	0,3853544	110,62012	-320,31631	-320,21429	-0,75226426
45370	0,38535672	110,82031	-321,09708	-321,15063	-0,75532943
45370	0,38535902	111,02051	-321,87784	-321,83868	-0,75614601
45370	0,38536134	111,2207	-322,6586	-322,67294	-0,75856745
45370	0,38536367	111,4209	-323,43936	-323,44687	-0,75992346
45370	0,38536599	111,62109	-324,22012	-324,19571	-0,76152086
45370	0,38536829	111,82129	-325,00089	-324,99451	-0,76408684
45370	0,38537061	112,02148	-325,78165	-325,77603	-0,76564252
45370	0,38537294	112,22168	-326,56241	-326,54901	-0,76708943
45370	0,38537526	112,42188	-327,34317	-327,32993	-0,76874197
45370	0,38537756	112,62207	-328,12393	-328,1088	-0,77053756
45370	0,38537988	112,82227	-328,90469	-328,88937	-0,77211708
45370	0,38538221	113,02246	-329,68546	-329,65918	-0,7737115
45370	0,38538453	113,22266	-330,46622	-330,44812	-0,77534318
45370	0,38538682	113,42285	-331,24698	-331,26434	-0,77761263
45370	0,38538915	113,62305	-332,02774	-332,01456	-0,77944249
45370	0,38539147	113,82324	-332,8085	-332,75635	-0,7817626
45370	0,3853938	114,02344	-333,58926	-333,5744	-0,78374743
45370	0,38539609	114,22363	-334,37003	-334,35693	-0,78527182
45370	0,38539842	114,42383	-335,15079	-335,11896	-0,78629553
45370	0,38540074	114,62402	-335,93155	-335,88766	-0,78841299
45370	0,38540307	114,82422	-336,71231	-336,69949	-0,79033077
45370	0,38540536	115,02441	-337,49307	-337,46762	-0,79226792
45370	0,38540769	115,22461	-338,27383	-338,25778	-0,79403818
45370	0,38541001	115,4248	-339,0546	-339,03421	-0,79512745
45370	0,38541234	115,625	-339,83536	-339,80603	-0,79765469
45370	0,38541463	115,8252	-340,61612	-340,58121	-0,7989794
45370	0,38541695	116,02539	-341,39688	-341,36453	-0,80122501
45370	0,38541928	116,22559	-342,17764	-342,13525	-0,80263317
45370	0,3854216	116,42578	-342,9584	-342,92789	-0,80467761
45370	0,3854239	116,62598	-343,73917	-343,70651	-0,80602318
45370	0,38542622	116,82617	-344,51993	-344,46164	-0,80866218
45370	0,38542855	117,02637	-345,30069	-345,27917	-0,80994219
45370	0,38543087	117,22656	-346,08145	-346,04337	-0,81147999
45370	0,38543317	117,42676	-346,86221	-346,83179	-0,8140415
45370	0,38543549	117,62695	-347,64297	-347,61414	-0,81522763
45370	0,38543782	117,82715	-348,42374	-348,38574	-0,81800371
45370	0,38544014	118,02734	-349,2045	-349,16336	-0,81912428
45370	0,38544244	118,22754	-349,98526	-349,9613	-0,82137734
45370	0,38544476	118,42773	-350,76602	-350,72565	-0,82308501
45370	0,38544708	118,62793	-351,54678	-351,50797	-0,825046
45370	0,38544941	118,82813	-352,32755	-352,30341	-0,82597286
45370	0,3854517	119,02832	-353,10831	-353,07114	-0,82890093
45370	0,38545403	119,22852	-353,88907	-353,87881	-0,82994103
45370	0,38545635	119,42871	-354,66983	-354,61646	-0,83272457
45370	0,38545868	119,62891	-355,45059	-355,43073	-0,83394647
45370	0,38546097	119,8291	-356,23135	-356,19431	-0,83560944
45370	0,3854633	120,0293	-357,01212	-356,99429	-0,83788037
45370	0,38546562	120,22949	-357,79288	-357,74426	-0,8397311
45370	0,38546795	120,42969	-358,57364	-358,56003	-0,84196925
45370	0,38547024	120,62988	-359,3544	-359,32263	-0,8434996
45370	0,38547257	120,83008	-360,13516	-360,10333	-0,84518194
45370	0,38547489	121,03027	-360,91592	-360,88284	-0,84737241
45370	0,38547722	121,23047	-361,69669	-361,64813	-0,84945709
45370	0,38547951	121,43066	-362,47745	-362,45071	-0,85153729
45370	0,38548183	121,63086	-363,25821	-363,22189	-0,85328221
45370	0,38548416	121,83105	-364,03897	-364,01669	-0,85540116
45370	0,38548648	122,03125	-364,81973	-364,77911	-0,85691661
45370	0,38548878	122,23145	-365,60049	-365,57132	-0,8592993
45370	0,3854911	122,43164	-366,38126	-366,33121	-0,86135715
45370	0,38549343	122,63184	-367,16202	-367,16037	-0,86372793
45370	0,38549575	122,83203	-367,94278	-367,89447	-0,86453557
45370	0,38549805	123,03223	-368,72354	-368,70111	-0,86669773
45370	0,38550037	123,23242	-369,5043	-369,4584	-0,86839348
45370	0,3855027	123,43262	-370,28506	-370,26053	-0,8710131
45370	0,38550502	123,63281	-371,06583	-370,98199	-0,8735314
45370	0,38550732	123,83301	-371,84659	-371,83652	-0,87564588
45370	0,38550964	124,0332	-372,62735	-372,55206	-0,87731481
45370	0,38551196	124,2334	-373,40811	-373,42819	-0,87968111
45370	0,38551429	124,43359	-374,18887	-374,1178	-0,88184029
45370	0,38551658	124,63379	-374,96964	-374,9942	-0,88375956
45370	0,38551891	124,83398	-375,7504	-375,64008	-0,88576823
45370	0,38552123	125,03418	-376,53116	-376,52765	-0,88765472
45370	0,38552356	125,23438	-377,31192	-377,28439	-0,88991225
45370	0,38552585	125,43457	-378,09268	-378,03366	-0,89178979
45370	0,38552818	125,63477	-378,87344	-378,92966	-0,89368671
45370	0,3855305	125,83496	-379,65421	-379,5694	-0,89526027
45370	0,38553283	126,03516	-380,43497	-380,48209	-0,89780688
45370	0,38553512	126,23535	-381,21573	-381,16837	-0,90007186
45370	0,38553745	126,43555	-381,99649	-381,91937	-0,90199411
45370	0,38553977	126,63574	-382,77725	-382,81982	-0,90446323
45370	0,38554209	126,83594	-383,55801	-383,46689	-0,90673417
45370	0,38554439	127,03613	-384,33878	-384,31097	-0,9083271
45370	0,38554671	127,23633	-385,11954	-385,15308	-0,9110257
45370	0,38554904	127,43652	-385,9003	-385,80405	-0,91247559
45370	0,38555136	127,63672	-386,68106	-386,70526	-0,91534704
45370	0,38555366	127,83691	-387,46182	-387,44424	-0,91736019
45370	0,38555598	128,03711	-388,24258	-388,14911	-0,91928095
45370	0,38555831	128,2373	-389,02335	-389,06757	-0,92208982
45370	0,38556063	128,4375	-389,80411	-389,75943	-0,92400759
45370	0,38556293	128,6377	-390,58487	-390,5036	-0,92652142
45370	0,38556525	128,83789	-391,36563	-391,41541	-0,92817545
45370	0,38556758	129,03809	-392,14639	-392,07193	-0,93057603
45370	0,3855699	129,23828	-392,92715	-392,90671	-0,93306601
45370	0,3855722	129,43848	-393,70792	-393,75113	-0,93517452
45370	0,38557452	129,63867	-394,48868	-394,39755	-0,93749911
45370	0,38557684	129,83887	-395,26944	-395,26559	-0,94022006
45370	0,38557917	130,03906	-396,0502	-396,07834	-0,94238818
45370	0,38558146	130,23926	-396,83096	-396,72375	-0,94397217
45370	0,38558379	130,43945	-397,61172	-397,62439	-0,94655603
45370	0,38558611	130,63965	-398,39249	-398,39462	-0,94946772
45370	0,38558844	130,83984	-399,17325	-399,10205	-0,95120817
45370	0,38559073	131,04004	-399,95401	-400,01263	-0,95398128
45370	0,38559306	131,24023	-400,73477	-400,70111	-0,95585138
45370	0,38559538	131,44043	-401,51553	-401,45752	-0,95831752
45370	0,38559771	131,64063	-402,2963	-402,32617	-0,96124262
45370	0,3856	131,84082	-403,07706	-402,95676	-0,96347928
45370	0,38560233	132,04102	-403,85782	-403,83206	-0,96614957
45370	0,38560465	132,24121	-404,63858	-404,61502	-0,96834898
45370	0,38560697	132,44141	-405,41934	-405,29099	-0,97070038
45370	0,38560927	132,6416	-406,2001	-406,22678	-0,97315162
45370	0,38561159	132,8418	-406,98087	-406,91736	-0,97650588
45370	0,38561392	133,04199	-407,76163	-407,67654	-0,97871721
45370	0,38561624	133,24219	-408,54239	-408,57599	-0,98128468
45370	0,38561854	133,44238	-409,32315	-409,22757	-0,98317564
45370	0,38562086	133,64258	-410,10391	-410,04782	-0,98643005
45370	0,38562319	133,84277	-410,88467	-410,88757	-0,98947734
45370	0,38562551	134,04297	-411,66544	-411,52533	-0,99125057
45370	0,38562781	134,24316	-412,4462	-412,43677	-0,99446326
45370	0,38563013	134,44336	-413,22696	-413,17471	-0,99658221
45370	0,38563246	134,64355	-414,00772	-413,89871	-0,99942535
45370	0,38563478	134,84375	-414,78848	-414,82529	-1,0022476
45370	0,38563707	135,04395	-415,56924	-415,47336	-1,0045841
45370	0,3856394	135,24414	-416,35001	-416,284	-1,0077522
45370	0,38564172	135,44434	-417,13077	-417,142	-1,0109737
45370	0,38564405	135,64453	-417,91153	-417,78311	-1,0133535
45370	0,38564634	135,84473	-418,69229	-418,68491	-1,0162234
45370	0,38564867	136,04492	-419,47305	-419,42636	-1,0187104
45370	0,38565099	136,24512	-420,25381	-420,12744	-1,0217965
45370	0,38565332	136,44531	-421,03458	-421,04999	-1,0255337
45370	0,38565561	136,64551	-421,81534	-421,73651	-1,0279789
45370	0,38565794	136,8457	-422,5961	-422,52588	-1,030834
45370	0,38566026	137,0459	-423,37686	-423,37631	-1,0341599
45370	0,38566256	137,24609	-424,15762	-424,03568	-1,0367796
45370	0,38566488	137,44629	-424,93839	-424,95456	-1,0411471
45370	0,3856672	137,64648	-425,71915	-425,68649	-1,0440454
45370	0,38566953	137,84668	-426,49991	-426,37958	-1,0467217
45370	0,38567182	138,04688	-427,28067	-427,31564	-1,0503128
45370	0,38567415	138,24707	-428,06143	-427,9375	-1,0536671
45370	0,38567647	138,44727	-428,84219	-428,7916	-1,0574505
45370	0,3856788	138,64746	-429,62296	-429,6008	-1,0606945
45370	0,38568109	138,84766	-430,40372	-430,26013	-1,063922
45370	0,38568342	139,04785	-431,18448	-431,17642	-1,0681838
45370	0,38568574	139,24805	-431,96524	-431,85388	-1,0720283
45370	0,38568807	139,44824	-432,746	-432,65698	-1,0755241
45370	0,38569036	139,64844	-433,52676	-433,52084	-1,0799124
45370	0,38569269	139,84863	-434,30753	-434,13815	-1,0832667
45370	0,38569501	140,04883	-435,08829	-435,05206	-1,0882125
45370	0,38569734	140,24902	-435,86905	-435,80023	-1,0927663
45370	0,38569963	140,44922	-436,64981	-436,50204	-1,0967062
45370	0,38570195	140,64941	-437,43057	-437,42169	-1,102011
45370	0,38570428	140,84961	-438,21133	-438,01749	-1,106827
45370	0,3857066	141,0498	-438,9921	-438,88052	-1,1122689
45370	0,3857089	141,25	-439,77286	-439,66217	-1,1172831
45370	0,38571122	141,4502	-440,55362	-440,3103	-1,1235938
45370	0,38571355	141,65039	-441,33438	-441,20947	-1,1309133
45370	0,38571587	141,85059	-442,11514	-441,83908	-1,138489
45370	0,38571817	142,05078	-442,8959	-442,6203	-1,1484668
45370	0,38572049	142,25098	-443,67667	-443,31485	-1,1601418
45370	0,38572282	142,45117	-444,45361	-443,22052	-1,182209
45370	0,38572514	142,65137	0	-355,17902	-1,065895
45370	0,38572744	142,85156	0	-224,97893	-0,8442685
45370	0,38572976	143,05176	0	-111,8967	-0,61596632
45370	0,38573208	143,25195	0	-31,163658	-0,38731992
45370	0,38573441	143,45215	0	0,29784068	-0,15792996
45370	0,3857367	143,65234	0	0,24999678	0,067065656
45370	0,38573903	143,85254	0	0,23858994	0,28561503
45370	0,38574135	144,05273	0	0,23010932	0,50472021
45370	0,38574368	144,25293	0	0,21582656	0,72820783
45370	0,38574597	144,45313	0	0,19965693	0,95814168
