MTS793|MPT|DEU|1|2|,|.|:|49|1|1|A

Bediener Information			Würfeldruckfestigkeit (150mm)			Zeit:	10,013672	Sec	20.02.2013 08:39:13
Datum	20.02.2013
Prüfer:	Kh
Probebezeichnung	7.2 Thiele Zyl. 1 28d 23.01.13 Probe 6
Protokoll Seite	-
Breite [mm]:	150
Höhe [mm]:	150
Länge Einfüllseite [mm]:	150
Masse [g]:	7895
Bediener Information Ende

Datenerfassung						Zeit:	158,98145	Sec	20.02.2013 08:41:42
Ch 1 Weg	Ch 1 Kraft
mm	kN
0,86306876	6,9526563
-1,348369	-1380,7701

Datenerfassung						Zeit:	158,99316	Sec	20.02.2013 08:41:42
Datum	Tageszeit	Laufzeit	Ch 1 Weg	Ch 1 Kraft
Days	Days	Sec	mm	kN
41331	0,049045581	34,942383	-0,0022051404	-14,625631
41331	0,049047899	35,142578	-0,0058457023	-16,443497
41331	0,049050216	35,342773	-0,011147549	-18,72389
41331	0,049052533	35,542969	-0,014609798	-20,84446
41331	0,049054846	35,743164	-0,018586183	-23,308212
41331	0,049057163	35,943359	-0,024295179	-25,812273
41331	0,04905948	36,143555	-0,028824335	-28,668541
41331	0,049061798	36,34375	-0,035332769	-31,000818
41331	0,049064115	36,543945	-0,039425056	-33,732647
41331	0,049066432	36,744141	-0,043478712	-36,13055
41331	0,049068749	36,944336	-0,048236702	-38,835007
41331	0,049071066	37,144531	-0,051701922	-41,434395
41331	0,049073383	37,344727	-0,055856623	-44,01688
41331	0,0490757	37,544922	-0,062555254	-46,242245
41331	0,049078017	37,745117	-0,065637104	-48,980194
41331	0,049080335	37,945313	-0,070038468	-51,716892
41331	0,049082652	38,145508	-0,075147144	-53,665009
41331	0,049084969	38,345703	-0,080986902	-56,177849
41331	0,049087286	38,545898	-0,084975176	-58,110832
41331	0,049089603	38,746094	-0,09016706	-60,362812
41331	0,04909192	38,946289	-0,092883363	-61,981277
41331	0,049094237	39,146484	-0,098699346	-63,709354
41331	0,049096555	39,34668	-0,10328497	-66,20977
41331	0,049098872	39,546875	-0,10778143	-68,363838
41331	0,049101189	39,74707	-0,11197477	-70,343102
41331	0,049103506	39,947266	-0,11659902	-72,639824
41331	0,049105823	40,147461	-0,12074481	-75,439133
41331	0,04910814	40,347656	-0,12497678	-77,21402
41331	0,049110457	40,547852	-0,12851629	-79,115898
41331	0,049112774	40,748047	-0,13333373	-80,760056
41331	0,049115092	40,948242	-0,13673356	-83,020866
41331	0,049117409	41,148438	-0,1410844	-84,798401
41331	0,049119726	41,348633	-0,1450697	-86,880821
41331	0,049122043	41,548828	-0,14879645	-89,026138
41331	0,04912436	41,749023	-0,15173268	-91,293678
41331	0,049126677	41,949219	-0,15611622	-93,473091
41331	0,049128994	42,149414	-0,15889493	-95,666557
41331	0,049131311	42,349609	-0,16195597	-97,701981
41331	0,049133629	42,549805	-0,16433644	-99,85498
41331	0,049135946	42,75	-0,16744207	-102,16425
41331	0,049138263	42,950195	-0,16950753	-104,44495
41331	0,04914058	43,150391	-0,17191774	-106,92722
41331	0,049142897	43,350586	-0,17568609	-109,59818
41331	0,049145214	43,550781	-0,17848264	-112,31042
41331	0,049147531	43,750977	-0,18102063	-114,94537
41331	0,049149849	43,951172	-0,18324062	-117,21366
41331	0,049152166	44,151367	-0,18630761	-119,91821
41331	0,049154483	44,351563	-0,18964802	-122,18973
41331	0,0491568	44,551758	-0,19196312	-124,42815
41331	0,049159117	44,751953	-0,19368383	-127,57245
41331	0,049161434	44,952148	-0,1965844	-130,13246
41331	0,049163751	45,152344	-0,20040031	-132,9437
41331	0,049166068	45,352539	-0,20202295	-135,23796
41331	0,049168386	45,552734	-0,20546143	-137,55142
41331	0,049170703	45,75293	-0,20865323	-139,74414
41331	0,04917302	45,953125	-0,21011242	-142,03114
41331	0,049175337	46,15332	-0,21073949	-143,46964
41331	0,049177654	46,353516	-0,21380648	-145,12769
41331	0,049179971	46,553711	-0,21710825	-147,33156
41331	0,049182288	46,753906	-0,21964327	-149,30763
41331	0,049184605	46,954102	-0,22038624	-151,18721
41331	0,049186923	47,154297	-0,22482327	-153,32408
41331	0,04918924	47,354492	-0,22588126	-155,28813
41331	0,049191557	47,554688	-0,22820231	-156,81079
41331	0,049193874	47,754883	-0,23098697	-159,14725
41331	0,049196191	47,955078	-0,23439573	-161,16766
41331	0,049198508	48,155273	-0,23521893	-162,92191
41331	0,049200825	48,355469	-0,23852962	-165,44482
41331	0,049203143	48,555664	-0,24006014	-167,50565
41331	0,04920546	48,755859	-0,24165902	-170,14198
41331	0,049207777	48,956055	-0,24363235	-172,50673
41331	0,04921009	49,15625	-0,24560568	-175,38345
41331	0,049212407	49,356445	-0,24743339	-177,76918
41331	0,049214724	49,556641	-0,24973363	-179,97389
41331	0,049217042	49,756836	-0,25223893	-182,19258
41331	0,049219359	49,957031	-0,25409043	-184,21489
41331	0,049221676	50,157227	-0,25607267	-186,71942
41331	0,049223993	50,357422	-0,25810543	-189,03586
41331	0,04922631	50,557617	-0,2599183	-191,41473
41331	0,049228627	50,757813	-0,26201943	-193,78618
41331	0,049230944	50,958008	-0,26369852	-196,61192
41331	0,049233261	51,158203	-0,26563621	-199,02753
41331	0,049235579	51,358398	-0,2679632	-201,38335
41331	0,049237896	51,558594	-0,2694729	-203,76173
41331	0,049240213	51,758789	-0,27071515	-206,10301
41331	0,04924253	51,958984	-0,27287573	-208,41695
41331	0,049244847	52,15918	-0,27597541	-210,94475
41331	0,049247164	52,359375	-0,27686399	-213,48172
41331	0,049249481	52,55957	-0,2786085	-215,6689
41331	0,049251799	52,759766	-0,27992207	-217,93295
41331	0,049254116	52,959961	-0,28207073	-220,15068
41331	0,049256433	53,160156	-0,28390735	-221,92534
41331	0,04925875	53,360352	-0,28658801	-224,25711
41331	0,049261067	53,560547	-0,28885853	-226,00743
41331	0,049263384	53,760742	-0,29065058	-227,9726
41331	0,049265701	53,960938	-0,29171452	-230,0103
41331	0,049268018	54,161133	-0,29339066	-232,00322
41331	0,049270336	54,361328	-0,29525104	-233,95834
41331	0,049272653	54,561523	-0,29684103	-235,74216
41331	0,04927497	54,761719	-0,29887676	-237,3828
41331	0,049277287	54,961914	-0,3005529	-239,23277
41331	0,049279604	55,162109	-0,30240142	-240,92247
41331	0,049281921	55,362305	-0,30367637	-243,015
41331	0,049284238	55,5625	-0,30508503	-245,05331
41331	0,049286555	55,762695	-0,30733177	-247,71579
41331	0,049288873	55,962891	-0,30839869	-250,90492
41331	0,04929119	56,163086	-0,31112984	-253,04037
41331	0,049293507	56,363281	-0,31201845	-255,79195
41331	0,049295824	56,563477	-0,31386399	-258,37781
41331	0,049298141	56,763672	-0,31445539	-261,30057
41331	0,049300458	56,963867	-0,31710929	-263,33627
41331	0,049302775	57,164063	-0,31869924	-265,814
41331	0,049305093	57,364258	-0,32017329	-268,59183
41331	0,04930741	57,564453	-0,32248542	-271,21906
41331	0,049309727	57,764648	-0,32453901	-273,63623
41331	0,049312044	57,964844	-0,3255316	-275,7905
41331	0,049314361	58,165039	-0,32668769	-277,96863
41331	0,049316678	58,365234	-0,32913056	-280,10864
41331	0,049318995	58,56543	-0,32929701	-282,26364
41331	0,049321312	58,765625	-0,33212623	-283,8017
41331	0,04932363	58,96582	-0,33324367	-285,69135
41331	0,049325947	59,166016	-0,33430165	-287,85013
41331	0,049328264	59,366211	-0,33693773	-290,12207
41331	0,049330581	59,566406	-0,33827806	-292,32928
41331	0,049332898	59,766602	-0,33993042	-294,67487
41331	0,049335215	59,966797	-0,34226334	-296,82123
41331	0,049337532	60,166992	-0,34335107	-298,92368
41331	0,04933985	60,367188	-0,34509256	-300,94235
41331	0,049342167	60,567383	-0,34718478	-303,02213
41331	0,049344484	60,767578	-0,3482933	-304,88
41331	0,049346801	60,967773	-0,34909275	-306,91519
41331	0,049349118	61,167969	-0,35115224	-308,61795
41331	0,049351435	61,368164	-0,35296807	-310,7139
41331	0,049353752	61,568359	-0,35446888	-313,12204
41331	0,049356069	61,768555	-0,35585082	-314,76868
41331	0,049358387	61,96875	-0,35762799	-317,45645
41331	0,049360704	62,168945	-0,35910502	-319,82446
41331	0,049363021	62,369141	-0,36075443	-322,24896
41331	0,049365338	62,569336	-0,36096245	-324,7916
41331	0,049367651	62,769531	-0,36236519	-327,12454
41331	0,049369968	62,969727	-0,36517659	-329,67706
41331	0,049372286	63,169922	-0,36605924	-332,03207
41331	0,049374603	63,370117	-0,36803257	-334,55377
41331	0,04937692	63,570313	-0,36893305	-337,12012
41331	0,049379237	63,770508	-0,37108767	-339,55118
41331	0,049381554	63,970703	-0,37257361	-342,17114
41331	0,049383871	64,170898	-0,37415168	-344,70944
41331	0,049386188	64,371094	-0,37518591	-347,50772
41331	0,049388506	64,571289	-0,37593186	-350,43161
41331	0,049390823	64,771484	-0,37845796	-353,07822
41331	0,04939314	64,97168	-0,37885025	-355,51276
41331	0,049395457	65,171875	-0,38079682	-357,56659
41331	0,049397774	65,37207	-0,38223821	-359,13132
41331	0,049400091	65,572266	-0,38380438	-361,07327
41331	0,049402408	65,772461	-0,38564101	-362,81036
41331	0,049404725	65,972656	-0,38776591	-365,202
41331	0,049407043	66,172852	-0,38847321	-367,21567
41331	0,04940936	66,373047	-0,38971546	-368,95386
41331	0,049411677	66,573242	-0,39234856	-371,0542
41331	0,049413994	66,773438	-0,3937186	-372,97479
41331	0,049416311	66,973633	-0,39590293	-375,03912
41331	0,049418628	67,173828	-0,39748099	-376,87091
41331	0,049420945	67,374023	-0,39846173	-378,83081
41331	0,049423262	67,574219	-0,39987338	-380,42307
41331	0,04942558	67,774414	-0,40103242	-383,03354
41331	0,049427897	67,974609	-0,40313947	-385,61823
41331	0,049430214	68,174805	-0,40540999	-387,77332
41331	0,049432531	68,375	-0,40541595	-390,46274
41331	0,049434848	68,575195	-0,40721691	-392,83624
41331	0,049437165	68,775391	-0,40863746	-395,28922
41331	0,049439482	68,975586	-0,4096598	-398,1044
41331	0,0494418	69,175781	-0,41170743	-400,263
41331	0,049444117	69,375977	-0,41180551	-402,5946
41331	0,049446434	69,576172	-0,41370156	-404,43198
41331	0,049448751	69,776367	-0,41472983	-406,59387
41331	0,049451068	69,976563	-0,41668534	-408,97272
41331	0,049453385	70,176758	-0,41668832	-411,63519
41331	0,049455702	70,376953	-0,41905987	-414,00012
41331	0,049458019	70,577148	-0,42086679	-416,46487
41331	0,049460337	70,777344	-0,42165434	-419,25961
41331	0,049462654	70,977539	-0,42384461	-421,61172
41331	0,049464971	71,177734	-0,42482534	-424,0654
41331	0,049467288	71,37793	-0,4262251	-426,57092
41331	0,049469605	71,578125	-0,42692348	-428,62201
41331	0,049471922	71,77832	-0,42887008	-430,94537
41331	0,049474239	71,978516	-0,43033522	-433,21588
41331	0,049476556	72,178711	-0,432897	-435,48215
41331	0,049478874	72,378906	-0,43408278	-437,67261
41331	0,049481191	72,579102	-0,43412736	-439,6546
41331	0,049483508	72,779297	-0,43604124	-441,62695
41331	0,049485825	72,979492	-0,43676937	-443,71396
41331	0,049488142	73,179688	-0,43884671	-445,88406
41331	0,049490459	73,379883	-0,44041884	-447,86063
41331	0,049492776	73,580078	-0,44172943	-449,62106
41331	0,049495094	73,780273	-0,44206527	-451,50406
41331	0,049497411	73,980469	-0,44474292	-453,51834
41331	0,049499728	74,180664	-0,44597924	-455,44669
41331	0,049502045	74,380859	-0,44663602	-456,87976
41331	0,049504362	74,581055	-0,44898975	-458,61868
41331	0,049506679	74,78125	-0,45063025	-460,51578
41331	0,049508996	74,981445	-0,45192003	-463,0603
41331	0,049511313	75,181641	-0,45325145	-465,61993
41331	0,049513631	75,381836	-0,45377746	-468,13223
41331	0,049515948	75,582031	-0,45651457	-470,55933
41331	0,049518265	75,782227	-0,45758444	-473,26196
41331	0,049520582	75,982422	-0,45873755	-475,89828
41331	0,049522895	76,182617	-0,46037802	-478,67743
41331	0,049525212	76,382813	-0,46121314	-481,67459
41331	0,04952753	76,583008	-0,4630765	-484,00552
41331	0,049529847	76,783203	-0,46440792	-486,55975
41331	0,049532164	76,983398	-0,46532029	-488,94482
41331	0,049534481	77,183594	-0,46740952	-491,05173
41331	0,049536798	77,383789	-0,46875578	-493,26364
41331	0,049539115	77,583984	-0,46847641	-495,41046
41331	0,049541432	77,78418	-0,47008717	-497,2948
41331	0,04954375	77,984375	-0,47293425	-499,12967
41331	0,049546067	78,18457	-0,47453314	-500,76321
41331	0,049548384	78,384766	-0,4756684	-503,54922
41331	0,049550701	78,584961	-0,47581995	-505,90607
41331	0,049553018	78,785156	-0,47710678	-507,87671
41331	0,049555335	78,985352	-0,47783488	-509,77087
41331	0,049557652	79,185547	-0,47962099	-511,76282
41331	0,049559969	79,385742	-0,48086622	-513,54865
41331	0,049562287	79,585938	-0,48249778	-515,61572
41331	0,049564604	79,786133	-0,48355576	-517,49927
41331	0,049566921	79,986328	-0,48599273	-519,8075
41331	0,049569238	80,186523	-0,48669705	-521,80933
41331	0,049571555	80,386719	-0,48858717	-524,19464
41331	0,049573872	80,586914	-0,48984131	-526,27905
41331	0,049576189	80,787109	-0,4918533	-528,62842
41331	0,049578506	80,987305	-0,49187112	-530,64191
41331	0,049580824	81,1875	-0,49424863	-532,77557
41331	0,049583141	81,387695	-0,49532741	-535,10266
41331	0,049585458	81,587891	-0,49592775	-537,76154
41331	0,049587775	81,788086	-0,49772573	-540,74664
41331	0,049590092	81,988281	-0,4985638	-543,42224
41331	0,049592409	82,188477	-0,49948806	-545,76953
41331	0,049594726	82,388672	-0,50137222	-548,57727
41331	0,049597044	82,588867	-0,50144356	-551,45227
41331	0,049599361	82,789063	-0,50272745	-554,19678
41331	0,049601678	82,989258	-0,50474828	-556,72968
41331	0,049603995	83,189453	-0,50585383	-559,03418
41331	0,049606312	83,389648	-0,50763994	-561,50568
41331	0,049608629	83,589844	-0,50867414	-563,01056
41331	0,049610946	83,790039	-0,51059997	-565,20721
41331	0,049613263	83,990234	-0,51279318	-567,17969
41331	0,049615581	84,19043	-0,51420188	-568,84448
41331	0,049617898	84,390625	-0,51555705	-570,86731
41331	0,049620215	84,59082	-0,51795834	-572,23846
41331	0,049622532	84,791016	-0,51855868	-574,46155
41331	0,049624849	84,991211	-0,52005351	-576,32025
41331	0,049627166	85,191406	-0,52156323	-578,11127
41331	0,049629483	85,391602	-0,52280551	-580,46356
41331	0,049631801	85,591797	-0,52408046	-582,95575
41331	0,049634118	85,791992	-0,52509683	-585,4939
41331	0,049636435	85,992188	-0,52675217	-587,86255
41331	0,049638752	86,192383	-0,52827078	-590,7785
41331	0,049641069	86,392578	-0,52893651	-593,52911
41331	0,049643386	86,592773	-0,53196484	-595,98615
41331	0,049645703	86,792969	-0,53220558	-598,00806
41331	0,04964802	86,993164	-0,53402436	-600,28241
41331	0,049650338	87,193359	-0,53582829	-602,36505
41331	0,049652655	87,393555	-0,53613442	-605,00653
41331	0,049654972	87,59375	-0,53784025	-607,14374
41331	0,049657289	87,793945	-0,53944808	-610,01196
41331	0,049659606	87,994141	-0,54051203	-612,91632
41331	0,049661923	88,194336	-0,54266065	-615,36414
41331	0,04966424	88,394531	-0,54367703	-617,39502
41331	0,049666557	88,594727	-0,54455376	-619,7915
41331	0,049668875	88,794922	-0,54518086	-622,0213
41331	0,049671192	88,995117	-0,54649144	-624,17175
41331	0,049673509	89,195313	-0,548334	-626,3902
41331	0,049675826	89,395508	-0,54933554	-628,46729
41331	0,049678143	89,595703	-0,55068177	-630,56555
41331	0,049680457	89,795898	-0,5524798	-632,61957
41331	0,049682774	89,996094	-0,5526076	-634,73486
41331	0,049685091	90,196289	-0,55481571	-636,53271
41331	0,049687408	90,396484	-0,55559731	-638,39526
41331	0,049689725	90,59668	-0,55812043	-640,23645
41331	0,049692042	90,796875	-0,55961823	-642,05511
41331	0,049694359	90,99707	-0,56056333	-644,16205
41331	0,049696676	91,197266	-0,56137764	-645,36829
41331	0,049698994	91,397461	-0,56269711	-647,34875
41331	0,049701311	91,597656	-0,56420684	-649,0882
41331	0,049703628	91,797852	-0,56539559	-651,74994
41331	0,049705945	91,998047	-0,56712526	-654,11926
41331	0,049708262	92,198242	-0,5685339	-656,6925
41331	0,049710579	92,398438	-0,5685755	-659,2713
41331	0,049712896	92,598633	-0,56979102	-661,91449
41331	0,049715213	92,798828	-0,57167518	-664,04675
41331	0,049717531	92,999023	-0,5733484	-666,46826
41331	0,049719848	93,199219	-0,57453716	-668,90186
41331	0,049722165	93,399414	-0,57582396	-671,4884
41331	0,049724482	93,599609	-0,57758033	-674,22021
41331	0,049726799	93,799805	-0,57954478	-676,87817
41331	0,049729116	94	-0,58024019	-679,54596
41331	0,049731433	94,200195	-0,58048385	-682,09412
41331	0,049733751	94,400391	-0,58346766	-684,01434
41331	0,049736068	94,600586	-0,58366382	-686,57788
41331	0,049738385	94,800781	-0,58531916	-688,31122
41331	0,049740702	95,000977	-0,58665949	-690,2691
41331	0,049743019	95,201172	-0,58734596	-692,43213
41331	0,049745336	95,401367	-0,58822864	-693,94684
41331	0,049747653	95,601563	-0,59048724	-696,09308
41331	0,04974997	95,801758	-0,59112024	-698,41724
41331	0,049752288	96,001953	-0,59214258	-700,81311
41331	0,049754605	96,202148	-0,59496289	-702,76501
41331	0,049756922	96,402344	-0,59650236	-705,34845
41331	0,049759239	96,602539	-0,59745932	-707,35718
41331	0,049761556	96,802734	-0,59949207	-709,67432
41331	0,049763873	97,00293	-0,59945047	-711,29883
41331	0,04976619	97,203125	-0,60128415	-713,25629
41331	0,049768507	97,40332	-0,60192901	-715,45563
41331	0,049770825	97,603516	-0,60385478	-717,45441
41331	0,049773142	97,803711	-0,60567063	-719,47192
41331	0,049775459	98,003906	-0,60643142	-721,69214
41331	0,049777776	98,204102	-0,6082027	-723,90778
41331	0,049780093	98,404297	-0,60968566	-726,11798
41331	0,04978241	98,604492	-0,61163223	-728,44623
41331	0,049784727	98,804688	-0,61246735	-730,15979
41331	0,049787045	99,004883	-0,61394137	-732,5882
41331	0,049789362	99,205078	-0,61575425	-734,78571
41331	0,049791679	99,405273	-0,61677361	-736,81915
41331	0,049793996	99,605469	-0,61754924	-739,8219
41331	0,049796313	99,805664	-0,61831301	-741,6629
41331	0,04979863	100,00586	-0,61959094	-743,8457
41331	0,049800947	100,20605	-0,62053007	-746,5069
41331	0,049803264	100,40625	-0,62242317	-748,716
41331	0,049805582	100,60645	-0,62396258	-751,66809
41331	0,049807899	100,80664	-0,62543964	-753,79572
41331	0,049810216	101,00684	-0,62641144	-756,18616
41331	0,049812533	101,20703	-0,62731785	-758,55811
41331	0,04981485	101,40723	-0,62943089	-760,88831
41331	0,049817167	101,60742	-0,63055724	-763,35004
41331	0,049819484	101,80762	-0,63188565	-765,90302
41331	0,049821801	102,00781	-0,63321406	-768,62445
41331	0,049824119	102,20801	-0,63363904	-770,9646
41331	0,049826436	102,4082	-0,63596904	-773,6839
41331	0,049828753	102,6084	-0,6363821	-776,37073
41331	0,04983107	102,80859	-0,63787401	-778,81488
41331	0,049833387	103,00879	-0,64011478	-781,2124
41331	0,049835701	103,20898	-0,64042389	-783,53613
41331	0,049838018	103,40918	-0,64202273	-785,57037
41331	0,049840335	103,60938	-0,6439842	-787,73389
41331	0,049842652	103,80957	-0,64529777	-789,74634
41331	0,049844969	104,00977	-0,64700955	-791,84973
41331	0,049847286	104,20996	-0,64782089	-793,94623
41331	0,049849603	104,41016	-0,64928305	-796,03461
41331	0,04985192	104,61035	-0,65075117	-797,78528
41331	0,049854238	104,81055	-0,65155357	-799,96301
41331	0,049856555	105,01074	-0,65323865	-801,92877
41331	0,049858872	105,21094	-0,65458196	-803,80969
41331	0,049861189	105,41113	-0,65606195	-805,57159
41331	0,049863506	105,61133	-0,65821654	-807,66998
41331	0,049865823	105,81152	-0,65896845	-810,00366
41331	0,04986814	106,01172	-0,66020775	-812,17877
41331	0,049870458	106,21191	-0,66199976	-813,9657
41331	0,049872775	106,41211	-0,66295373	-815,99487
41331	0,049875092	106,6123	-0,66520047	-817,83289
41331	0,049877409	106,8125	-0,66564333	-820,09033
41331	0,049879726	107,0127	-0,66649032	-822,47131
41331	0,049882043	107,21289	-0,66832393	-824,90918
41331	0,04988436	107,41309	-0,66950083	-827,3844
41331	0,049886677	107,61328	-0,67019325	-829,85126
41331	0,049888995	107,81348	-0,67214876	-832,32813
41331	0,049891312	108,01367	-0,67372686	-834,4845
41331	0,049893629	108,21387	-0,67568535	-836,97504
41331	0,049895946	108,41406	-0,6751563	-839,62891
41331	0,049898263	108,61426	-0,67733771	-841,84387
41331	0,04990058	108,81445	-0,67885333	-844,00562
41331	0,049902897	109,01465	-0,68050569	-846,4588
41331	0,049905214	109,21484	-0,68148345	-849,14551
41331	0,049907532	109,41504	-0,68148643	-850,84308
41331	0,049909849	109,61523	-0,68397391	-853,15881
41331	0,049912166	109,81543	-0,6850943	-855,53058
41331	0,049914483	110,01563	-0,68675858	-858,04785
41331	0,0499168	110,21582	-0,68822074	-860,55432
41331	0,049919117	110,41602	-0,68968588	-862,87305
41331	0,049921434	110,61621	-0,69080329	-865,31757
41331	0,049923752	110,81641	-0,69245273	-867,66943
41331	0,049926069	111,0166	-0,69392377	-870,08984
41331	0,049928386	111,2168	-0,69534433	-872,16437
41331	0,049930703	111,41699	-0,69621509	-874,9411
41331	0,04993302	111,61719	-0,69807851	-877,03754
41331	0,049935337	111,81738	-0,69866097	-879,41809
41331	0,049937654	112,01758	-0,7003817	-881,98987
41331	0,049939971	112,21777	-0,70157641	-883,97516
41331	0,049942289	112,41797	-0,703309	-886,18188
41331	0,049944606	112,61816	-0,70472366	-888,07086
41331	0,049946923	112,81836	-0,70641762	-890,80725
41331	0,04994924	113,01855	-0,70721406	-892,85651
41331	0,049951557	113,21875	-0,70896453	-895,13757
41331	0,049953874	113,41895	-0,71062875	-897,57916
41331	0,049956191	113,61914	-0,71188289	-899,4693
41331	0,049958508	113,81934	-0,71263182	-901,3924
41331	0,049960826	114,01953	-0,71419799	-903,69287
41331	0,049963143	114,21973	-0,71606731	-905,69165
41331	0,04996546	114,41992	-0,71746409	-907,99414
41331	0,049967777	114,62012	-0,71934831	-910,00488
41331	0,049970094	114,82031	-0,72010911	-911,79053
41331	0,049972411	115,02051	-0,72080451	-913,91949
41331	0,049974728	115,2207	-0,7229948	-916,12769
41331	0,049977046	115,4209	-0,72421032	-917,81464
41331	0,049979363	115,62109	-0,72522962	-920,00366
41331	0,04998168	115,82129	-0,72768146	-922,03632
41331	0,049983997	116,02148	-0,72850764	-923,51794
41331	0,049986314	116,22168	-0,73001438	-925,66638
41331	0,049988631	116,42188	-0,73082572	-927,59796
41331	0,049990948	116,62207	-0,73323888	-929,95135
41331	0,049993262	116,82227	-0,73367578	-931,88971
41331	0,049995579	117,02246	-0,73585117	-934,13318
41331	0,049997896	117,22266	-0,73697752	-936,35107
41331	0,050000213	117,42285	-0,73783934	-938,65039
41331	0,05000253	117,62305	-0,73960763	-941,43573
41331	0,050004847	117,82324	-0,74080235	-943,84918
41331	0,050007164	118,02344	-0,74214268	-946,57306
41331	0,050009482	118,22363	-0,74438047	-948,62262
41331	0,050011799	118,42383	-0,74525422	-950,93494
41331	0,050014116	118,62402	-0,74663317	-953,59741
41331	0,050016433	118,82422	-0,7481221	-956,07898
41331	0,05001875	119,02441	-0,74964368	-959,0473
41331	0,050021067	119,22461	-0,75120097	-960,99133
41331	0,050023384	119,4248	-0,75257397	-963,58197
41331	0,050025702	119,625	-0,75366765	-966,28552
41331	0,050028019	119,8252	-0,75567067	-968,88324
41331	0,050030336	120,02539	-0,75700212	-971,16028
41331	0,050032653	120,22559	-0,7582711	-973,2951
41331	0,05003497	120,42578	-0,76077938	-975,50305
41331	0,050037287	120,62598	-0,76153719	-977,62787
41331	0,050039604	120,82617	-0,76343328	-979,85284
41331	0,050041921	121,02637	-0,76408112	-982,14136
41331	0,050044239	121,22656	-0,76656562	-984,36334
41331	0,050046556	121,42676	-0,76745719	-985,70471
41331	0,050048873	121,62695	-0,76846468	-987,99414
41331	0,05005119	121,82715	-0,77103537	-989,89703
41331	0,050053507	122,02734	-0,77223897	-992,38525
41331	0,050055824	122,22754	-0,77373379	-994,65015
41331	0,050058141	122,42773	-0,77464616	-996,92853
41331	0,050060458	122,62793	-0,77626884	-998,90234
41331	0,050062776	122,82813	-0,77796578	-1001,0535
41331	0,050065093	123,02832	-0,77908915	-1003,1476
41331	0,05006741	123,22852	-0,78178763	-1005,4998
41331	0,050069727	123,42871	-0,78235525	-1007,6743
41331	0,050072044	123,62891	-0,78415328	-1009,7512
41331	0,050074361	123,8291	-0,78541929	-1011,3737
41331	0,050076678	124,0293	-0,78631681	-1013,3158
41331	0,050078996	124,22949	-0,78879833	-1015,129
41331	0,050081313	124,42969	-0,7893095	-1017,6395
41331	0,05008363	124,62988	-0,79232889	-1020,0253
41331	0,050085947	124,83008	-0,79353845	-1022,2855
41331	0,050088264	125,03027	-0,79490256	-1024,3307
41331	0,050090581	125,23047	-0,7968967	-1026,1652
41331	0,050092898	125,43066	-0,79798442	-1028,5979
41331	0,050095215	125,63086	-0,79912561	-1030,9578
41331	0,050097533	125,83105	-0,80014497	-1033,7046
41331	0,05009985	126,03125	-0,80273944	-1035,5988
41331	0,050102167	126,23145	-0,80366963	-1037,8319
41331	0,050104484	126,43164	-0,80601746	-1040,4662
41331	0,050106801	126,63184	-0,8072775	-1043,3154
41331	0,050109118	126,83203	-0,80828351	-1045,8081
41331	0,050111435	127,03223	-0,81003839	-1048,2888
41331	0,050113752	127,23242	-0,81153476	-1050,5376
41331	0,05011607	127,43262	-0,81282455	-1053,001
41331	0,050118387	127,63281	-0,81514561	-1055,8184
41331	0,050120704	127,83301	-0,81625557	-1058,2161
41331	0,050123021	128,0332	-0,81790793	-1061,0752
41331	0,050125338	128,2334	-0,81926608	-1063,5502
41331	0,050127655	128,43359	-0,82156038	-1066,2708
41331	0,050129972	128,63379	-0,82232124	-1068,269
41331	0,05013229	128,83398	-0,8242321	-1070,5879
41331	0,050134607	129,03418	-0,8260138	-1072,7806
41331	0,050136924	129,23438	-0,82821298	-1074,5153
41331	0,050139241	129,43457	-0,82841653	-1076,1714
41331	0,050141558	129,63477	-0,83130074	-1078,1887
41331	0,050143875	129,83496	-0,83292043	-1080,5234
41331	0,050146192	130,03516	-0,8358537	-1082,4269
41331	0,050148506	130,23535	-0,8355996	-1084,4012
41331	0,050150823	130,43555	-0,83851945	-1086,2769
41331	0,05015314	130,63574	-0,84031153	-1087,9292
41331	0,050155457	130,83594	-0,84087026	-1090,0011
41331	0,050157774	131,03613	-0,84298325	-1091,8674
41331	0,050160091	131,23633	-0,84460741	-1093,8837
41331	0,050162409	131,43652	-0,84611267	-1096,6125
41331	0,050164726	131,63672	-0,84768778	-1099,0001
41331	0,050167043	131,83691	-0,84920788	-1101,3431
41331	0,05016936	132,03711	-0,85091078	-1103,8311
41331	0,050171677	132,2373	-0,8522808	-1106,3795
41331	0,050173994	132,4375	-0,85407138	-1108,8286
41331	0,050176311	132,6377	-0,85693777	-1110,9879
41331	0,050178628	132,83789	-0,8575871	-1113,4862
41331	0,050180946	133,03809	-0,85906708	-1115,5588
41331	0,050183263	133,23828	-0,86059463	-1117,6492
41331	0,05018558	133,43848	-0,86225742	-1120,421
41331	0,050187897	133,63867	-0,86383104	-1122,9283
41331	0,050190214	133,83887	-0,86648047	-1125,5513
41331	0,050192531	134,03906	-0,86809719	-1127,7986
41331	0,050194848	134,23926	-0,86993527	-1130,3597
41331	0,050197165	134,43945	-0,87091452	-1132,7611
41331	0,050199483	134,63965	-0,87301564	-1135,1168
41331	0,0502018	134,83984	-0,87454915	-1137,866
41331	0,050204117	135,04004	-0,87678105	-1139,7528
41331	0,050206434	135,24023	-0,8778851	-1141,7303
41331	0,050208751	135,44043	-0,8789832	-1143,9821
41331	0,050211068	135,64063	-0,88091493	-1145,9159
41331	0,050213385	135,84082	-0,88290316	-1148,4075
41331	0,050215703	136,04102	-0,88453621	-1150,4366
41331	0,05021802	136,24121	-0,88634753	-1152,6017
41331	0,050220337	136,44141	-0,88836247	-1154,1337
41331	0,050222654	136,6416	-0,89065826	-1156,1086
41331	0,050224971	136,8418	-0,89142799	-1158,1727
41331	0,050227288	137,04199	-0,89336121	-1159,9795
41331	0,050229605	137,24219	-0,89583081	-1161,7507
41331	0,050231922	137,44238	-0,89770907	-1163,1681
41331	0,05023424	137,64258	-0,89938074	-1165,2644
41331	0,050236557	137,84277	-0,90159631	-1167,4518
41331	0,050238874	138,04297	-0,90223229	-1169,6718
41331	0,050241191	138,24316	-0,90442848	-1172,6885
41331	0,050243508	138,44336	-0,9067347	-1175,2798
41331	0,050245825	138,64355	-0,90818942	-1177,535
41331	0,050248142	138,84375	-0,91108704	-1179,8467
41331	0,050250459	139,04395	-0,91283154	-1182,7432
41331	0,050252777	139,24414	-0,91477215	-1185,5211
41331	0,050255094	139,44434	-0,91720319	-1188,4691
41331	0,050257411	139,64453	-0,91891646	-1190,8296
41331	0,050259728	139,84473	-0,92094475	-1193,2617
41331	0,050262045	140,04492	-0,92319745	-1195,2964
41331	0,050264362	140,24512	-0,92447835	-1197,8402
41331	0,050266679	140,44531	-0,92689896	-1199,8978
41331	0,050268997	140,64551	-0,9275409	-1201,7393
41331	0,050271314	140,8457	-0,92907882	-1203,6863
41331	0,050273631	141,0459	-0,9307847	-1205,3054
41331	0,050275948	141,24609	-0,93306118	-1207,5455
41331	0,050278265	141,44629	-0,93596619	-1210,0031
41331	0,050280582	141,64648	-0,93710887	-1212,2621
41331	0,050282899	141,84668	-0,93949383	-1214,4352
41331	0,050285216	142,04688	-0,94159198	-1216,0972
41331	0,050287534	142,24707	-0,94354749	-1218,1445
41331	0,050289851	142,44727	-0,9461152	-1220,4846
41331	0,050292168	142,64746	-0,94841689	-1222,0736
41331	0,050294485	142,84766	-0,95092815	-1224,2555
41331	0,050296802	143,04785	-0,95309764	-1226,439
41331	0,050299119	143,24805	-0,95479161	-1228,3246
41331	0,050301436	143,44824	-0,95691204	-1230,5618
41331	0,050303753	143,64844	-0,95948571	-1233,0791
41331	0,050306067	143,84863	-0,96246499	-1235,212
41331	0,050308384	144,04883	-0,96295238	-1237,5951
41331	0,050310701	144,24902	-0,96500301	-1239,9243
41331	0,050313018	144,44922	-0,9681443	-1242,4802
41331	0,050315335	144,64941	-0,9697476	-1244,9283
41331	0,050317653	144,84961	-0,9720434	-1247,5916
41331	0,05031997	145,0498	-0,97544473	-1250,3278
41331	0,050322287	145,25	-0,97787869	-1253,0006
41331	0,050324604	145,4502	-0,97882819	-1255,2378
41331	0,050326921	145,65039	-0,98306465	-1258,0582
41331	0,050329238	145,85059	-0,98378533	-1260,6429
41331	0,050331555	146,05078	-0,98613012	-1263,4508
41331	0,050333872	146,25098	-0,98998469	-1265,8558
41331	0,05033619	146,45117	-0,99122691	-1267,6438
41331	0,050338507	146,65137	-0,99418694	-1269,309
41331	0,050340824	146,85156	-0,99643517	-1271,6251
41331	0,050343141	147,05176	-0,99879187	-1273,4203
41331	0,050345458	147,25195	-1,0023611	-1274,9935
41331	0,050347775	147,45215	-1,0037876	-1276,8961
41331	0,050350092	147,65234	-1,0068159	-1278,6215
41331	0,050352409	147,85254	-1,0101964	-1280,4044
41331	0,050354727	148,05273	-1,0134225	-1283,0032
41331	0,050357044	148,25293	-1,0163512	-1284,8407
41331	0,050359361	148,45313	-1,0182756	-1287,4854
41331	0,050361678	148,65332	-1,0215788	-1289,5656
41331	0,050363995	148,85352	-1,0243204	-1292,1055
41331	0,050366312	149,05371	-1,0268881	-1294,8176
41331	0,050368629	149,25391	-1,0305287	-1297,0074
41331	0,050370947	149,4541	-1,0326833	-1299,4301
41331	0,050373264	149,6543	-1,0368172	-1301,8678
41331	0,050375581	149,85449	-1,0389688	-1303,9983
41331	0,050377898	150,05469	-1,04196	-1306,1277
41331	0,050380215	150,25488	-1,0450983	-1309,2111
41331	0,050382532	150,45508	-1,0478696	-1311,6348
41331	0,050384849	150,65527	-1,0511239	-1314,2766
41331	0,050387166	150,85547	-1,0551091	-1316,9576
41331	0,050389484	151,05566	-1,0584495	-1319,0133
41331	0,050391801	151,25586	-1,0624809	-1321,1543
41331	0,050394118	151,45605	-1,0661557	-1323,5923
41331	0,050396435	151,65625	-1,0704575	-1325,7523
41331	0,050398752	151,85645	-1,0745765	-1328,0544
41331	0,050401069	152,05664	-1,0785053	-1330,1501
41331	0,050403386	152,25684	-1,0825783	-1332,1965
41331	0,050405703	152,45703	-1,087629	-1334,2845
41331	0,050408021	152,65723	-1,0913692	-1336,2263
41331	0,050410338	152,85742	-1,0954896	-1338,1995
41331	0,050412655	153,05762	-1,1011823	-1340,3927
41331	0,050414972	153,25781	-1,1065971	-1342,2278
41331	0,050417289	153,45801	-1,1100266	-1343,5681
41331	0,050419606	153,6582	-1,1154697	-1345,4606
41331	0,050421923	153,8584	-1,1198784	-1347,1639
41331	0,050424241	154,05859	-1,1254017	-1348,9597
41331	0,050426558	154,25879	-1,1304866	-1351,4908
41331	0,050428875	154,45898	-1,1370738	-1353,5597
41331	0,050431192	154,65918	-1,1433133	-1356,0836
41331	0,050433509	154,85938	-1,1510818	-1358,8722
41331	0,050435826	155,05957	-1,1571207	-1361,2728
41331	0,050438143	155,25977	-1,166283	-1363,8013
41331	0,05044046	155,45996	-1,1747068	-1366,6797
41331	0,050442778	155,66016	-1,1846775	-1368,8511
41331	0,050445095	155,86035	-1,1958859	-1371,4257
41331	0,050447412	156,06055	-1,2083604	-1373,7697
41331	0,050449729	156,26074	-1,2229599	-1375,8878
41331	0,050452046	156,46094	-1,2402607	-1378,2159
41331	0,050454363	156,66113	-1,2641919	-1379,6714
41331	0,05045668	156,86133	-1,3018427	-1377,5588
41331	0,050458997	157,06152	-1,3302851	-1268,6643
41331	0,050461311	157,26172	-1,1277465	-818,91846
41331	0,050463628	157,46191	-0,90423977	-399,09451
41331	0,050465945	157,66211	-0,68153995	-108,47463
41331	0,050468262	157,8623	-0,45451745	1,7502416
41331	0,050470579	158,0625	-0,2194085	4,4187555
41331	0,050472897	158,2627	0,01821767	4,4732213
41331	0,050475214	158,46289	0,25541589	4,5619135
41331	0,050477531	158,66309	0,49232879	4,4852252
41331	0,050479848	158,86328	0,72721189	4,9537611
