MTS793|MPT|DEU|1|2|,|.|:|49|1|1|A

Datenerfassung						Zeit:	420,04688	s	30.06.2023 08:15:07
Datum	Laufzeit	Ch 1 Kraft Sollwert	Ch 1 Kraft	Ch 1 Weg	1470533	1470534	1281068
d	s	kN	kN	mm	mm	mm	mm
45107	371,875	-3,9000001	-3,8485975	-0,042285025	5,4652923e-05	8,0093741e-08	0,00025884149
45107	372,0752	-3,9000001	-3,8897843	-0,042571127	1,0667629e-05	-7,2197989e-05	4,2921183e-05
45107	372,27539	-3,9000001	-3,8647559	-0,042706728	3,2271819e-05	4,6160072e-05	0,00023903642
45107	372,47559	-3,9000001	-3,8648396	-0,042839348	3,1106447e-05	-1,6724691e-05	0,00016363294
45107	372,67578	-3,9000001	-3,8536358	-0,0424698	8,5400796e-05	5,0656497e-05	0,00012513643
45107	372,87598	-4,6693358	-4,3286662	-0,044833124	-0,00011202505	-9,5427036e-05	-7,7556331e-05
45107	373,07617	-5,4500976	-4,8745294	-0,047178566	-0,0002950182	-0,00036084838	-0,00020088942
45107	373,27637	-6,2308598	-5,0766988	-0,048550963	-0,00044185499	-0,00042753108	-0,00040800127
45107	373,47656	-7,0116215	-5,8186836	-0,051490963	-0,00072016951	-0,00059883855	-0,00077347551
45107	373,67676	-7,7923832	-7,5079446	-0,060792267	-0,0013866423	-0,0012519863	-0,0012697119
45107	373,87695	-8,5731449	-8,3736382	-0,064516068	-0,0016903561	-0,0014827941	-0,0016323937
45107	374,07715	-9,3539066	-9,2377939	-0,068800151	-0,0020819507	-0,0017909389	-0,0021306258
45107	374,27734	-10,134668	-9,9906864	-0,072877109	-0,002418444	-0,0018954035	-0,0023923879
45107	374,47754	-10,91543	-10,797144	-0,076799095	-0,0027696092	-0,0022010673	-0,0027250971
45107	374,67773	-11,696192	-11,583105	-0,078438222	-0,0030326545	-0,0024999548	-0,0030905695
45107	374,87793	-12,476954	-12,401005	-0,082755089	-0,003491004	-0,0027737301	-0,0035541283
45107	375,07813	-13,257715	-13,150928	-0,086119771	-0,0038080746	-0,0030138958	-0,0036858127
45107	375,27832	-14,038477	-13,937517	-0,089365244	-0,0040767374	-0,0033224802	-0,0042381249
45107	375,47852	-14,819239	-14,727678	-0,092917681	-0,0044793584	-0,0035194885	-0,0045367628
45107	375,67871	-15,6	-15,501911	-0,094777346	-0,0046892744	-0,0037465263	-0,004818989
45107	375,87891	-16,380762	-16,302521	-0,098374486	-0,0051548854	-0,0041242111	-0,0051752217
45107	376,0791	-17,161524	-17,059135	-0,10128319	-0,005377023	-0,0042857248	-0,0056031467
45107	376,2793	-17,942286	-17,87245	-0,10501593	-0,005688177	-0,0045360867	-0,0059444536
45107	376,47949	-18,723047	-18,623407	-0,10692924	-0,0061574928	-0,0047653299	-0,0061783711
45107	376,67969	-19,503809	-19,426704	-0,11015087	-0,0065146345	-0,0050649811	-0,0066228951
45107	376,87988	-20,284571	-20,21386	-0,11305511	-0,0067691333	-0,0053230692	-0,0069909417
45107	377,08008	-21,065332	-20,97402	-0,11535287	-0,007078405	-0,0055645797	-0,0071603395
45107	377,28027	-21,846094	-21,734182	-0,11785477	-0,0073202346	-0,0058807377	-0,0075253416
45107	377,48047	-22,626856	-22,596823	-0,12135208	-0,0077883252	-0,0060569886	-0,00817376
45107	377,68066	-23,407618	-23,333866	-0,12420267	-0,0080507733	-0,0063994098	-0,0083634667
45107	377,88086	-24,188379	-24,108608	-0,12663752	-0,0084259324	-0,0065901075	-0,0086197006
45107	378,08105	-24,969141	-24,912426	-0,12981594	-0,0086434688	-0,0068572145	-0,0091367355
45107	378,28125	-25,749903	-25,712992	-0,13215542	-0,0090279812	-0,007164726	-0,0095328977
45107	378,48145	-26,530664	-26,433714	-0,13453662	-0,0093264962	-0,0074062217	-0,0096964855
45107	378,68164	-27,311426	-27,240963	-0,13804585	-0,0096694734	-0,0076183435	-0,010103965
45107	378,88184	-28,092188	-28,036634	-0,13912171	-0,0099301878	-0,0079942849	-0,010594003
45107	379,08203	-28,87295	-28,825901	-0,14251769	-0,010309412	-0,0082966592	-0,010951341
45107	379,28223	-29,653711	-29,583666	-0,14547557	-0,010522883	-0,0085533056	-0,011249309
45107	379,48242	-30,434473	-30,411234	-0,14769584	-0,010925116	-0,0087937694	-0,011703653
45107	379,68262	-31,215235	-31,142218	-0,15000701	-0,011189356	-0,0091326702	-0,012095401
45107	379,88281	-31,995996	-31,948666	-0,15249401	-0,011506487	-0,0094178896	-0,012454554
45107	380,08301	-32,77676	-32,755795	-0,15477538	-0,011906508	-0,0096642468	-0,01281845
45107	380,2832	-33,557522	-33,498516	-0,15680939	-0,012149712	-0,01003599	-0,013251201
45107	380,4834	-34,338284	-34,263081	-0,15975982	-0,012463227	-0,010283863	-0,013473613
45107	380,68359	-35,119045	-35,106144	-0,16227514	-0,012764968	-0,010590764	-0,013898198
45107	380,88379	-35,899807	-35,856583	-0,16448796	-0,013017525	-0,010877514	-0,014326611
45107	381,08398	-36,680569	-36,583298	-0,16628504	-0,013191734	-0,011149572	-0,014636183
45107	381,28418	-37,46133	-37,427914	-0,16904771	-0,01358515	-0,011451563	-0,014900333
45107	381,48438	-38,242092	-38,231277	-0,1718387	-0,013971068	-0,011808848	-0,015503665
45107	381,68457	-39,022854	-38,928249	-0,17285645	-0,014148114	-0,012044428	-0,015793389
45107	381,88477	-39,803616	-39,75703	-0,17535388	-0,014467726	-0,012360046	-0,015989097
45107	382,08496	-40,584377	-40,573017	-0,17779619	-0,014779118	-0,0126916	-0,016464893
45107	382,28516	-41,365139	-41,286346	-0,18001944	-0,015030211	-0,012951462	-0,016866496
45107	382,48535	-42,145901	-42,11113	-0,18227398	-0,015343935	-0,013315948	-0,017146319
45107	382,68555	-42,926662	-42,896824	-0,18503219	-0,015594938	-0,013566865	-0,017497579
45107	382,88574	-43,707424	-43,63728	-0,18678308	-0,015954111	-0,013964968	-0,017970586
45107	383,08594	-44,488186	-44,424114	-0,18975586	-0,016151985	-0,014281036	-0,018225083
45107	383,28613	-45,268948	-45,270336	-0,19129664	-0,016515223	-0,014598416	-0,018528901
45107	383,48633	-46,049709	-45,98074	-0,1932472	-0,016755499	-0,014847344	-0,018958343
45107	383,68652	-46,830471	-46,753445	-0,19529909	-0,017033216	-0,015152266	-0,019255158
45107	383,88672	-47,611233	-47,577675	-0,19849092	-0,017370755	-0,01543103	-0,01958592
45107	384,08691	-48,391994	-48,36853	-0,2004385	-0,017673124	-0,015784675	-0,019944798
45107	384,28711	-49,172756	-49,104698	-0,20267963	-0,017917672	-0,016082948	-0,020375673
45107	384,4873	-49,953518	-49,93993	-0,20431578	-0,018222462	-0,016414365	-0,020696377
45107	384,6875	-50,73428	-50,698456	-0,20777881	-0,01858026	-0,016811198	-0,020955844
45107	384,8877	-51,515041	-51,459061	-0,20896345	-0,018811332	-0,017110782	-0,021510942
45107	385,08789	-52,295803	-52,261799	-0,21093935	-0,01909879	-0,017412173	-0,021774326
45107	385,28809	-53,076565	-53,046722	-0,21273643	-0,019406	-0,01770441	-0,022074418
45107	385,48828	-53,857327	-53,794308	-0,21579713	-0,019641884	-0,01802888	-0,0223794
45107	385,68848	-54,638088	-54,593491	-0,21783113	-0,019924173	-0,018381594	-0,022846349
45107	385,88867	-55,41885	-55,398109	-0,21975636	-0,020342601	-0,018689098	-0,023095652
45107	386,08887	-56,199612	-56,141891	-0,22128373	-0,020498849	-0,019001378	-0,023390837
45107	386,28906	-56,980373	-56,948055	-0,22288412	-0,020936642	-0,019347662	-0,02396529
45107	386,48926	-57,761135	-57,74651	-0,22598356	-0,021129854	-0,019607851	-0,024118416
45107	386,68945	-58,541897	-58,519741	-0,22750497	-0,021438945	-0,01999495	-0,024431052
45107	386,88965	-59,322659	-59,271263	-0,2299428	-0,021729393	-0,020306448	-0,02483247
45107	387,08984	-60,10342	-60,097889	-0,23261309	-0,022042131	-0,020608222	-0,025182303
45107	387,29004	-60,884182	-60,875225	-0,23443997	-0,022391353	-0,020951806	-0,025421292
45107	387,49023	-61,664944	-61,640457	-0,23551583	-0,022689329	-0,021278305	-0,025862526
45107	387,69043	-62,445705	-62,406754	-0,23783743	-0,02291299	-0,021560276	-0,026201641
45107	387,89063	-63,226467	-63,217083	-0,23967624	-0,023313012	-0,02184494	-0,026437204
45107	388,09082	-64,007225	-63,964169	-0,24238229	-0,023591686	-0,022195639	-0,026785128
45107	388,29102	-64,787987	-64,737709	-0,24393499	-0,023818664	-0,022553625	-0,027246712
45107	388,49121	-65,568748	-65,584213	-0,24642199	-0,024092108	-0,022875989	-0,027602874
45107	388,69141	-66,34951	-66,330376	-0,24812371	-0,024372753	-0,023250991	-0,027760027
45107	388,8916	-67,130272	-67,072929	-0,25012046	-0,024706438	-0,023533324	-0,028172724
45107	389,0918	-67,911034	-67,88633	-0,25220811	-0,025014753	-0,023806823	-0,028435074
45107	389,29199	-68,691795	-68,704384	-0,25380701	-0,025338039	-0,024168493	-0,028747952
45107	389,49219	-69,472557	-69,413231	-0,25653392	-0,025555275	-0,024499943	-0,029059011
45107	389,69238	-70,253319	-70,249176	-0,25771409	-0,025938474	-0,024921702	-0,029567011
45107	389,89258	-71,034081	-71,041885	-0,26031286	-0,026260326	-0,025141587	-0,029834555
45107	390,09277	-71,814842	-71,795769	-0,26089698	-0,026504336	-0,025456635	-0,030041026
45107	390,29297	-72,595604	-72,56089	-0,26413053	-0,026882723	-0,025743937	-0,030526878
45107	390,49316	-73,376366	-73,384201	-0,26566088	-0,027134802	-0,026076769	-0,030773243
45107	390,69336	-74,157127	-74,140396	-0,26788414	-0,027419871	-0,026375873	-0,031116048
45107	390,89355	-74,937889	-74,919098	-0,27002096	-0,027761564	-0,026820416	-0,031434216
45107	391,09375	-75,718651	-75,716156	-0,27133822	-0,028001899	-0,027099824	-0,031825144
45107	391,29395	-76,499413	-76,510269	-0,27381331	-0,028327096	-0,027451495	-0,032071464
45107	391,49414	-77,280174	-77,266869	-0,27540177	-0,028634187	-0,027710127	-0,032415576
45107	391,69434	-78,060936	-78,021904	-0,2768144	-0,028950121	-0,027986409	-0,032822952
45107	391,89453	-78,841698	-78,882813	-0,27894527	-0,029244363	-0,028329274	-0,033024222
45107	392,09473	-79,622459	-79,591347	-0,2810806	-0,029487656	-0,028672786	-0,033252344
45107	392,29492	-80,403221	-80,358406	-0,28336793	-0,029838704	-0,029062336	-0,033705868
45107	392,49512	-81,183983	-81,197136	-0,28445125	-0,030141968	-0,029361764	-0,033983022
45107	392,69531	-81,964745	-81,958931	-0,28652251	-0,030485991	-0,029607615	-0,034286667
45107	392,89551	-82,745506	-82,698631	-0,28901249	-0,030715927	-0,030017579	-0,034628075
45107	393,0957	-83,526268	-83,550522	-0,29105097	-0,031043727	-0,030286567	-0,035089426
45107	393,2959	-84,30703	-84,290161	-0,29188395	-0,031315438	-0,030609837	-0,035366274
45107	393,49609	-85,087791	-85,090363	-0,29388815	-0,03165438	-0,030897664	-0,03561344
45107	393,69629	-85,868553	-85,886864	-0,29634684	-0,031994909	-0,031348549	-0,035994317
45107	393,89648	-86,649315	-86,636307	-0,29824972	-0,032253142	-0,031583101	-0,036230788
45107	394,09668	-87,430077	-87,411995	-0,30009001	-0,032549985	-0,031866014	-0,036471892
45107	394,29688	-88,210838	-88,227951	-0,30166358	-0,032914326	-0,032204434	-0,036947254
45107	394,49707	-88,9916	-88,975105	-0,30352473	-0,033181645	-0,032544985	-0,037237428
45107	394,69727	-89,772362	-89,735435	-0,30525327	-0,033435039	-0,03281913	-0,037486091
45107	394,89746	-90,553123	-90,589912	-0,30752569	-0,033788115	-0,033214249	-0,037949413
45107	395,09766	-91,333885	-91,315781	-0,30971617	-0,034076173	-0,033535771	-0,038219269
45107	395,29785	-92,114647	-92,098282	-0,31034946	-0,034449928	-0,033776313	-0,038471472
45107	395,49805	-92,895409	-92,927643	-0,31291544	-0,034651238	-0,034180082	-0,038729906
45107	395,69824	-93,676178	-93,648842	-0,3144443	-0,034922589	-0,034470133	-0,039147407
45107	395,89844	-94,45694	-94,42099	-0,31665862	-0,035274144	-0,034820266	-0,039461385
45107	396,09863	-95,237701	-95,285027	-0,31795502	-0,035657551	-0,035139911	-0,039813567
45107	396,29883	-96,018463	-96,007393	-0,31986237	-0,035820104	-0,035419941	-0,03996193
45107	396,49902	-96,799225	-96,738464	-0,32173097	-0,036157824	-0,035746463	-0,040374201
45107	396,69922	-97,579987	-97,624092	-0,32348633	-0,036525305	-0,036078788	-0,0406157
45107	396,89941	-98,360748	-98,330124	-0,3251493	-0,036835112	-0,036469109	-0,040939126
45107	397,09961	-99,14151	-99,113464	-0,32677352	-0,037186667	-0,036701433	-0,041364472
45107	397,2998	-99,922272	-99,940392	-0,32934248	-0,037436802	-0,037079446	-0,041599259
45107	397,5	-100,70303	-100,66836	-0,32988936	-0,037693694	-0,037341706	-0,041836839
45107	397,7002	-101,4838	-101,44025	-0,3331691	-0,038100049	-0,037623331	-0,042298205
45107	397,90039	-102,26456	-102,2725	-0,33463389	-0,038339458	-0,038012363	-0,042531058
45107	398,10059	-103,04532	-103,02214	-0,33616424	-0,038656738	-0,038360633	-0,042779785
45107	398,30078	-103,82608	-103,79594	-0,33819377	-0,038913298	-0,038724482	-0,043094911
45107	398,50098	-104,60684	-104,62264	-0,33959895	-0,039284274	-0,039030857	-0,043510463
45107	398,70117	-105,3876	-105,35015	-0,34139007	-0,039466012	-0,039251968	-0,043774415
45107	398,90137	-106,16837	-106,15041	-0,34294426	-0,039806869	-0,039609343	-0,044020079
45107	399,10156	-106,94913	-106,94718	-0,34453124	-0,040166043	-0,039864235	-0,044441395
45107	399,30176	-107,72989	-107,69508	-0,34631193	-0,040465124	-0,040202588	-0,044633776
45107	399,50195	-108,51065	-108,47421	-0,34879744	-0,040710121	-0,040619813	-0,044965085
45107	399,70215	-109,29141	-109,30138	-0,35036802	-0,041168861	-0,04094471	-0,045380972
45107	399,90234	-110,07217	-110,07014	-0,35222173	-0,041385468	-0,041243441	-0,045711376
45107	400,10254	-110,6	-110,64635	-0,35376251	-0,041651115	-0,041476019	-0,045852222
45107	400,30273	-110,6	-110,67521	-0,35432279	-0,041648723	-0,041468486	-0,04588481
45107	400,50293	-110,6	-110,67068	-0,35482943	-0,041835662	-0,041531466	-0,045974918
45107	400,70313	-110,6	-110,62869	-0,35403669	-0,041759524	-0,041575894	-0,046039682
45107	400,90332	-110,6	-110,69473	-0,3539294	-0,041794933	-0,041634887	-0,046049282
45107	401,10352	-110,6	-110,66212	-0,35504252	-0,04187651	-0,041642457	-0,046062935
45107	401,30371	-110,6	-110,62168	-0,35494417	-0,041766755	-0,041619234	-0,046084672
45107	401,50391	-110,6	-110,6766	-0,35447031	-0,041860104	-0,041634008	-0,046055287
45107	401,7041	-110,6	-110,66707	-0,35508275	-0,041867305	-0,041676171	-0,046045613
45107	401,9043	-110,6	-110,65195	-0,35534799	-0,041920703	-0,041659907	-0,046159681
45107	402,10449	-110,6	-110,66961	-0,3551051	-0,041940037	-0,041735239	-0,046144877
45107	402,30469	-110,6	-110,63857	-0,3552705	-0,041873731	-0,041769333	-0,046080526
45107	402,50488	-110,6	-110,63873	-0,35557896	-0,041922826	-0,041708395	-0,046236053
45107	402,70508	-110,6	-110,66202	-0,35470724	-0,041921154	-0,041759185	-0,046031091
45107	402,90527	-110,6	-110,67345	-0,35569817	-0,041942995	-0,041809335	-0,046153672
45107	403,10547	-110,6	-110,62625	-0,35498738	-0,0420128	-0,04181502	-0,046147402
45107	403,30566	-110,6	-110,65936	-0,35560876	-0,04199212	-0,041734733	-0,046132367
45107	403,50586	-110,6	-110,67299	-0,35709143	-0,042078089	-0,041837208	-0,046155177
45107	403,70605	-110,6	-110,65196	-0,3561914	-0,041983336	-0,041819505	-0,046216018
45107	403,90625	-110,6	-110,66514	-0,35578161	-0,042058337	-0,041878976	-0,046241961
45107	404,10645	-110,6	-110,65462	-0,35590231	-0,042058069	-0,041836374	-0,046153229
45107	404,30664	-110,6	-110,64355	-0,35629719	-0,042033266	-0,041860111	-0,046237536
45107	404,50684	-110,6	-110,65012	-0,35601109	-0,042025469	-0,041900672	-0,046251766
45107	404,70703	-110,6	-110,67973	-0,35619885	-0,042086635	-0,041900501	-0,046252131
45107	404,90723	-110,6	-110,62239	-0,35619587	-0,042034253	-0,041922979	-0,046188056
45107	405,10742	-110,6	-110,64306	-0,35582781	-0,042072322	-0,041912824	-0,046260856
45107	405,30762	-110,6	-110,6709	-0,35616308	-0,042110629	-0,041953035	-0,046347171
45107	405,50781	-110,6	-110,63687	-0,35629272	-0,042106833	-0,04193344	-0,046184041
45107	405,70801	-110,6	-110,67883	-0,35603195	-0,042143557	-0,041942485	-0,046342108
45107	405,9082	-110,6	-110,65039	-0,35672039	-0,042101607	-0,041994557	-0,046373971
45107	406,1084	-110,6	-110,64079	-0,35584867	-0,042181149	-0,041912012	-0,046315644
45107	406,30859	-110,6	-110,65648	-0,3565073	-0,042171616	-0,041979298	-0,046319015
45107	406,50879	-110,6	-110,66873	-0,3570497	-0,042170182	-0,041944437	-0,046312023
45107	406,70898	-110,6	-110,62196	-0,35704374	-0,042146098	-0,042002328	-0,046333097
45107	406,90918	-110,6	-110,63554	-0,35647601	-0,042094402	-0,04201597	-0,046234444
45107	407,10938	-110,6	-110,66185	-0,35703629	-0,042129274	-0,042039417	-0,046307426
45107	407,30957	-110,6	-110,60778	-0,3572017	-0,042240463	-0,041971385	-0,046296105
45107	407,50977	-110,6	-110,65635	-0,35665333	-0,042178877	-0,042058587	-0,046339884
45107	407,70996	-110,6	-110,67186	-0,35693944	-0,042217873	-0,042057239	-0,046364002
45107	407,91016	-110,6	-110,63225	-0,356929	-0,042184915	-0,042033873	-0,046328239
45107	408,11035	-110,6	-110,65997	-0,35652816	-0,042220116	-0,042022958	-0,046384342
45107	408,31055	-110,6	-110,67367	-0,35838932	-0,042269301	-0,04205545	-0,046413526
45107	408,51074	-110,6	-110,64808	-0,35690516	-0,042293236	-0,042087443	-0,04639516
45107	408,71094	-110,6	-110,6382	-0,35657585	-0,042212702	-0,042078614	-0,046360094
45107	408,91113	-110,6	-110,66427	-0,35711676	-0,042250741	-0,042039245	-0,046327971
45107	409,11133	-110,6	-110,63956	-0,35713911	-0,042227048	-0,042085804	-0,046289388
45107	409,31152	-110,6	-110,6395	-0,35737604	-0,042263743	-0,042103574	-0,046452805
45107	409,51172	-110,6	-110,70094	-0,3572166	-0,04231403	-0,042138673	-0,046428859
45107	409,71191	-110,6	-110,6322	-0,35696179	-0,042253703	-0,042046219	-0,046276823
45107	409,91211	-110,6	-110,63271	-0,35738498	-0,042243872	-0,042109936	-0,04640666
45107	410,1123	-110,6	-110,67794	-0,35724789	-0,042301301	-0,042174742	-0,046496637
45107	410,3125	-110,6	-110,62798	-0,35728514	-0,042315584	-0,042167388	-0,046351146
45107	410,5127	-110,6	-110,64595	-0,35741776	-0,042283554	-0,042155564	-0,046430673
45107	410,71289	-110,6	-110,66628	-0,35754591	-0,042352937	-0,04214751	-0,046507988
45107	410,91309	-110,6	-110,61006	-0,35657883	-0,042346362	-0,042119533	-0,046368323
45107	411,11328	-110,6	-110,64139	-0,35719723	-0,042348005	-0,042217024	-0,046506617
45107	411,31348	-110,6	-110,66064	-0,35787374	-0,042374779	-0,042085037	-0,046503697
45107	411,51367	-110,6	-110,66087	-0,35752803	-0,042389363	-0,042176321	-0,046505168
45107	411,71387	-110,6	-110,61701	-0,357759	-0,042328313	-0,042141199	-0,046404619
45107	411,91406	-110,6	-110,64362	-0,35819411	-0,042327359	-0,042204611	-0,046515658
45107	412,11426	-110,6	-110,63646	-0,35862476	-0,042293921	-0,042186327	-0,046502963
45107	412,31445	-110,6	-110,61909	-0,35827458	-0,042406216	-0,04217983	-0,046461456
45107	412,51465	-110,6	-110,66723	-0,35786331	-0,042445958	-0,042223193	-0,046569522
45107	412,71484	-110,6	-110,62971	-0,35770983	-0,042342328	-0,042248659	-0,046590053
45107	412,91504	-110,6	-110,59043	-0,35801977	-0,042340625	-0,042131111	-0,046395898
45107	413,11523	-110,6	-110,64262	-0,35804957	-0,042379022	-0,042164341	-0,04651092
45107	413,31543	-110,6	-110,60837	-0,35782903	-0,04238724	-0,042185813	-0,046529591
45107	413,51563	-110,6	-110,62076	-0,35826266	-0,042344481	-0,042177066	-0,046499074
45107	413,71582	-110,6	-110,6351	-0,35755932	-0,042406335	-0,042247444	-0,046457946
45107	413,91602	-110,6	-110,61329	-0,35872906	-0,042410817	-0,042197026	-0,04642145
45107	414,11621	-110,6	-110,59482	-0,35813451	-0,042468399	-0,042172715	-0,046533205
45107	414,31641	-110,6	-110,65424	-0,35794079	-0,042440072	-0,042250544	-0,046441451
45107	414,5166	-110,6	-110,64148	-0,35826266	-0,042417899	-0,042228952	-0,046458505
45107	414,7168	-110,6	-110,61969	-0,358814	-0,042435739	-0,042224199	-0,04657986
45107	414,91699	-110,6	-110,6439	-0,35826564	-0,042344898	-0,042280309	-0,046488483
45107	415,11719	-110,6	-110,62321	-0,35851151	-0,042429883	-0,042215958	-0,046401817
45107	415,31738	-110,6	-110,62296	-0,35843551	-0,042467859	-0,042215087	-0,04654409
45107	415,51758	-110,6	-110,62557	-0,35811067	-0,042442191	-0,042203747	-0,046511181
45107	415,71777	-110,6	-110,66544	-0,35835654	-0,042437591	-0,042273305	-0,046538021
45107	415,91797	-110,6	-110,58913	-0,35818368	-0,042451903	-0,042248599	-0,046519689
45107	416,11816	-110,6	-110,61867	-0,35807937	-0,042464096	-0,042221785	-0,046568464
45107	416,31836	-110,6	-110,65555	-0,35814196	-0,042497683	-0,042317607	-0,046531044
45107	416,51855	-110,6	-110,60123	-0,35782307	-0,04243762	-0,042351902	-0,046498839
45107	416,71875	-110,6	-110,63864	-0,35799891	-0,042479992	-0,042296052	-0,04656611
45107	416,91895	-110,6	-110,63013	-0,35852492	-0,042438965	-0,042285733	-0,046457674
45107	417,11914	-110,6	-110,60078	-0,35869777	-0,042466067	-0,042281337	-0,046509348
45107	417,31934	-110,6	-110,6178	-0,3580153	-0,042546868	-0,042312533	-0,046551313
45107	417,51953	-110,6	-110,62756	-0,35882592	-0,042474672	-0,042318001	-0,046592973
45107	417,71973	-110,6	-110,61358	-0,35834759	-0,042505451	-0,042231143	-0,046562158
45107	417,91992	-110,6	-110,58906	-0,35871863	-0,042430807	-0,042318068	-0,046511211
45107	418,12012	-110,6	-110,64359	-0,35839677	-0,042529743	-0,042375952	-0,04661246
45107	418,32031	-110,6	-110,60854	-0,35871416	-0,042547613	-0,042370796	-0,046496227
45107	418,52051	-110,6	-110,61358	-0,35797805	-0,042543251	-0,042284548	-0,046555523
45107	418,7207	-110,6	-110,64386	-0,35893768	-0,042551588	-0,042358607	-0,046571504
45107	418,9209	-110,6	-110,59515	-0,35889894	-0,042496905	-0,042285316	-0,046464521
45107	419,12109	-110,6	-110,6119	-0,35807639	-0,042479247	-0,04222022	-0,046440534
45107	419,32129	-110,6	-110,65188	-0,35909116	-0,042536557	-0,042442895	-0,046570253
45107	419,52148	-110,6	-110,61531	-0,35918653	-0,04251812	-0,042340919	-0,046577916
45107	419,72168	-110,6	-110,63657	-0,35898685	-0,042600803	-0,042380162	-0,046607308
45107	419,92188	-110,6	-110,63891	-0,35786033	-0,042584129	-0,042317785	-0,046621636
