MTS793|MPT|DEU|1|2|,|.|:|49|1|1|A

Bediener Information			Würfeldruckfestigkeit (150mm)			Zeit:	16,4375	s	12.03.2024 10:07:04
Datum	12.03.2024
Prüfer: 	Be, Mac
Probe	20240305_7188_M06_W03
Protokoll Seite	-
Breite [mm]:	150
Höhe [mm]:	150
Länge Einfüllseite [mm]:	148
Masse [g]:	7750
Bediener Information Ende

Datenerfassung						Zeit:	138,82324	s	12.03.2024 10:09:06
Ch 1 Weg	Ch 1 Prüfkraft
mm	kN
4,9051371	3,058949
-0,94990444	-1099,9265

Datenerfassung						Zeit:	138,82813	s	12.03.2024 10:09:06
Datum	Tageszeit	Laufzeit	Ch 1 Weg	Ch 1 Prüfkraft
d	d	s	mm	kN
45363	0,40365115	39,459961	-0,00037297609	-16,60224
45363	0,40365347	39,660156	-0,0043682959	-18,976889
45363	0,4036558	39,860352	-0,0072566229	-20,666382
45363	0,40365812	40,060547	-0,0099271322	-22,560171
45363	0,40366042	40,260742	-0,012964649	-24,873426
45363	0,40366274	40,460938	-0,01472808	-27,008762
45363	0,40366507	40,661133	-0,018863639	-28,823725
45363	0,40366739	40,861328	-0,019606607	-30,739418
45363	0,40366969	41,061523	-0,022384534	-33,273064
45363	0,40367201	41,261719	-0,026215743	-35,518368
45363	0,40367433	41,461914	-0,028751981	-37,577709
45363	0,40367666	41,662109	-0,031207656	-39,656124
45363	0,40367895	41,862305	-0,033451479	-42,024811
45363	0,40368128	42,0625	-0,03561474	-44,306179
45363	0,4036836	42,262695	-0,0390133	-46,502312
45363	0,40368593	42,462891	-0,041200433	-48,563442
45363	0,40368822	42,663086	-0,043151841	-50,824245
45363	0,40369055	42,863281	-0,04468552	-53,38501
45363	0,40369287	43,063477	-0,047863275	-55,528095
45363	0,4036952	43,263672	-0,049474534	-57,370922
45363	0,40369749	43,463867	-0,052899946	-59,803238
45363	0,40369982	43,664063	-0,055063207	-62,337925
45363	0,40370214	43,864258	-0,057682991	-64,579361
45363	0,40370446	44,064453	-0,059556823	-66,505928
45363	0,40370676	44,264648	-0,062209427	-68,852859
45363	0,40370908	44,464844	-0,064829215	-71,489029
45363	0,40371141	44,665039	-0,068096481	-73,659683
45363	0,4037137	44,865234	-0,06875889	-75,553322
45363	0,40371603	45,06543	-0,072536394	-78,054184
45363	0,40371835	45,265625	-0,074821986	-80,790627
45363	0,40372068	45,46582	-0,077038959	-83,114464
45363	0,40372297	45,666016	-0,080276392	-85,000504
45363	0,4037253	45,866211	-0,080547914	-87,481697
45363	0,40372762	46,066406	-0,084352277	-90,033226
45363	0,40372995	46,266602	-0,086193286	-92,198662
45363	0,40373224	46,466797	-0,087855265	-94,088875
45363	0,40373456	46,666992	-0,090024494	-96,380966
45363	0,40373689	46,867188	-0,092951611	-99,267174
45363	0,40373921	47,067383	-0,095532604	-101,60502
45363	0,40374151	47,267578	-0,0958101	-103,4781
45363	0,40374383	47,467773	-0,097096123	-106,06493
45363	0,40374616	47,667969	-0,10091539	-108,95547
45363	0,40374848	47,868164	-0,10325769	-111,15369
45363	0,40375078	48,068359	-0,10401557	-113,14895
45363	0,4037531	48,268555	-0,10538514	-115,79241
45363	0,40375543	48,46875	-0,10908805	-118,22964
45363	0,40375775	48,668945	-0,11066052	-120,35664
45363	0,40376005	48,869141	-0,11093204	-122,39616
45363	0,40376237	49,069336	-0,11143034	-125,02934
45363	0,40376469	49,269531	-0,11398149	-127,57626
45363	0,40376702	49,469727	-0,11599855	-129,75003
45363	0,40376931	49,669922	-0,11773513	-131,75737
45363	0,40377164	49,870117	-0,11858252	-134,01027
45363	0,40377396	50,070313	-0,11970145	-136,72333
45363	0,40377629	50,270508	-0,12214221	-138,97415
45363	0,40377858	50,470703	-0,12472917	-140,82144
45363	0,40378091	50,670898	-0,12449942	-143,2256
45363	0,40378323	50,871094	-0,12650156	-145,64659
45363	0,40378556	51,071289	-0,12929142	-147,86359
45363	0,40378785	51,271484	-0,13146363	-149,63026
45363	0,40379018	51,47168	-0,13119508	-151,59201
45363	0,4037925	51,671875	-0,13328077	-154,28435
45363	0,40379483	51,87207	-0,13354932	-156,73767
45363	0,40379712	52,072266	-0,13552758	-158,69644
45363	0,40379944	52,272461	-0,13638094	-160,87527
45363	0,40380177	52,472656	-0,13929315	-163,26408
45363	0,40380409	52,672852	-0,13985112	-165,80399
45363	0,40380639	52,873047	-0,1413848	-167,20663
45363	0,40380871	53,073242	-0,14283194	-169,21591
45363	0,40381104	53,273438	-0,14443424	-171,802
45363	0,40381336	53,473633	-0,14524883	-174,08084
45363	0,40381566	53,673828	-0,14669895	-175,77541
45363	0,40381798	53,874023	-0,14723605	-178,19818
45363	0,40382031	54,074219	-0,14966486	-181,01733
45363	0,40382263	54,274414	-0,15016316	-183,23761
45363	0,40382493	54,474609	-0,15258303	-184,82979
45363	0,40382725	54,674805	-0,15313205	-187,02802
45363	0,40382957	54,875	-0,15547433	-189,57089
45363	0,4038319	55,075195	-0,15635158	-191,61057
45363	0,40383419	55,275391	-0,15690358	-193,05806
45363	0,40383652	55,475586	-0,15944579	-195,21202
45363	0,40383884	55,675781	-0,16085415	-197,74895
45363	0,40384117	55,875977	-0,16144793	-199,81201
45363	0,40384346	56,076172	-0,16117042	-201,2081
45363	0,40384579	56,276367	-0,16396925	-203,86885
45363	0,40384811	56,476563	-0,1647868	-206,57356
45363	0,40385044	56,676758	-0,16545518	-208,38048
45363	0,40385273	56,876953	-0,16700974	-210,04643
45363	0,40385506	57,077148	-0,16901785	-212,73222
45363	0,40385738	57,277344	-0,1700771	-215,20551
45363	0,4038597	57,477539	-0,17175996	-217,22789
45363	0,403862	57,677734	-0,17180473	-218,81308
45363	0,40386432	57,87793	-0,17379493	-221,28847
45363	0,40386665	58,078125	-0,17424548	-223,81198
45363	0,40386897	58,27832	-0,17647439	-225,77505
45363	0,40387127	58,478516	-0,17657584	-227,77762
45363	0,40387359	58,678711	-0,17830943	-230,14348
45363	0,40387592	58,878906	-0,18082179	-233,15381
45363	0,40387824	59,079102	-0,18040705	-234,72215
45363	0,40388054	59,279297	-0,1809113	-236,87151
45363	0,40388286	59,479492	-0,18252555	-239,62494
45363	0,40388519	59,679688	-0,18373698	-242,21477
45363	0,40388751	59,879883	-0,18527961	-244,11168
45363	0,40388981	60,080078	-0,18595394	-245,84439
45363	0,40389213	60,280273	-0,18688788	-248,32751
45363	0,40389445	60,480469	-0,18789044	-251,1033
45363	0,40389678	60,680664	-0,19018798	-253,14059
45363	0,40389907	60,880859	-0,19038489	-255,13512
45363	0,4039014	61,081055	-0,19257502	-257,8714
45363	0,40390372	61,28125	-0,19332097	-260,52664
45363	0,40390605	61,481445	-0,1956543	-262,31256
45363	0,40390834	61,681641	-0,19623615	-264,38113
45363	0,40391067	61,881836	-0,19620332	-267,2374
45363	0,40391299	62,082031	-0,19883206	-269,64853
45363	0,40391532	62,282227	-0,1997481	-271,04776
45363	0,40391761	62,482422	-0,20063429	-273,36908
45363	0,40391994	62,682617	-0,20150556	-276,74387
45363	0,40392226	62,882813	-0,20416711	-278,90262
45363	0,40392458	63,083008	-0,20433421	-280,73233
45363	0,40392688	63,283203	-0,20421486	-283,31754
45363	0,4039292	63,483398	-0,20775066	-286,17035
45363	0,40393153	63,683594	-0,20750003	-288,21509
45363	0,40393385	63,883789	-0,207506	-290,36279
45363	0,40393615	64,083984	-0,20969014	-292,74371
45363	0,40393847	64,28418	-0,21109551	-295,41071
45363	0,4039408	64,484375	-0,21213984	-297,72113
45363	0,40394312	64,68457	-0,21277541	-299,64786
45363	0,40394542	64,884766	-0,21365862	-302,11935
45363	0,40394774	65,084961	-0,21518631	-304,96667
45363	0,40395007	65,285156	-0,21583381	-306,89697
45363	0,40395239	65,485352	-0,21755546	-308,80386
45363	0,40395468	65,685547	-0,21860875	-311,58817
45363	0,40395701	65,885742	-0,22171788	-314,03268
45363	0,40395933	66,085938	-0,22116587	-315,76898
45363	0,40396166	66,286133	-0,22122256	-317,80136
45363	0,40396395	66,486328	-0,22346938	-320,84418
45363	0,40396628	66,686523	-0,22461218	-322,81992
45363	0,4039686	66,886719	-0,22559683	-324,56961
45363	0,40397093	67,086914	-0,22619955	-327,04468
45363	0,40397322	67,287109	-0,2283479	-329,63586
45363	0,40397555	67,487305	-0,22923408	-331,30551
45363	0,40397787	67,6875	-0,22924602	-333,30884
45363	0,4039802	67,887695	-0,23165993	-336,16418
45363	0,40398249	68,087891	-0,2321254	-338,43155
45363	0,40398481	68,288086	-0,23306531	-340,24445
45363	0,40398714	68,488281	-0,23407383	-342,32062
45363	0,40398946	68,688477	-0,23474221	-344,67261
45363	0,40399176	68,888672	-0,23634152	-346,72809
45363	0,40399408	69,088867	-0,23626991	-348,21893
45363	0,40399641	69,289063	-0,23784238	-350,91843
45363	0,40399873	69,489258	-0,24044724	-353,50214
45363	0,40400103	69,689453	-0,24020854	-355,76877
45363	0,40400335	69,889648	-0,24165867	-357,66895
45363	0,40400568	70,089844	-0,24272986	-360,10068
45363	0,404008	70,290039	-0,24488118	-362,32706
45363	0,4040103	70,490234	-0,24498861	-364,00748
45363	0,40401262	70,69043	-0,24615228	-366,08514
45363	0,40401495	70,890625	-0,24762031	-368,48453
45363	0,40401727	71,09082	-0,24828273	-370,48828
45363	0,40401956	71,291016	-0,2490615	-371,98212
45363	0,40402189	71,491211	-0,25048777	-374,61337
45363	0,40402421	71,691406	-0,25166637	-377,1871
45363	0,40402651	71,891602	-0,25281215	-378,84888
45363	0,40402883	72,091797	-0,25373712	-380,75027
45363	0,40403116	72,291992	-0,25583476	-383,19077
45363	0,40403348	72,492188	-0,25672689	-385,87372
45363	0,40403578	72,692383	-0,25822181	-387,48068
45363	0,4040381	72,892578	-0,25775036	-389,40753
45363	0,40404043	73,092773	-0,2595138	-392,04669
45363	0,40404275	73,292969	-0,26082963	-394,52682
45363	0,40404505	73,493164	-0,26066256	-396,28128
45363	0,40404737	73,693359	-0,26317194	-398,48056
45363	0,40404969	73,893555	-0,26309437	-401,35291
45363	0,40405202	74,09375	-0,26545456	-403,50867
45363	0,40405431	74,293945	-0,26579469	-405,52106
45363	0,40405664	74,494141	-0,2663497	-407,35748
45363	0,40405896	74,694336	-0,26881731	-410,52084
45363	0,40406129	74,894531	-0,27028236	-412,43192
45363	0,40406358	75,094727	-0,26940811	-414,30618
45363	0,40406591	75,294922	-0,27084926	-416,93311
45363	0,40406823	75,495117	-0,27244562	-419,62396
45363	0,40407056	75,695313	-0,27403897	-421,88297
45363	0,40407285	75,895508	-0,27560547	-423,52628
45363	0,40407518	76,095703	-0,27549803	-426,51828
45363	0,4040775	76,295898	-0,27707052	-428,83585
45363	0,40407982	76,496094	-0,27878919	-430,4054
45363	0,40408212	76,696289	-0,2787683	-432,48755
45363	0,40408444	76,896484	-0,27980071	-435,3526
45363	0,40408677	77,09668	-0,28065109	-438,0062
45363	0,40408909	77,296875	-0,28177896	-439,84006
45363	0,40409139	77,49707	-0,28285313	-442,21249
45363	0,40409371	77,697266	-0,28440174	-445,20105
45363	0,40409604	77,897461	-0,28682458	-447,62994
45363	0,40409836	78,097656	-0,28549081	-449,41855
45363	0,40410066	78,297852	-0,28794053	-451,93921
45363	0,40410298	78,498047	-0,28893712	-454,46735
45363	0,40410531	78,698242	-0,29007992	-456,90472
45363	0,40410763	78,898438	-0,29089153	-458,78214
45363	0,40410993	79,098633	-0,29042307	-461,44437
45363	0,40411225	79,298828	-0,29248488	-464,31702
45363	0,40411457	79,499023	-0,29486895	-466,20291
45363	0,4041169	79,699219	-0,29565367	-468,01147
45363	0,40411919	79,899414	-0,29515836	-470,38342
45363	0,40412152	80,099609	-0,29739323	-473,14117
45363	0,40412384	80,299805	-0,30006075	-475,64249
45363	0,40412617	80,5	-0,29962215	-477,44434
45363	0,40412846	80,700195	-0,30180329	-479,70618
45363	0,40413079	80,900391	-0,30126324	-482,44324
45363	0,40413311	81,100586	-0,30325344	-484,77228
45363	0,40413544	81,300781	-0,30555096	-486,41513
45363	0,40413773	81,500977	-0,30486768	-488,59235
45363	0,40414006	81,701172	-0,30710852	-491,30615
45363	0,40414238	81,901367	-0,30758592	-493,63028
45363	0,4041447	82,101563	-0,30935532	-495,57773
45363	0,404147	82,301758	-0,30945379	-497,64182
45363	0,40414932	82,501953	-0,31115457	-500,11185
45363	0,40415165	82,702148	-0,31164986	-502,40781
45363	0,40415397	82,902344	-0,311441	-504,23053
45363	0,40415627	83,102539	-0,31356248	-506,13251
45363	0,40415859	83,302734	-0,31502455	-508,67853
45363	0,40416092	83,50293	-0,31638816	-510,72028
45363	0,40416324	83,703125	-0,31714007	-512,48962
45363	0,40416554	83,90332	-0,31791887	-514,76147
45363	0,40416786	84,103516	-0,31998962	-517,36945
45363	0,40417019	84,303711	-0,32057744	-520,00134
45363	0,40417251	84,503906	-0,32189628	-521,33405
45363	0,4041748	84,704102	-0,32207829	-523,104
45363	0,40417713	84,904297	-0,32403865	-525,95282
45363	0,40417945	85,104492	-0,3244355	-527,92633
45363	0,40418178	85,304688	-0,32688221	-529,6084
45363	0,40418407	85,504883	-0,32715076	-531,49072
45363	0,4041864	85,705078	-0,32836816	-534,23669
45363	0,40418872	85,905273	-0,32959747	-536,5401
45363	0,40419105	86,105469	-0,33008683	-538,13068
45363	0,40419334	86,305664	-0,33180252	-540,32324
45363	0,40419567	86,505859	-0,33341378	-542,59924
45363	0,40419799	86,706055	-0,33322579	-545,18158
45363	0,40420032	86,90625	-0,33449391	-546,64551
45363	0,40420261	87,106445	-0,33640951	-548,73016
45363	0,40420493	87,306641	-0,33744192	-551,51398
45363	0,40420726	87,506836	-0,33756724	-553,94971
45363	0,40420958	87,707031	-0,33890399	-555,69733
45363	0,40421188	87,907227	-0,34095684	-557,80109
45363	0,4042142	88,107422	-0,34152079	-560,36798
45363	0,40421653	88,307617	-0,34274414	-562,815
45363	0,40421885	88,507813	-0,34424499	-564,40735
45363	0,40422115	88,708008	-0,34503272	-567,01001
45363	0,40422347	88,908203	-0,34646198	-569,65857
45363	0,4042258	89,108398	-0,34721985	-571,79596
45363	0,40422812	89,308594	-0,34790316	-573,61719
45363	0,40423042	89,508789	-0,34855661	-575,90479
45363	0,40423274	89,708984	-0,35070196	-578,60132
45363	0,40423506	89,90918	-0,35231918	-580,7301
45363	0,40423739	90,109375	-0,35289505	-582,21423
45363	0,40423968	90,30957	-0,35227144	-584,72839
45363	0,40424201	90,509766	-0,35479575	-587,61774
45363	0,40424433	90,709961	-0,35586098	-589,69464
45363	0,40424666	90,910156	-0,35697991	-591,49591
45363	0,40424895	91,110352	-0,35833156	-594,1048
45363	0,40425128	91,310547	-0,35897607	-597,09424
45363	0,4042536	91,510742	-0,3614735	-599,13068
45363	0,40425593	91,710938	-0,36194196	-600,79749
45363	0,40425822	91,911133	-0,36232689	-603,47491
45363	0,40426055	92,111328	-0,36389041	-605,97235
45363	0,40426287	92,311523	-0,36626253	-607,9295
45363	0,4042652	92,511719	-0,36609244	-609,92444
45363	0,40426749	92,711914	-0,36704427	-612,30237
45363	0,40426981	92,912109	-0,3683303	-615,39703
45363	0,40427214	93,112305	-0,3710247	-617,13483
45363	0,40427446	93,3125	-0,37027875	-619,15039
45363	0,40427676	93,512695	-0,37158564	-622,06592
45363	0,40427908	93,712891	-0,37313125	-624,76691
45363	0,40428141	93,913086	-0,37374592	-627,14124
45363	0,40428373	94,113281	-0,37467986	-628,88708
45363	0,40428603	94,313477	-0,37656263	-631,67749
45363	0,40428835	94,513672	-0,37843648	-634,28247
45363	0,40429068	94,713867	-0,37758908	-636,21246
45363	0,404293	94,914063	-0,37959418	-638,32996
45363	0,4042953	95,114258	-0,38009545	-641,08752
45363	0,40429762	95,314453	-0,38222292	-643,49023
45363	0,40429994	95,514648	-0,38305241	-645,41486
45363	0,40430227	95,714844	-0,3832553	-647,2879
45363	0,40430456	95,915039	-0,38506648	-650,14508
45363	0,40430689	96,115234	-0,38684782	-652,8559
45363	0,40430921	96,31543	-0,38842925	-654,35376
45363	0,40431154	96,515625	-0,38928559	-656,39758
45363	0,40431383	96,71582	-0,39065516	-659,25208
45363	0,40431616	96,916016	-0,39216498	-661,7334
45363	0,40431848	97,116211	-0,39236787	-663,30371
45363	0,40432081	97,316406	-0,39379114	-665,46259
45363	0,4043231	97,516602	-0,39479071	-667,99103
45363	0,40432543	97,716797	-0,39613342	-670,57635
45363	0,40432775	97,916992	-0,39740154	-672,2265
45363	0,40433007	98,117188	-0,39760745	-674,16931
45363	0,40433237	98,317383	-0,39909935	-677,28009
45363	0,40433469	98,517578	-0,40060019	-679,82703
45363	0,40433702	98,717773	-0,40173703	-681,24109
45363	0,40433931	98,917969	-0,40274256	-683,20154
45363	0,40434164	99,118164	-0,40374514	-686,05267
45363	0,40434396	99,318359	-0,4044165	-688,19281
45363	0,40434629	99,518555	-0,40693185	-689,79022
45363	0,40434858	99,71875	-0,40784788	-692,02655
45363	0,40435091	99,918945	-0,41034234	-694,755
45363	0,40435323	100,11914	-0,41025877	-696,86139
45363	0,40435556	100,31934	-0,41124046	-698,58905
45363	0,40435785	100,51953	-0,41403627	-701,26563
45363	0,40436018	100,71973	-0,41279504	-703,72308
45363	0,4043625	100,91992	-0,41576391	-705,54132
45363	0,40436482	101,12012	-0,41581464	-707,1557
45363	0,40436712	101,32031	-0,41792122	-709,89697
45363	0,40436944	101,52051	-0,42009044	-712,09399
45363	0,40437177	101,7207	-0,42095873	-713,41602
45363	0,40437409	101,9209	-0,42091992	-715,58917
45363	0,40437639	102,12109	-0,42270723	-717,89502
45363	0,40437871	102,32129	-0,4228445	-720,71606
45363	0,40438104	102,52148	-0,42331892	-722,49738
45363	0,40438336	102,72168	-0,42508534	-723,84296
45363	0,40438566	102,92188	-0,42752907	-726,763
45363	0,40438798	103,12207	-0,42851374	-729,12421
45363	0,40439031	103,32227	-0,42940289	-731,01843
45363	0,40439263	103,52246	-0,42965654	-732,82385
45363	0,40439492	103,72266	-0,43282831	-735,23932
45363	0,40439725	103,92285	-0,43295065	-738,00946
45363	0,40439957	104,12305	-0,43491995	-739,59344
45363	0,4044019	104,32324	-0,43648049	-741,46924
45363	0,40440419	104,52344	-0,43714887	-744,53143
45363	0,40440652	104,72363	-0,43741444	-746,72723
45363	0,40440884	104,92383	-0,43908536	-748,64233
45363	0,40441117	105,12402	-0,44031766	-750,65015
45363	0,40441346	105,32422	-0,44357899	-753,62976
45363	0,40441579	105,52441	-0,44425333	-755,61249
45363	0,40441811	105,72461	-0,44528869	-757,28351
45363	0,40442044	105,9248	-0,44610327	-759,7431
45363	0,40442273	106,125	-0,44712374	-762,8786
45363	0,40442505	106,3252	-0,44922137	-764,73767
45363	0,40442738	106,52539	-0,44943321	-766,4126
45363	0,4044297	106,72559	-0,45083261	-768,93298
45363	0,404432	106,92578	-0,45260203	-771,86938
45363	0,40443432	107,12598	-0,45456237	-774,22137
45363	0,40443665	107,32617	-0,45527849	-775,78156
45363	0,40443897	107,52637	-0,45674354	-778,12878
45363	0,40444127	107,72656	-0,45791915	-781,14478
45363	0,40444359	107,92676	-0,46054789	-783,06433
45363	0,40444592	108,12695	-0,46219197	-784,97284
45363	0,40444824	108,32715	-0,46259478	-787,23755
45363	0,40445054	108,52734	-0,4649699	-790,27826
45363	0,40445286	108,72754	-0,46502361	-792,04523
45363	0,40445518	108,92773	-0,46604407	-794,0769
45363	0,40445751	109,12793	-0,46679002	-797,15161
45363	0,4044598	109,32813	-0,46872652	-799,461
45363	0,40446213	109,52832	-0,46964255	-801,33374
45363	0,40446445	109,72852	-0,47384673	-809,82532
45363	0,40446678	109,92871	-0,47563702	-807,22028
45363	0,40446907	110,12891	-0,47430623	-808,05298
45363	0,4044714	110,3291	-0,47488809	-810,51135
45363	0,40447372	110,5293	-0,47707522	-813,45941
45363	0,40447605	110,72949	-0,47987702	-814,82794
45363	0,40447834	110,92969	-0,48042604	-816,41553
45363	0,40448067	111,12988	-0,48365152	-826,39008
45363	0,40448299	111,33008	-0,4816106	-821,57758
45363	0,40448532	111,53027	-0,4864563	-825,57642
45363	0,40448761	111,73047	-0,48681438	-826,53101
45363	0,40448993	111,93066	-0,48679051	-827,7663
45363	0,40449226	112,13086	-0,49283868	-836,9389
45363	0,40449458	112,33105	-0,49090219	-833,0929
45363	0,40449688	112,53125	-0,49150789	-835,2309
45363	0,4044992	112,73145	-0,49542564	-844,0545
45363	0,40450153	112,93164	-0,49466476	-838,88556
45363	0,40450385	113,13184	-0,495545	-841,07935
45363	0,40450615	113,33203	-0,4990271	-851,06158
45363	0,40450847	113,53223	-0,49889281	-845,76422
45363	0,4045108	113,73242	-0,49913749	-847,19055
45363	0,40451312	113,93262	-0,5036878	-857,22058
45363	0,40451542	114,13281	-0,50536174	-852,48315
45363	0,40451774	114,33301	-0,50517672	-853,79242
45363	0,40452006	114,5332	-0,5076533	-864,21606
45363	0,40452239	114,7334	-0,50958681	-859,80829
45363	0,40452468	114,93359	-0,5090915	-860,08185
45363	0,40452701	115,13379	-0,51369548	-869,20166
45363	0,40452933	115,33398	-0,51637197	-870,72699
45363	0,40453166	115,53418	-0,51373428	-866,20953
45363	0,40453395	115,73438	-0,5170911	-871,92474
45363	0,40453628	115,93457	-0,51840097	-879,21973
45363	0,4045386	116,13477	-0,51748794	-872,82385
45363	0,40454093	116,33496	-0,52096707	-877,65094
45363	0,40454322	116,53516	-0,52359277	-885,93597
45363	0,40454555	116,73535	-0,52313328	-879,35236
45363	0,40454787	116,93555	-0,52644533	-884,50696
45363	0,40455019	117,13574	-0,52906507	-892,4353
45363	0,40455249	117,33594	-0,52996022	-888,49573
45363	0,40455481	117,53613	-0,52938437	-887,87433
45363	0,40455714	117,73633	-0,53429574	-898,64099
45363	0,40455946	117,93652	-0,53481191	-899,06006
45363	0,40456176	118,13672	-0,53331405	-893,36841
45363	0,40456408	118,33691	-0,53876549	-898,9444
45363	0,40456641	118,53711	-0,54005444	-907,14777
45363	0,40456873	118,7373	-0,54158515	-900,97009
45363	0,40457103	118,9375	-0,54330683	-903,9071
45363	0,40457335	119,1377	-0,5451299	-913,38214
45363	0,40457568	119,33789	-0,54757965	-912,47583
45363	0,404578	119,53809	-0,54599822	-908,46503
45363	0,4045803	119,73828	-0,55282515	-918,61572
45363	0,40458262	119,93848	-0,55326378	-921,07471
45363	0,40458494	120,13867	-0,55292362	-915,28589
45363	0,40458727	120,33887	-0,55492574	-919,20551
45363	0,40458956	120,53906	-0,55704427	-928,55957
45363	0,40459189	120,73926	-0,56085163	-926,08954
45363	0,40459421	120,93945	-0,55890316	-923,1889
45363	0,40459654	121,13965	-0,56408906	-933,46265
45363	0,40459883	121,33984	-0,56644922	-936,66254
45363	0,40460116	121,54004	-0,56331325	-930,1936
45363	0,40460348	121,74023	-0,56897056	-936,04681
45363	0,40460581	121,94043	-0,57144117	-944,0246
45363	0,4046081	122,14063	-0,5736044	-942,95142
45363	0,40461043	122,34082	-0,57341939	-940,42682
45363	0,40461275	122,54102	-0,57698506	-949,95795
45363	0,40461507	122,74121	-0,579763	-952,09595
45363	0,40461737	122,94141	-0,57827407	-945,56714
45363	0,40461969	123,1416	-0,58309293	-955,05261
45363	0,40462202	123,3418	-0,58474594	-959,70209
45363	0,40462434	123,54199	-0,58651239	-956,73291
45363	0,40462664	123,74219	-0,58710915	-956,70667
45363	0,40462896	123,94238	-0,59181756	-965,64587
45363	0,40463129	124,14258	-0,59404647	-967,36041
45363	0,40463361	124,34277	-0,59524596	-968,63507
45363	0,40463591	124,54297	-0,59747785	-970,9942
45363	0,40463823	124,74316	-0,59945911	-974,01825
45363	0,40464056	124,94336	-0,6022042	-975,80164
45363	0,40464288	125,14355	-0,60366333	-977,20111
45363	0,40464517	125,34375	-0,60474342	-979,66431
45363	0,4046475	125,54395	-0,60872084	-982,41174
45363	0,40464982	125,74414	-0,61092591	-984,00739
45363	0,40465212	125,94434	-0,61273706	-986,41602
45363	0,40465444	126,14453	-0,6149779	-989,19897
45363	0,40465677	126,34473	-0,61834067	-991,2085
45363	0,40465909	126,54492	-0,62004739	-993,06995
45363	0,40466139	126,74512	-0,62171537	-995,92444
45363	0,40466371	126,94531	-0,6255883	-998,09943
45363	0,40466604	127,14551	-0,62753379	-1000,002
45363	0,40466836	127,3457	-0,63012075	-1002,1627
45363	0,40467066	127,5459	-0,63277632	-1005,2263
45363	0,40467298	127,74609	-0,63547963	-1007,1859
45363	0,4046753	127,94629	-0,63787568	-1008,8983
45363	0,40467763	128,14648	-0,63911694	-1011,6302
45363	0,40467992	128,34668	-0,64243788	-1014,1617
45363	0,40468225	128,54688	-0,64537096	-1015,6539
45363	0,40468457	128,74707	-0,64838761	-1018,0637
45363	0,4046869	128,94727	-0,65173841	-1020,5736
45363	0,40468919	129,14746	-0,65411055	-1022,4482
45363	0,40469152	129,34766	-0,65632755	-1024,2867
45363	0,40469384	129,54785	-0,66051084	-1027,0842
45363	0,40469617	129,74805	-0,66302019	-1029,4348
45363	0,40469846	129,94824	-0,66652024	-1031,2407
45363	0,40470079	130,14844	-0,66969496	-1033,4658
45363	0,40470311	130,34863	-0,67236251	-1036,1465
45363	0,40470544	130,54883	-0,67575508	-1038,2074
45363	0,40470773	130,74902	-0,67921036	-1040,0914
45363	0,40471005	130,94922	-0,68190771	-1042,7388
45363	0,40471238	131,14941	-0,68694437	-1044,6819
45363	0,4047147	131,34961	-0,68837363	-1046,527
45363	0,404717	131,5498	-0,69395036	-1049,2566
45363	0,40471932	131,75	-0,6972087	-1051,3949
45363	0,40472165	131,9502	-0,70101601	-1053,198
45363	0,40472397	132,15039	-0,70489794	-1055,5439
45363	0,40472627	132,35059	-0,70895296	-1058,0441
45363	0,40472859	132,55078	-0,71333617	-1060,0641
45363	0,40473092	132,75098	-0,71883833	-1061,8147
45363	0,40473324	132,95117	-0,72303951	-1064,4128
45363	0,40473554	133,15137	-0,72754806	-1066,8983
45363	0,40473786	133,35156	-0,73246837	-1068,6216
45363	0,40474018	133,55176	-0,73706639	-1070,7694
45363	0,40474251	133,75195	-0,74315637	-1073,387
45363	0,4047448	133,95215	-0,74839592	-1074,9316
45363	0,40474713	134,15234	-0,75430983	-1076,7749
45363	0,40474945	134,35254	-0,76119345	-1079,4401
45363	0,40475178	134,55273	-0,76748633	-1081,3763
45363	0,40475407	134,75293	-0,77470118	-1082,9731
45363	0,4047564	134,95313	-0,78170717	-1085,0101
45363	0,40475872	135,15332	-0,79127324	-1087,6628
45363	0,40476105	135,35352	-0,80161512	-1088,9792
45363	0,40476334	135,55371	-0,81142294	-1090,8215
45363	0,40476567	135,75391	-0,82265097	-1093,5774
45363	0,40476799	135,9541	-0,83521879	-1094,8723
45363	0,40477031	136,1543	-0,85048097	-1095,8081
45363	0,40477261	136,35449	-0,86944306	-1097,347
45363	0,40477493	136,55469	-0,89493972	-1097,4458
45363	0,40477726	136,75488	-0,92998755	-1094,5973
45363	0,40477958	136,95508	-0,64223796	-350,99161
45363	0,40478188	137,15527	-0,051035065	2,2362559
45363	0,4047842	137,35547	0,5440886	2,1420805
45363	0,40478653	137,55566	1,1406564	1,9990294
45363	0,40478885	137,75586	1,7367885	2,1051257
45363	0,40479115	137,95605	2,3323419	2,0800917
45363	0,40479347	138,15625	2,9293125	2,0873933
45363	0,4047958	138,35645	3,5249255	2,0786016
45363	0,40479812	138,55664	4,1224451	2,1165996
45363	0,40480042	138,75684	4,7202988	2,1195798
