MTS793|MPT|DEU|1|2|,|.|:|49|1|1|A

Bediener Information			Zylinder Druckfestigkeit (100mm)			Zeit:	75,904297	s	26.03.2024 10:09:09
Datum	26.03.2024
Prüfer:	Glagow/Bindnagel
Probebezeichnung	20240227_7188_M03_Z02
Protokoll Seite	-
Durchmesser [mm]:	98,7
Höhe [mm]:	298,9
Masse [g]:	5375
Bediener Information Ende

Datenerfassung						Zeit:	184,53027	s	26.03.2024 10:10:58
Ch 1 Weg	Ch 1 Prüfkraft
mm	kN
1,9584229	2,2559254
-0,8390649	-365,94833

Datenerfassung						Zeit:	184,53613	s	26.03.2024 10:10:58
Laufzeit	Ch 1 Kraft dP Sollwert	Ch 1 Prüfkraft	Ch 1 Weg	Datum	Tageszeit
s	kN	kN	mm	d	d
91,849609	0	-15,78789	0,0012308211	45377	0,40468577
91,974609	0	-14,721117	0,00013874711	45377	0,4046872
92,099609	0	-15,525034	0,00024914803	45377	0,40468866
92,224609	0	-17,104706	-0,00032225135	45377	0,40469009
92,349609	0	-16,974024	-0,0015560563	45377	0,40469155
92,474609	0	-16,131809	-0,0024795451	45377	0,40469301
92,599609	0	-17,158201	-0,0043772473	45377	0,40469444
92,724609	0	-19,260159	-0,005681172	45377	0,4046959
92,849609	0	-19,064209	-0,0052142059	45377	0,40469733
92,974609	0	-18,011591	-0,0065688551	45377	0,40469879
93,099609	0	-18,951706	-0,0064554703	45377	0,40470022
93,224609	0	-21,488926	-0,0086634886	45377	0,40470168
93,349609	0	-21,38134	-0,009752579	45377	0,40470311
93,474609	0	-20,150206	-0,010198658	45377	0,40470457
93,599609	0	-21,129808	-0,011102753	45377	0,404706
93,724609	0	-23,26425	-0,012991503	45377	0,40470746
93,849609	0	-23,438295	-0,012478288	45377	0,40470892
93,974609	0	-21,911522	-0,013072066	45377	0,40471035
94,099609	0	-23,057869	-0,014447602	45377	0,40471181
94,224609	0	-25,288723	-0,01683614	45377	0,40471324
94,349609	0	-25,860628	-0,016785417	45377	0,4047147
94,474609	0	-24,155041	-0,017183755	45377	0,40471613
94,599609	0	-24,973116	-0,018014746	45377	0,40471759
94,724609	0	-27,206949	-0,020497274	45377	0,40471902
94,849609	0	-27,357599	-0,020203369	45377	0,40472049
94,974609	0	-26,314518	-0,021031376	45377	0,40472192
95,099609	0	-26,979111	-0,023035003	45377	0,40472338
95,224609	0	-29,123238	-0,024165867	45377	0,40472484
95,349609	0	-29,257498	-0,023691442	45377	0,40472627
95,474609	0	-28,088203	-0,024805894	45377	0,40472773
95,599609	0	-29,299072	-0,027656924	45377	0,40472916
95,724609	0	-30,936859	-0,027492814	45377	0,40473062
95,849609	0	-30,884108	-0,028505817	45377	0,40473205
95,974609	0	-30,537806	-0,030349812	45377	0,40473351
96,099609	0	-31,83972	-0,031679098	45377	0,40473494
96,224609	0	-32,823196	-0,031483658	45377	0,4047364
96,349609	0	-32,324902	-0,032247514	45377	0,40473783
96,474609	0	-32,456032	-0,033091933	45377	0,40473929
96,599609	0	-33,959412	-0,034397349	45377	0,40474075
96,724609	0	-34,836491	-0,035473011	45377	0,40474218
96,849609	0	-34,383347	-0,036136907	45377	0,40474364
96,974609	0	-34,283508	-0,03653077	45377	0,40474507
97,099609	0	-35,992077	-0,03881935	45377	0,40474653
97,224609	0	-36,927422	-0,038795482	45377	0,40474796
97,349609	0	-35,948715	-0,041149706	45377	0,40474942
97,474609	0	-36,157032	-0,040018842	45377	0,40475085
97,599609	0	-38,10968	-0,043475587	45377	0,40475231
97,724609	0	-38,942509	-0,043290589	45377	0,40475374
97,849609	0	-37,645958	-0,043696389	45377	0,4047552
97,974609	0	-38,130096	-0,045153979	45377	0,40475667
98,099609	0	-40,257683	-0,046559352	45377	0,4047581
98,224609	0	-40,79174	-0,045870092	45377	0,40475956
98,349609	0	-39,715282	-0,048545077	45377	0,40476099
98,474609	0	-40,375103	-0,048397377	45377	0,40476245
98,599609	0	-42,447708	-0,050078753	45377	0,40476388
98,724609	0	-42,333862	-0,050866481	45377	0,40476534
98,849609	0	-41,302105	-0,051936176	45377	0,40476677
98,974609	0	-42,176506	-0,052625436	45377	0,40476823
99,099609	0	-44,543259	-0,053959198	45377	0,40476966
99,224609	0	-44,390373	-0,05418	45377	0,40477112
99,349609	0	-43,143742	-0,054470919	45377	0,40477258
99,474609	0	-44,230183	-0,056203023	45377	0,40477401
99,599609	0	-46,41246	-0,057932138	45377	0,40477547
99,724609	0	-46,318134	-0,05831854	45377	0,4047769
99,849609	0	-45,102051	-0,058458783	45377	0,40477836
99,974609	0	-46,541504	-0,060107335	45377	0,40477979
100,09961	0	-48,483124	-0,059968587	45377	0,40478125
100,22461	0	-48,470161	-0,060914457	45377	0,40478268
100,34961	0	-47,181507	-0,062477972	45377	0,40478414
100,47461	0	-48,055016	-0,063176185	45377	0,40478557
100,59961	0	-50,312389	-0,063540205	45377	0,40478703
100,72461	0	-50,456039	-0,064927675	45377	0,40478849
100,84961	0	-49,028061	-0,064896345	45377	0,40478992
100,97461	0	-49,810669	-0,066706032	45377	0,40479138
101,09961	0	-52,213779	-0,069309399	45377	0,40479282
101,22461	0	-52,709541	-0,06803979	45377	0,40479428
101,34961	0	-51,108559	-0,069928542	45377	0,40479571
101,47461	0	-51,953606	-0,070696875	45377	0,40479717
101,59961	0	-54,24004	-0,071641251	45377	0,4047986
101,72461	0	-54,413937	-0,072475225	45377	0,40480006
101,84961	0	-53,185486	-0,072927266	45377	0,40480149
101,97461	0	-54,047813	-0,073392741	45377	0,40480295
102,09961	0	-55,900772	-0,075365044	45377	0,40480438
102,22461	0	-56,02013	-0,074410222	45377	0,40480584
102,34961	0	-55,276264	-0,076052807	45377	0,4048073
102,47461	0	-56,572071	-0,07820563	45377	0,40480873
102,59961	0	-58,051159	-0,078496546	45377	0,40481019
102,72461	0	-57,692936	-0,079230569	45377	0,40481162
102,84961	0	-57,4496	-0,080464371	45377	0,40481308
102,97461	0	-58,698021	-0,081125282	45377	0,40481451
103,09961	0	-59,866867	-0,081190929	45377	0,40481597
103,22461	0	-59,287956	-0,081517652	45377	0,4048174
103,34961	0	-59,09901	-0,083742082	45377	0,40481886
103,47461	0	-60,84185	-0,083939016	45377	0,40482029
103,59961	0	-61,834862	-0,085444346	45377	0,40482175
103,72461	0	-61,081757	-0,085598014	45377	0,40482321
103,84961	0	-61,274876	-0,08699742	45377	0,40482464
103,97461	0	-63,188038	-0,088386387	45377	0,4048261
104,09961	0	-63,760838	-0,088356547	45377	0,40482754
104,22461	0	-62,710754	-0,088705651	45377	0,404829
104,34961	0	-63,002518	-0,088780247	45377	0,40483043
104,47461	0	-64,978409	-0,091033019	45377	0,40483189
104,59961	0	-65,712143	-0,09283673	45377	0,40483332
104,72461	0	-64,536888	-0,092738271	45377	0,40483478
104,84961	0	-65,058876	-0,093442447	45377	0,40483621
104,97461	0	-67,161728	-0,094583757	45377	0,40483767
105,09961	0	-67,524124	-0,093888529	45377	0,40483913
105,22461	0	-66,477173	-0,095471434	45377	0,40484056
105,34961	0	-67,439339	-0,097128943	45377	0,40484202
105,47461	0	-69,17234	-0,09758696	45377	0,40484345
105,59961	0	-69,477516	-0,098949067	45377	0,40484491
105,72461	0	-68,255623	-0,098966971	45377	0,40484634
105,84961	0	-69,214813	-0,099854656	45377	0,4048478
105,97461	0	-71,376228	-0,10064238	45377	0,40484923
106,09961	0	-71,065689	-0,10092136	45377	0,40485069
106,22461	0	-70,123039	-0,1029235	45377	0,40485212
106,34961	0	-71,308723	-0,10345312	45377	0,40485358
106,47461	0	-73,224861	-0,10500471	45377	0,40485504
106,59961	0	-72,947998	-0,10547913	45377	0,40485647
106,72461	0	-71,736534	-0,10579541	45377	0,40485793
106,84961	0	-72,801071	-0,10577453	45377	0,40485936
106,97461	0	-75,227135	-0,10798553	45377	0,40486082
107,09961	0	-75,25798	-0,10906418	45377	0,40486225
107,22461	0	-73,738358	-0,10881951	45377	0,40486372
107,34961	0	-74,849236	-0,11086789	45377	0,40486515
107,47461	0	-76,990089	-0,11039346	45377	0,40486661
107,59961	0	-76,976974	-0,11187642	45377	0,40486804
107,72461	0	-75,808723	-0,11332655	45377	0,4048695
107,84961	0	-76,989342	-0,11338921	45377	0,40487096
107,97461	0	-79,204697	-0,114441	45377	0,40487239
108,09961	0	-79,420914	-0,11463793	45377	0,40487385
108,22461	0	-77,631287	-0,11562558	45377	0,40487528
108,34961	0	-78,802818	-0,11646701	45377	0,40487674
108,47461	0	-81,006401	-0,11751433	45377	0,40487817
108,59961	0	-81,45269	-0,11892417	45377	0,40487963
108,72461	0	-79,591835	-0,11886301	45377	0,40488106
108,84961	0	-80,369522	-0,11956122	45377	0,40488252
108,97461	0	-82,877243	-0,12166331	45377	0,40488395
109,09961	0	-83,24485	-0,12137835	45377	0,40488541
109,22461	0	-81,876183	-0,12202584	45377	0,40488687
109,34961	0	-82,525574	-0,12329844	45377	0,4048883
109,47461	0	-85,086487	-0,12457551	45377	0,40488976
109,59961	0	-85,259041	-0,12553927	45377	0,40489119
109,72461	0	-83,985886	-0,12567206	45377	0,40489265
109,84961	0	-84,579697	-0,12709683	45377	0,40489408
109,97461	0	-86,66407	-0,12793528	45377	0,40489554
110,09961	0	-87,027214	-0,12857531	45377	0,40489697
110,22461	0	-85,802788	-0,1285037	45377	0,40489843
110,34961	0	-86,812485	-0,13007914	45377	0,40489987
110,47461	0	-88,729965	-0,13149495	45377	0,40490133
110,59961	0	-88,630135	-0,13187987	45377	0,40490279
110,72461	0	-87,63414	-0,13176201	45377	0,40490422
110,84961	0	-88,683624	-0,13262433	45377	0,40490568
110,97461	0	-90,731491	-0,13394766	45377	0,40490711
111,09961	0	-90,586655	-0,13595277	45377	0,40490857
111,22461	0	-89,886597	-0,13533214	45377	0,40491
111,34961	0	-91,085396	-0,13623773	45377	0,40491146
111,47461	0	-92,272865	-0,13790269	45377	0,40491289
111,59961	0	-91,555374	-0,13842635	45377	0,40491435
111,72461	0	-91,554634	-0,13934089	45377	0,40491578
111,84961	0	-93,415787	-0,13850841	45377	0,40491724
111,97461	0	-94,53978	-0,14015695	45377	0,4049187
112,09961	0	-93,835701	-0,14074476	45377	0,40492013
112,22461	0	-93,724838	-0,14185475	45377	0,40492159
112,34961	0	-95,239838	-0,14337201	45377	0,40492302
112,47461	0	-96,280533	-0,14357193	45377	0,40492448
112,59961	0	-95,871498	-0,14429103	45377	0,40492591
112,72461	0	-96,11692	-0,14582172	45377	0,40492737
112,84961	0	-97,644287	-0,14669597	45377	0,4049288
112,97461	0	-98,736397	-0,14842062	45377	0,40493026
113,09961	0	-97,533127	-0,14779252	45377	0,40493169
113,22461	0	-97,472183	-0,14803421	45377	0,40493315
113,34961	0	-99,676659	-0,14958878	45377	0,40493461
113,47461	0	-100,48043	-0,15001695	45377	0,40493605
113,59961	0	-99,355835	-0,15114334	45377	0,40493751
113,72461	0	-99,828651	-0,15133879	45377	0,40493894
113,84961	0	-101,71782	-0,15263525	45377	0,4049404
113,97461	0	-102,30612	-0,15405703	45377	0,40494183
114,09961	0	-100,92999	-0,15465379	45377	0,40494329
114,22461	0	-101,90766	-0,15422264	45377	0,40494472
114,34961	0	-103,88013	-0,15615465	45377	0,40494618
114,47461	0	-104,44965	-0,15721092	45377	0,40494761
114,59961	0	-103,17247	-0,15790167	45377	0,40494907
114,72461	0	-103,81322	-0,1588535	45377	0,40495053
114,84961	0	-105,63057	-0,16009924	45377	0,40495196
114,97461	0	-105,94662	-0,16026932	45377	0,40495342
115,09961	0	-105,02216	-0,16021413	45377	0,40495485
115,22461	0	-105,8298	-0,16161799	45377	0,40495631
115,34961	0	-108,29653	-0,16259222	45377	0,40495774
115,47461	0	-107,96886	-0,16397521	45377	0,4049592
115,59961	0	-106,83905	-0,1646391	45377	0,40496063
115,72461	0	-107,65772	-0,16579683	45377	0,40496209
115,84961	0	-109,81437	-0,16629364	45377	0,40496352
115,97461	0	-109,6357	-0,16620262	45377	0,40496498
116,09961	0	-108,80035	-0,16775569	45377	0,40496644
116,22461	0	-109,97739	-0,16863592	45377	0,40496787
116,34961	0	-111,9953	-0,16943111	45377	0,40496933
116,47461	0	-111,63544	-0,17026806	45377	0,40497077
116,59961	0	-110,37197	-0,17042322	45377	0,40497223
116,72461	0	-111,80993	-0,17075592	45377	0,40497366
116,84961	0	-113,88447	-0,17106622	45377	0,40497512
116,97461	0	-113,759	-0,1730087	45377	0,40497655
117,09961	0	-112,80369	-0,17347565	45377	0,40497801
117,22461	0	-114,03468	-0,17565085	45377	0,40497944
117,34961	0	-115,80642	-0,17585225	45377	0,4049809
117,47461	0	-115,68066	-0,1763595	45377	0,40498236
117,59961	0	-114,51777	-0,17611185	45377	0,40498379
117,72461	0	-115,46116	-0,17694433	45377	0,40498525
117,84961	0	-117,80183	-0,17805281	45377	0,40498668
117,97461	0	-117,93655	-0,17940001	45377	0,40498814
118,09961	0	-116,58352	-0,18026084	45377	0,40498957
118,22461	0	-117,20594	-0,18156029	45377	0,40499103
118,34961	0	-119,9254	-0,18220778	45377	0,40499246
118,47461	0	-120,02539	-0,18337294	45377	0,40499392
118,59961	0	-118,5454	-0,18326703	45377	0,40499535
118,72461	0	-119,08498	-0,18360718	45377	0,40499681
118,84961	0	-121,67286	-0,1853915	45377	0,40499827
118,97461	0	-122,09367	-0,18547654	45377	0,4049997
119,09961	0	-120,38615	-0,18628366	45377	0,40500116
119,22461	0	-121,20392	-0,18800084	45377	0,40500259
119,34961	0	-123,48141	-0,18852599	45377	0,40500405
119,47461	0	-123,45787	-0,18777557	45377	0,40500548
119,59961	0	-122,56216	-0,18972547	45377	0,40500695
119,72461	0	-123,41317	-0,19229901	45377	0,40500838
119,84961	0	-125,38712	-0,19159931	45377	0,40500984
119,97461	0	-125,42513	-0,19236466	45377	0,40501127
120,09961	0	-124,55058	-0,19295247	45377	0,40501273
120,22461	0	-125,2019	-0,19290175	45377	0,40501419
120,34961	0	-127,0556	-0,19424446	45377	0,40501562
120,47461	0	-127,20283	-0,19544096	45377	0,40501708
120,59961	0	-126,65357	-0,19604221	45377	0,40501851
120,72461	0	-127,80514	-0,19673893	45377	0,40501997
120,84961	0	-129,20197	-0,19893351	45377	0,4050214
120,97461	0	-128,6095	-0,19887832	45377	0,40502286
121,09961	0	-128,37346	-0,19962874	45377	0,40502429
121,22461	0	-129,83051	-0,20028965	45377	0,40502575
121,34961	0	-131,03943	-0,20141605	45377	0,40502718
121,47461	0	-130,78671	-0,20267223	45377	0,40502864
121,59961	0	-130,70117	-0,20242159	45377	0,4050301
121,72461	0	-131,8882	-0,20450877	45377	0,40503153
121,84961	0	-132,9575	-0,20458037	45377	0,40503299
121,97461	0	-132,16119	-0,20491008	45377	0,40503442
122,09961	0	-132,4315	-0,20531438	45377	0,40503588
122,22461	0	-134,24184	-0,20563664	45377	0,40503731
122,34961	0	-135,00449	-0,20700322	45377	0,40503877
122,47461	0	-134,39085	-0,20828328	45377	0,4050402
122,59961	0	-134,28044	-0,20802219	45377	0,40504166
122,72461	0	-136,26006	-0,20916946	45377	0,4050431
122,84961	0	-137,02866	-0,20998405	45377	0,40504456
122,97461	0	-135,89885	-0,21134765	45377	0,40504602
123,09961	0	-136,0717	-0,21162961	45377	0,40504745
123,22461	0	-138,25636	-0,21365862	45377	0,40504891
123,34961	0	-138,81619	-0,21330056	45377	0,40505034
123,47461	0	-137,92824	-0,21487004	45377	0,4050518
123,59961	0	-138,30032	-0,21588603	45377	0,40505323
123,72461	0	-140,33865	-0,2162769	45377	0,40505469
123,84961	0	-140,88985	-0,21723768	45377	0,40505612
123,97461	0	-139,63457	-0,21751966	45377	0,40505758
124,09961	0	-140,27965	-0,21843271	45377	0,40505901
124,22461	0	-142,42392	-0,21938902	45377	0,40506047
124,34961	0	-143,0359	-0,22052585	45377	0,40506193
124,47461	0	-141,51183	-0,2206452	45377	0,40506336
124,59961	0	-142,32825	-0,22157316	45377	0,40506482
124,72461	0	-144,10701	-0,22265777	45377	0,40506625
124,84961	0	-144,453	-0,22389606	45377	0,40506771
124,97461	0	-143,28073	-0,22381848	45377	0,40506914
125,09961	0	-144,35362	-0,22531188	45377	0,4050706
125,22461	0	-146,26976	-0,2263741	45377	0,40507203
125,34961	0	-146,5432	-0,22745574	45377	0,40507349
125,47461	0	-145,19374	-0,22880889	45377	0,40507492
125,59961	0	-146,25531	-0,22859854	45377	0,40507638
125,72461	0	-148,45442	-0,23009193	45377	0,40507784
125,84961	0	-148,32269	-0,22966823	45377	0,40507928
125,97461	0	-147,25041	-0,22995467	45377	0,40508074
126,09961	0	-148,51552	-0,23177481	45377	0,40508217
126,22461	0	-150,42912	-0,23227459	45377	0,40508363
126,34961	0	-150,38159	-0,23335175	45377	0,40508506
126,47461	0	-148,93468	-0,23360835	45377	0,40508652
126,59961	0	-150,36221	-0,23457064	45377	0,40508795
126,72461	0	-152,26434	-0,23493466	45377	0,40508941
126,84961	0	-152,16675	-0,23585814	45377	0,40509084
126,97461	0	-150,74831	-0,23625797	45377	0,4050923
127,09961	0	-152,27	-0,23891059	45377	0,40509376
127,22461	0	-154,34589	-0,2392761	45377	0,40509519
127,34961	0	-154,0285	-0,24082917	45377	0,40509665
127,47461	0	-152,78738	-0,24064566	45377	0,40509808
127,59961	0	-153,94341	-0,24123497	45377	0,40509954
127,72461	0	-156,01794	-0,24181084	45377	0,40510097
127,84961	0	-156,09544	-0,24272837	45377	0,40510243
127,97461	0	-155,01868	-0,24290739	45377	0,40510386
128,09961	0	-156,14967	-0,24442019	45377	0,40510532
128,22461	0	-158,34268	-0,24558088	45377	0,40510675
128,34961	0	-158,09055	-0,24598818	45377	0,40510821
128,47461	0	-156,96536	-0,24712799	45377	0,40510967
128,59961	0	-158,07625	-0,24856469	45377	0,4051111
128,72461	0	-159,83652	-0,24891379	45377	0,40511256
128,84961	0	-160,25285	-0,24925843	45377	0,405114
128,97461	0	-158,75739	-0,24905106	45377	0,40511546
129,09961	0	-159,62552	-0,25050864	45377	0,40511689
129,22461	0	-162,18733	-0,2514008	45377	0,40511835
129,34961	0	-162,26064	-0,25235713	45377	0,40511978
129,47461	0	-160,7653	-0,25342831	45377	0,40512124
129,59961	0	-161,54509	-0,25429213	45377	0,40512267
129,72461	0	-163,88428	-0,25470835	45377	0,40512413
129,84961	0	-164,33101	-0,25466958	45377	0,40512559
129,97461	0	-162,69547	-0,25587502	45377	0,40512702
130,09961	0	-163,36005	-0,25686714	45377	0,40512848
130,22461	0	-165,94734	-0,25775185	45377	0,40512991
130,34961	0	-166,04688	-0,25891852	45377	0,40513137
130,47461	0	-164,98695	-0,25974354	45377	0,4051328
130,59961	0	-165,40225	-0,26082963	45377	0,40513426
130,72461	0	-167,80969	-0,26165766	45377	0,40513569
130,84961	0	-167,91116	-0,26068345	45377	0,40513715
130,97461	0	-166,65648	-0,26211864	45377	0,40513858
131,09961	0	-167,58408	-0,26293769	45377	0,40514004
131,22461	0	-169,68008	-0,26425505	45377	0,4051415
131,34961	0	-169,86932	-0,26373139	45377	0,40514293
131,47461	0	-168,68707	-0,26553363	45377	0,40514439
131,59961	0	-169,50023	-0,26711503	45377	0,40514582
131,72461	0	-171,74956	-0,26717621	45377	0,40514728
131,84961	0	-171,68324	-0,26792067	45377	0,40514871
131,97461	0	-170,79126	-0,26938123	45377	0,40515018
132,09961	0	-172,04773	-0,27051657	45377	0,40515161
132,22461	0	-173,71635	-0,27015853	45377	0,40515307
132,34961	0	-173,39166	-0,27090299	45377	0,4051545
132,47461	0	-172,6907	-0,27164894	45377	0,40515596
132,59961	0	-174,04016	-0,27211291	45377	0,40515742
132,72461	0	-175,66081	-0,27331987	45377	0,40515885
132,84961	0	-175,19783	-0,27442983	45377	0,40516031
132,97461	0	-174,81874	-0,27545181	45377	0,40516174
133,09961	0	-176,05629	-0,27515492	45377	0,4051632
133,22461	0	-177,29994	-0,27702874	45377	0,40516463
133,34961	0	-176,7991	-0,2779209	45377	0,40516609
133,47461	0	-176,4473	-0,2770884	45377	0,40516752
133,59961	0	-178,26106	-0,27879217	45377	0,40516898
133,72461	0	-179,23337	-0,28031987	45377	0,40517041
133,84961	0	-178,98242	-0,28011698	45377	0,40517187
133,97461	0	-178,71867	-0,28140301	45377	0,40517333
134,09961	0	-180,25394	-0,28177598	45377	0,40517476
134,22461	0	-181,12984	-0,28350061	45377	0,40517622
134,34961	0	-180,79605	-0,28303665	45377	0,40517765
134,47461	0	-180,60054	-0,28441218	45377	0,40517911
134,59961	0	-182,22104	-0,28509545	45377	0,40518054
134,72461	0	-183,35413	-0,28650233	45377	0,405182
134,84961	0	-182,66988	-0,287669	45377	0,40518343
134,97461	0	-182,73827	-0,28869542	45377	0,40518489
135,09961	0	-184,50406	-0,28994265	45377	0,40518633
135,22461	0	-185,3555	-0,29064086	45377	0,40518779
135,34961	0	-184,51479	-0,28984869	45377	0,40518925
135,47461	0	-184,7699	-0,2913391	45377	0,40519068
135,59961	0	-186,21574	-0,29198956	45377	0,40519214
135,72461	0	-187,114	-0,29287127	45377	0,40519357
135,84961	0	-186,49171	-0,29358888	45377	0,40519503
135,97461	0	-186,56772	-0,2952449	45377	0,40519646
136,09961	0	-188,26854	-0,29545972	45377	0,40519792
136,22461	0	-189,26408	-0,29660103	45377	0,40519935
136,34961	0	-188,4852	-0,29785573	45377	0,40520081
136,47461	0	-188,55211	-0,29711425	45377	0,40520224
136,59961	0	-190,53351	-0,3003487	45377	0,4052037
136,72461	0	-191,23819	-0,30043972	45377	0,40520516
136,84961	0	-190,19302	-0,30077687	45377	0,40520659
136,97461	0	-190,29584	-0,30110359	45377	0,40520805
137,09961	0	-192,48332	-0,30246422	45377	0,40520948
137,22461	0	-193,28069	-0,30335191	45377	0,40521094
137,34961	0	-192,05745	-0,30396208	45377	0,40521237
137,47461	0	-192,10201	-0,30543759	45377	0,40521383
137,59961	0	-194,32378	-0,30649087	45377	0,40521526
137,72461	0	-194,88808	-0,30667436	45377	0,40521672
137,84961	0	-193,98671	-0,30687729	45377	0,40521815
137,97461	0	-194,50645	-0,30924344	45377	0,40521961
138,09961	0	-196,50679	-0,30936277	45377	0,40522107
138,22461	0	-196,83253	-0,31030416	45377	0,40522251
138,34961	0	-195,74117	-0,31106207	45377	0,40522397
138,47461	0	-196,56461	-0,3120124	45377	0,4052254
138,59961	0	-198,2699	-0,31261364	45377	0,40522686
138,72461	0	-198,53484	-0,31393397	45377	0,40522829
138,84961	0	-197,59055	-0,31475303	45377	0,40522975
138,97461	0	-198,46138	-0,31526476	45377	0,40523118
139,09961	0	-200,29004	-0,31724602	45377	0,40523264
139,22461	0	-200,74721	-0,31708786	45377	0,40523407
139,34961	0	-199,28973	-0,31782189	45377	0,40523553
139,47461	0	-200,45932	-0,3186678	45377	0,40523699
139,59961	0	-202,37085	-0,31946447	45377	0,40523842
139,72461	0	-202,29916	-0,31949431	45377	0,40523988
139,84961	0	-201,55276	-0,32031336	45377	0,40524131
139,97461	0	-202,44534	-0,32198131	45377	0,40524277
140,09961	0	-204,44612	-0,32240352	45377	0,4052442
140,22461	0	-204,44762	-0,3233121	45377	0,40524566
140,34961	0	-203,4482	-0,32479951	45377	0,40524709
140,47461	0	-204,48189	-0,32509044	45377	0,40524855
140,59961	0	-206,41174	-0,32625264	45377	0,40524998
140,72461	0	-206,13309	-0,32705677	45377	0,40525144
140,84961	0	-205,1806	-0,32835323	45377	0,4052529
140,97461	0	-206,7187	-0,32830101	45377	0,40525433
141,09961	0	-208,65541	-0,32879037	45377	0,40525579
141,22461	0	-208,12299	-0,33001074	45377	0,40525723
141,34961	0	-207,04817	-0,33139375	45377	0,40525869
141,47461	0	-208,12611	-0,33100286	45377	0,40526012
141,59961	0	-210,10663	-0,33286625	45377	0,40526158
141,72461	0	-210,03586	-0,33327204	45377	0,40526301
141,84961	0	-208,93495	-0,33474752	45377	0,40526447
141,97461	0	-210,32747	-0,3355636	45377	0,4052659
142,09961	0	-212,27937	-0,3366527	45377	0,40526736
142,22461	0	-212,05525	-0,33629316	45377	0,40526882
142,34961	0	-211,08176	-0,33748218	45377	0,40527025
142,47461	0	-212,32497	-0,33775222	45377	0,40527171
142,59961	0	-214,10223	-0,34003335	45377	0,40527314
142,72461	0	-214,00388	-0,33951715	45377	0,4052746
142,84961	0	-212,77364	-0,34119108	45377	0,40527603
142,97461	0	-213,97273	-0,34248456	45377	0,40527749
143,09961	0	-216,006	-0,34242189	45377	0,40527892
143,22461	0	-215,73897	-0,34375864	45377	0,40528038
143,34961	0	-214,75102	-0,34496558	45377	0,40528181
143,47461	0	-216,07275	-0,3466962	45377	0,40528327
143,59961	0	-218,00604	-0,34672156	45377	0,40528473
143,72461	0	-217,91663	-0,34676781	45377	0,40528616
143,84961	0	-216,82109	-0,34820601	45377	0,40528762
143,97461	0	-217,86075	-0,34909219	45377	0,40528905
144,09961	0	-220,15761	-0,34982324	45377	0,40529051
144,22461	0	-220,27518	-0,35001868	45377	0,40529194
144,34961	0	-218,93021	-0,35186267	45377	0,40529341
144,47461	0	-219,75752	-0,35197455	45377	0,40529484
144,59961	0	-222,08643	-0,35450184	45377	0,4052963
144,72461	0	-222,24408	-0,35424972	45377	0,40529773
144,84961	0	-220,85425	-0,35479724	45377	0,40529919
144,97461	0	-221,58871	-0,35539103	45377	0,40530062
145,09961	0	-223,9066	-0,35669941	45377	0,40530208
145,22461	0	-224,1237	-0,35761842	45377	0,40530354
145,34961	0	-222,59813	-0,35807645	45377	0,40530497
145,47461	0	-223,47073	-0,35984883	45377	0,40530643
145,59961	0	-226,05028	-0,35999355	45377	0,40530786
145,72461	0	-226,01988	-0,36073053	45377	0,40530932
145,84961	0	-224,75656	-0,36124972	45377	0,40531075
145,97461	0	-225,24532	-0,36285353	45377	0,40531221
146,09961	0	-227,93379	-0,36310565	45377	0,40531364
146,22461	0	-227,82367	-0,36461249	45377	0,4053151
146,34961	0	-226,70415	-0,36484075	45377	0,40531653
146,47461	0	-227,51164	-0,36687422	45377	0,40531799
146,59961	0	-229,81773	-0,36779022	45377	0,40531945
146,72461	0	-229,94023	-0,36792004	45377	0,40532088
146,84961	0	-228,52029	-0,36948654	45377	0,40532234
146,97461	0	-229,66083	-0,36976999	45377	0,40532377
147,09961	0	-231,46983	-0,37147674	45377	0,40532523
147,22461	0	-231,74312	-0,37232116	45377	0,40532666
147,34961	0	-230,75383	-0,3731969	45377	0,40532812
147,47461	0	-231,77724	-0,37383395	45377	0,40532956
147,59961	0	-233,38135	-0,37361017	45377	0,40533102
147,72461	0	-233,28375	-0,37565109	45377	0,40533245
147,84961	0	-232,71243	-0,37588829	45377	0,40533391
147,97461	0	-233,83435	-0,37608075	45377	0,40533537
148,09961	0	-235,30376	-0,37794116	45377	0,4053368
148,22461	0	-235,36812	-0,377783	45377	0,40533826
148,34961	0	-234,70786	-0,37952256	45377	0,40533969
148,47461	0	-236,04791	-0,38063106	45377	0,40534115
148,59961	0	-237,31242	-0,38204539	45377	0,40534258
148,72461	0	-236,7739	-0,38183799	45377	0,40534404
148,84961	0	-236,54457	-0,38303751	45377	0,40534547
148,97461	0	-238,08327	-0,38459951	45377	0,40534693
149,09961	0	-239,42064	-0,38518584	45377	0,40534836
149,22461	0	-238,71358	-0,3862406	45377	0,40534982
149,34961	0	-238,49036	-0,38741177	45377	0,40535128
149,47461	0	-240,09239	-0,3876251	45377	0,40535271
149,59961	0	-241,30713	-0,38796377	45377	0,40535417
149,72461	0	-240,44585	-0,38963321	45377	0,4053556
149,84961	0	-240,59187	-0,39025086	45377	0,40535706
149,97461	0	-242,35364	-0,39113554	45377	0,40535849
150,09961	0	-243,05861	-0,39175171	45377	0,40535995
150,22461	0	-242,29359	-0,39318544	45377	0,40536138
150,34961	0	-242,37822	-0,39430138	45377	0,40536284
150,47461	0	-244,31151	-0,3951607	45377	0,40536427
150,59961	0	-245,07921	-0,39567244	45377	0,40536574
150,72461	0	-244,1768	-0,3968212	45377	0,4053672
150,84961	0	-244,39584	-0,39829969	45377	0,40536863
150,97461	0	-246,54877	-0,39900088	45377	0,40537009
151,09961	0	-247,25627	-0,39926493	45377	0,40537152
151,22461	0	-245,856	-0,40048981	45377	0,40537298
151,34961	0	-246,33403	-0,40240541	45377	0,40537441
151,47461	0	-248,15883	-0,40249789	45377	0,40537587
151,59961	0	-249,10878	-0,40395251	45377	0,4053773
151,72461	0	-247,8024	-0,4044508	45377	0,40537876
151,84961	0	-248,34555	-0,40440008	45377	0,40538019
151,97461	0	-250,77518	-0,40677369	45377	0,40538165
152,09961	0	-250,82405	-0,40677518	45377	0,40538311
152,22461	0	-249,64268	-0,40878776	45377	0,40538454
152,34961	0	-250,4165	-0,40868482	45377	0,405386
152,47461	0	-252,55423	-0,41030952	45377	0,40538743
152,59961	0	-252,6955	-0,41062132	45377	0,40538889
152,72461	0	-251,70024	-0,41146871	45377	0,40539032
152,84961	0	-252,39717	-0,41221169	45377	0,40539178
152,97461	0	-254,27248	-0,41387516	45377	0,40539321
153,09961	0	-254,2704	-0,4148837	45377	0,40539467
153,22461	0	-253,46291	-0,41555506	45377	0,4053961
153,34961	0	-254,51909	-0,41712901	45377	0,40539756
153,47461	0	-256,61002	-0,41796595	45377	0,40539902
153,59961	0	-256,22455	-0,4184553	45377	0,40540045
153,72461	0	-255,42464	-0,419525	45377	0,40540192
153,84961	0	-256,71164	-0,4207215	45377	0,40540335
153,97461	0	-258,66235	-0,42089754	45377	0,40540481
154,09961	0	-258,33304	-0,42195681	45377	0,40540624
154,22461	0	-257,14795	-0,42408875	45377	0,4054077
154,34961	0	-258,37805	-0,42443785	45377	0,40540913
154,47461	0	-260,52457	-0,42518529	45377	0,40541059
154,59961	0	-260,16394	-0,42615801	45377	0,40541202
154,72461	0	-259,13144	-0,42763051	45377	0,40541348
154,84961	0	-260,18884	-0,42887625	45377	0,40541494
154,97461	0	-262,3425	-0,42906126	45377	0,40541637
155,09961	0	-262,34177	-0,4308933	45377	0,40541783
155,22461	0	-261,07813	-0,43103206	45377	0,40541926
155,34961	0	-262,08368	-0,43194363	45377	0,40542072
155,47461	0	-264,31171	-0,43321025	45377	0,40542215
155,59961	0	-264,35654	-0,43470812	45377	0,40542361
155,72461	0	-263,10724	-0,43420535	45377	0,40542504
155,84961	0	-264,05704	-0,43655211	45377	0,4054265
155,97461	0	-266,14856	-0,43703848	45377	0,40542793
156,09961	0	-266,34317	-0,43769342	45377	0,40542939
156,22461	0	-265,16	-0,43847966	45377	0,40543085
156,34961	0	-265,98538	-0,44100991	45377	0,40543228
156,47461	0	-268,60889	-0,44227356	45377	0,40543374
156,59961	0	-268,70157	-0,44223776	45377	0,40543517
156,72461	0	-266,98318	-0,44236159	45377	0,40543664
156,84961	0	-267,73239	-0,44376844	45377	0,40543807
156,97461	0	-270,06339	-0,44520068	45377	0,40543953
157,09961	0	-270,36588	-0,44638973	45377	0,40544096
157,22461	0	-269,30865	-0,44661203	45377	0,40544242
157,34961	0	-270,11896	-0,44678956	45377	0,40544385
157,47461	0	-271,98267	-0,44965848	45377	0,40544531
157,59961	0	-271,77032	-0,44978082	45377	0,40544677
157,72461	0	-271,17947	-0,45105937	45377	0,4054482
157,84961	0	-272,40689	-0,45293024	45377	0,40544966
157,97461	0	-273,99298	-0,45375675	45377	0,40545109
158,09961	0	-273,66052	-0,45429683	45377	0,40545255
158,22461	0	-273,37933	-0,45451462	45377	0,40545398
158,34961	0	-274,77423	-0,45647499	45377	0,40545544
158,47461	0	-275,59067	-0,45744026	45377	0,40545687
158,59961	0	-275,28461	-0,45783114	45377	0,40545833
158,72461	0	-275,17493	-0,45932007	45377	0,40545976
158,84961	0	-277,09213	-0,46103427	45377	0,40546122
158,97461	0	-277,94373	-0,46242622	45377	0,40546268
159,09961	0	-277,08557	-0,46337506	45377	0,40546411
159,22461	0	-277,18704	-0,46364808	45377	0,40546557
159,34961	0	-278,92242	-0,46609777	45377	0,405467
159,47461	0	-279,80368	-0,46570542	45377	0,40546846
159,59961	0	-278,95001	-0,46713167	45377	0,40546989
159,72461	0	-279,03717	-0,46849677	45377	0,40547135
159,84961	0	-281,2731	-0,46920392	45377	0,40547279
159,97461	0	-281,70834	-0,47113147	45377	0,40547425
160,09961	0	-280,7049	-0,47068688	45377	0,40547568
160,22461	0	-281,27264	-0,47283521	45377	0,40547714
160,34961	0	-283,27045	-0,47377065	45377	0,4054786
160,47461	0	-283,50439	-0,47418541	45377	0,40548003
160,59961	0	-282,21066	-0,4763203	45377	0,40548149
160,72461	0	-283,37057	-0,47708863	45377	0,40548292
160,84961	0	-285,2146	-0,47876406	45377	0,40548438
160,97461	0	-285,36584	-0,47938618	45377	0,40548581
161,09961	0	-284,3548	-0,48031265	45377	0,40548727
161,22461	0	-285,44644	-0,48103473	45377	0,4054887
161,34961	0	-287,42831	-0,48223123	45377	0,40549016
161,47461	0	-287,09616	-0,48373657	45377	0,40549159
161,59961	0	-286,25232	-0,4839156	45377	0,40549305
161,72461	0	-287,56467	-0,48528516	45377	0,40549451
161,84961	0	-289,2294	-0,48681885	45377	0,40549594
161,97461	0	-289,2662	-0,48742306	45377	0,4054974
162,09961	0	-287,95432	-0,48761702	45377	0,40549883
162,22461	0	-289,10364	-0,49035466	45377	0,40550029
162,34961	0	-291,31827	-0,49198979	45377	0,40550172
162,47461	0	-291,14557	-0,49263281	45377	0,40550318
162,59961	0	-289,99548	-0,49365327	45377	0,40550461
162,72461	0	-291,24881	-0,49429777	45377	0,40550607
162,84961	0	-293,2645	-0,49575385	45377	0,4055075
162,97461	0	-293,19193	-0,49597764	45377	0,40550897
163,09961	0	-291,94052	-0,49811703	45377	0,40551043
163,22461	0	-292,63895	-0,49982825	45377	0,40551186
163,34961	0	-294,99347	-0,49943587	45377	0,40551332
163,47461	0	-295,34262	-0,50145292	45377	0,40551475
163,59961	0	-293,9288	-0,50242269	45377	0,40551621
163,72461	0	-294,57297	-0,50355649	45377	0,40551764
163,84961	0	-296,67642	-0,5051409	45377	0,4055191
163,97461	0	-296,96207	-0,50496042	45377	0,40552053
164,09961	0	-295,90991	-0,506145	45377	0,40552199
164,22461	0	-296,99725	-0,50814861	45377	0,40552342
164,34961	0	-298,97046	-0,5097912	45377	0,40552488
164,47461	0	-298,90088	-0,51000601	45377	0,40552634
164,59961	0	-298,01245	-0,51110256	45377	0,40552777
164,72461	0	-299,51031	-0,51220953	45377	0,40552923
164,84961	0	-300,62747	-0,5144459	45377	0,40553066
164,97461	0	-300,08893	-0,51520979	45377	0,40553212
165,09961	0	-299,94363	-0,51573491	45377	0,40553355
165,22461	0	-301,51138	-0,51758641	45377	0,40553501
165,34961	0	-302,66431	-0,51818615	45377	0,40553644
165,47461	0	-301,92685	-0,51880825	45377	0,4055379
165,59961	0	-301,95395	-0,52056122	45377	0,40553933
165,72461	0	-303,65628	-0,5235883	45377	0,40554079
165,84961	0	-304,71887	-0,5234496	45377	0,40554225
165,97461	0	-303,7178	-0,5247699	45377	0,40554368
166,09961	0	-303,97681	-0,52719724	45377	0,40554515
166,22461	0	-305,92065	-0,52775669	45377	0,40554658
166,34961	0	-306,45053	-0,52818191	45377	0,40554804
166,47461	0	-305,32147	-0,52999157	45377	0,40554947
166,59961	0	-305,87894	-0,53072113	45377	0,40555093
166,72461	0	-308,12573	-0,53145963	45377	0,40555236
166,84961	0	-308,19873	-0,53359002	45377	0,40555382
166,97461	0	-307,10379	-0,53379595	45377	0,40555525
167,09961	0	-308,3783	-0,53567868	45377	0,40555671
167,22461	0	-310,37119	-0,53690654	45377	0,40555817
167,34961	0	-310,22858	-0,53829402	45377	0,4055596
167,47461	0	-309,11322	-0,5392369	45377	0,40556106
167,59961	0	-310,28549	-0,54111373	45377	0,40556249
167,72461	0	-312,18481	-0,54268318	45377	0,40556395
167,84961	0	-311,90674	-0,54336798	45377	0,40556538
167,97461	0	-310,84265	-0,54344261	45377	0,40556684
168,09961	0	-312,04474	-0,54640102	45377	0,40556827
168,22461	0	-314,08157	-0,54747969	45377	0,40556973
168,34961	0	-313,98874	-0,54852998	45377	0,40557116
168,47461	0	-312,96011	-0,54986674	45377	0,40557262
168,59961	0	-314,07278	-0,55122882	45377	0,40557408
168,72461	0	-316,19785	-0,55235672	45377	0,40557551
168,84961	0	-316,31735	-0,55496156	45377	0,40557697
168,97461	0	-314,89667	-0,55461842	45377	0,4055784
169,09961	0	-315,73917	-0,55684137	45377	0,40557986
169,22461	0	-317,8663	-0,55833924	45377	0,4055813
169,34961	0	-318,19043	-0,5587182	45377	0,40558276
169,47461	0	-316,83768	-0,56017429	45377	0,40558419
169,59961	0	-317,75531	-0,56223458	45377	0,40558565
169,72461	0	-320,07376	-0,56344157	45377	0,40558708
169,84961	0	-319,99881	-0,56573611	45377	0,40558854
169,97461	0	-318,95349	-0,56598377	45377	0,40559
170,09961	0	-320,21356	-0,56794858	45377	0,40559143
170,22461	0	-321,50949	-0,5692988	45377	0,40559289
170,34961	0	-321,29568	-0,57095927	45377	0,40559432
170,47461	0	-320,73956	-0,57154262	45377	0,40559578
170,59961	0	-322,23578	-0,57393712	45377	0,40559721
170,72461	0	-323,68134	-0,57525295	45377	0,40559867
170,84961	0	-323,14774	-0,57650918	45377	0,4056001
170,97461	0	-323,05475	-0,5786202	45377	0,40560156
171,09961	0	-324,46695	-0,57964218	45377	0,40560299
171,22461	0	-325,52893	-0,57997781	45377	0,40560445
171,34961	0	-324,67929	-0,58141303	45377	0,40560591
171,47461	0	-324,68076	-0,58322573	45377	0,40560734
171,59961	0	-326,68079	-0,5846296	45377	0,4056088
171,72461	0	-327,56845	-0,5865258	45377	0,40561023
171,84961	0	-326,56726	-0,58794308	45377	0,40561169
171,97461	0	-326,84247	-0,59013325	45377	0,40561312
172,09961	0	-328,88571	-0,59251279	45377	0,40561458
172,22461	0	-329,47134	-0,59332889	45377	0,40561602
172,34961	0	-328,29044	-0,59404796	45377	0,40561748
172,47461	0	-328,82626	-0,59558016	45377	0,40561891
172,59961	0	-330,83704	-0,59826857	45377	0,40562037
172,72461	0	-331,07187	-0,59916073	45377	0,40562183
172,84961	0	-330,09167	-0,6006273	45377	0,40562326
172,97461	0	-330,90646	-0,60258019	45377	0,40562472
173,09961	0	-332,82605	-0,60459274	45377	0,40562615
173,22461	0	-332,99622	-0,60540587	45377	0,40562761
173,34961	0	-332,0658	-0,60589671	45377	0,40562904
173,47461	0	-333,28397	-0,6088596	45377	0,4056305
173,59961	0	-335,18713	-0,6108349	45377	0,40563193
173,72461	0	-334,78391	-0,61199111	45377	0,40563339
173,84961	0	-333,65262	-0,61360085	45377	0,40563482
173,97461	0	-334,85364	-0,61525095	45377	0,40563628
174,09961	0	-336,9176	-0,61713821	45377	0,40563774
174,22461	0	-336,91595	-0,61833918	45377	0,40563917
174,34961	0	-335,69003	-0,61995786	45377	0,40564063
174,47461	0	-336,6069	-0,62234044	45377	0,40564206
174,59961	0	-338,82614	-0,6238935	45377	0,40564352
174,72461	0	-338,7558	-0,6253705	45377	0,40564495
174,84961	0	-337,66458	-0,62692058	45377	0,40564641
174,97461	0	-338,45093	-0,62975669	45377	0,40564784
175,09961	0	-340,81293	-0,63122922	45377	0,4056493
175,22461	0	-341,0798	-0,63266891	45377	0,40565073
175,34961	0	-339,61395	-0,63368785	45377	0,4056522
175,47461	0	-340,25098	-0,63752204	45377	0,40565366
175,59961	0	-342,4808	-0,63873798	45377	0,40565509
175,72461	0	-342,68451	-0,63939887	45377	0,40565655
175,84961	0	-341,43475	-0,64002848	45377	0,40565798
175,97461	0	-342,49539	-0,64440423	45377	0,40565944
176,09961	0	-344,64743	-0,6452561	45377	0,40566087
176,22461	0	-344,69318	-0,64694792	45377	0,40566233
176,34961	0	-343,78076	-0,64943343	45377	0,40566376
176,47461	0	-344,67978	-0,65137589	45377	0,40566522
176,59961	0	-346,61111	-0,65364361	45377	0,40566665
176,72461	0	-346,49606	-0,65602618	45377	0,40566811
176,84961	0	-345,79288	-0,65748227	45377	0,40566957
176,97461	0	-347,03503	-0,65984839	45377	0,405671
177,09961	0	-348,45737	-0,66179091	45377	0,40567246
177,22461	0	-347,90692	-0,66310227	45377	0,40567389
177,34961	0	-347,6825	-0,66678578	45377	0,40567535
177,47461	0	-349,13937	-0,66793603	45377	0,40567678
177,59961	0	-350,147	-0,66991878	45377	0,40567824
177,72461	0	-349,68671	-0,67188209	45377	0,40567967
177,84961	0	-349,56555	-0,67520756	45377	0,40568113
177,97461	0	-351,2373	-0,6777662	45377	0,40568256
178,09961	0	-352,17593	-0,67874336	45377	0,40568402
178,22461	0	-351,30438	-0,68054116	45377	0,40568548
178,34961	0	-351,52625	-0,6839546	45377	0,40568691
178,47461	0	-353,2074	-0,68635356	45377	0,40568838
178,59961	0	-354,26761	-0,68897784	45377	0,40568981
178,72461	0	-353,15359	-0,69084424	45377	0,40569127
178,84961	0	-353,34732	-0,69419354	45377	0,4056927
178,97461	0	-355,26108	-0,69710577	45377	0,40569416
179,09961	0	-356,26273	-0,69915861	45377	0,40569559
179,22461	0	-354,81256	-0,70120847	45377	0,40569705
179,34961	0	-355,18478	-0,70492482	45377	0,40569848
179,47461	0	-357,58939	-0,70742524	45377	0,40569994
179,59961	0	-357,75671	-0,70961237	45377	0,4057014
179,72461	0	-356,77756	-0,71179056	45377	0,40570283
179,84961	0	-357,54422	-0,71525478	45377	0,40570429
179,97461	0	-359,41016	-0,71893084	45377	0,40570572
180,09961	0	-359,61609	-0,72210407	45377	0,40570718
180,22461	0	-358,71323	-0,72437328	45377	0,40570861
180,34961	0	-359,28125	-0,72839397	45377	0,40571007
180,47461	0	-361,54355	-0,73184472	45377	0,4057115
180,59961	0	-361,34195	-0,73510158	45377	0,40571296
180,72461	0	-360,00174	-0,73781234	45377	0,40571439
180,84961	0	-360,91769	-0,7421568	45377	0,40571585
180,97461	0	-363,23544	-0,74601185	45377	0,40571731
181,09961	0	-362,9325	-0,74980426	45377	0,40571874
181,22461	0	-361,79987	-0,75453961	45377	0,4057202
181,34961	0	-363,02832	-0,75955838	45377	0,40572163
181,47461	0	-364,94519	-0,7633791	45377	0,40572309
181,59961	0	-364,5907	-0,76840383	45377	0,40572453
181,72461	0	-363,10995	-0,77300489	45377	0,40572599
181,84961	0	-364,0322	-0,77960062	45377	0,40572742
181,97461	0	-365,74597	-0,78645438	45377	0,40572888
182,09961	0	-365,16513	-0,79372001	45377	0,40573031
182,22461	0	-363,13113	-0,80215967	45377	0,40573177
182,34961	0	-362,75488	-0,81432766	45377	0,40573323
182,47461	0	-362,27567	-0,82866782	45377	0,40573466
182,59961	0	-304,70709	-0,78031224	45377	0,40573612
182,72461	0	-165,60744	-0,60054821	45377	0,40573755
182,84961	0	-70,727432	-0,4266369	45377	0,40573901
182,97461	0	-11,361799	-0,25181258	45377	0,40574044
183,09961	0	-0,0169487	-0,073501654	45377	0,4057419
183,22461	0	1,8372028	0,10416327	45377	0,40574333
183,34961	0	1,6139834	0,28376022	45377	0,40574479
183,47461	0	-0,32525373	0,46105665	45377	0,40574622
183,59961	0	-0,16357613	0,63912886	45377	0,40574768
183,72461	0	1,8296032	0,81706828	45377	0,40574914
183,84961	0	1,5947609	0,99470484	45377	0,40575057
183,97461	0	-0,069847822	1,1718954	45377	0,40575203
184,09961	0	0,26840854	1,3502048	45377	0,40575346
184,22461	0	1,6440837	1,5284128	45377	0,40575492
184,34961	0	1,2086718	1,7055496	45377	0,40575635
184,47461	0	-0,42449546	1,8837829	45377	0,40575781
