MTS793|MPT|DEU|1|2|,|.|:|49|1|1|A

Bediener Information						Zeit:	19,228516	s	04.07.2023 09:21:58
Datum	4.7.2023
Probe	Pittrich TP2_CEM I_420_oF 06.06.23 Probe 3 Druck
Prüfer: 	Be
Masse	5376,5
Länge	299,2
Durchmesser	99,2
Bediener Information Ende

Datenerfassung						Zeit:	103,67578	s	04.07.2023 09:23:22
Ch 1 Weg	Ch 1 Kraft
mm	kN
0,96192545	0,16140752
-1,0526822	-274,04984

Datenerfassung						Zeit:	103,68066	s	04.07.2023 09:23:22
Datum	Tageszeit	Laufzeit	Ch 1 Kraft Sollwert	Ch 1 Kraft	Ch 1 Weg
d	d	s	kN	kN	mm
45111	0,42768005	31,555664	-1,7579101	-1,8158927	-0,0024044886
45111	0,42768234	31,755859	-2,538672	-2,2467115	-0,005513127
45111	0,42768466	31,956055	-3,3194337	-2,7618856	-0,0090461923
45111	0,42768699	32,15625	-4,1001954	-3,8681571	-0,016084105
45111	0,42768931	32,356445	-4,8809571	-5,0404129	-0,023194635
45111	0,42769161	32,556641	-5,6617188	-5,6934209	-0,027479744
45111	0,42769393	32,756836	-6,4424806	-6,4468794	-0,031449668
45111	0,42769626	32,957031	-7,2232423	-7,1039143	-0,035202596
45111	0,42769858	33,157227	-8,0040045	-7,8827229	-0,038682714
45111	0,42770088	33,357422	-8,7847662	-8,6893702	-0,043016788
45111	0,4277032	33,557617	-9,5655279	-9,6291475	-0,047046505
45111	0,42770553	33,757813	-10,34629	-10,457959	-0,051217176
45111	0,42770782	33,958008	-11,127051	-11,380356	-0,055240236
45111	0,42771015	34,158203	-11,907813	-12,203188	-0,058167312
45111	0,42771247	34,358398	-12,688575	-12,918534	-0,061766386
45111	0,42771479	34,558594	-13,469337	-13,759971	-0,065013826
45111	0,42771709	34,758789	-14,250098	-14,503348	-0,068289399
45111	0,42771941	34,958984	-15,03086	-15,295905	-0,071456097
45111	0,42772174	35,15918	-15,811622	-16,046616	-0,074297853
45111	0,42772406	35,359375	-16,592382	-16,872673	-0,07785739
45111	0,42772636	35,55957	-17,373144	-17,620485	-0,080006279
45111	0,42772868	35,759766	-18,153906	-18,384382	-0,083250947
45111	0,42773101	35,959961	-18,934668	-19,166016	-0,085872158
45111	0,42773333	36,160156	-19,715429	-19,990404	-0,089134753
45111	0,42773563	36,360352	-20,496191	-20,734926	-0,091485076
45111	0,42773795	36,560547	-21,276953	-21,500589	-0,093947813
45111	0,42774028	36,760742	-22,057714	-22,334354	-0,097153105
45111	0,4277426	36,960938	-22,838476	-23,049616	-0,099810839
45111	0,4277449	37,161133	-23,619238	-23,878414	-0,10241361
45111	0,42774722	37,361328	-24,400002	-24,608307	-0,10478556
45111	0,42774954	37,561523	-25,180763	-25,430723	-0,10766669
45111	0,42775187	37,761719	-25,961525	-26,15826	-0,11026595
45111	0,42775416	37,961914	-26,742287	-27,02841	-0,11307257
45111	0,42775649	38,162109	-27,523048	-27,692974	-0,11565402
45111	0,42775881	38,362305	-28,30381	-28,544479	-0,1180506
45111	0,42776114	38,5625	-29,084572	-29,249128	-0,12041817
45111	0,42776343	38,762695	-29,865334	-30,104677	-0,12323875
45111	0,42776576	38,962891	-30,646095	-30,807262	-0,1257195
45111	0,42776808	39,163086	-31,426857	-31,627705	-0,1282749
45111	0,42777041	39,363281	-32,207619	-32,404785	-0,13070455
45111	0,4277727	39,563477	-32,98838	-33,19878	-0,13331035
45111	0,42777503	39,763672	-33,769142	-33,912281	-0,13550703
45111	0,42777735	39,963867	-34,549904	-34,73761	-0,13826635
45111	0,42777967	40,164063	-35,330666	-35,50877	-0,14005804
45111	0,42778197	40,364258	-36,111427	-36,291435	-0,14282478
45111	0,42778429	40,564453	-36,892189	-37,049385	-0,14503197
45111	0,42778662	40,764648	-37,672951	-37,863743	-0,14773455
45111	0,42778894	40,964844	-38,453712	-38,594482	-0,14979498
45111	0,42779124	41,165039	-39,234474	-39,390881	-0,15229987
45111	0,42779356	41,365234	-40,015236	-40,176834	-0,15445703
45111	0,42779589	41,56543	-40,795998	-40,968319	-0,15733883
45111	0,42779821	41,765625	-41,576759	-41,742405	-0,15970659
45111	0,42780051	41,96582	-42,357521	-42,514942	-0,16179743
45111	0,42780283	42,166016	-43,138283	-43,2943	-0,16396745
45111	0,42780516	42,366211	-43,919044	-44,091278	-0,16683865
45111	0,42780748	42,566406	-44,699806	-44,837051	-0,16855592
45111	0,42780977	42,766602	-45,480568	-45,653912	-0,17119083
45111	0,4278121	42,966797	-46,26133	-46,399113	-0,1734664
45111	0,42781442	43,166992	-47,042091	-47,204681	-0,17590119
45111	0,42781675	43,367188	-47,822853	-47,962067	-0,17801251
45111	0,42781904	43,567383	-48,603615	-48,763687	-0,18006925
45111	0,42782137	43,767578	-49,384377	-49,522854	-0,18199748
45111	0,42782369	43,967773	-50,165138	-50,308941	-0,18425073
45111	0,42782602	44,167969	-50,9459	-51,11451	-0,18713352
45111	0,42782831	44,368164	-51,726662	-51,858364	-0,1890357
45111	0,42783064	44,568359	-52,507423	-52,623749	-0,19157226
45111	0,42783296	44,768555	-53,288185	-53,432537	-0,19411175
45111	0,42783529	44,96875	-54,068947	-54,178074	-0,19576809
45111	0,42783758	45,168945	-54,849709	-55,030209	-0,19837753
45111	0,42783991	45,369141	-55,63047	-55,724239	-0,20063731
45111	0,42784223	45,569336	-56,411232	-56,573273	-0,20304969
45111	0,42784455	45,769531	-57,191994	-57,269871	-0,20473474
45111	0,42784685	45,969727	-57,972755	-58,13205	-0,20728828
45111	0,42784917	46,169922	-58,753517	-58,87109	-0,20902875
45111	0,4278515	46,370117	-59,534279	-59,688946	-0,21162137
45111	0,42785382	46,570313	-60,315041	-60,423306	-0,21350932
45111	0,42785612	46,770508	-61,095802	-61,232086	-0,21590197
45111	0,42785844	46,970703	-61,876564	-61,982418	-0,21822859
45111	0,42786077	47,170898	-62,657326	-62,776402	-0,22022834
45111	0,42786309	47,371094	-63,438087	-63,584206	-0,22215095
45111	0,42786539	47,571289	-64,218849	-64,319839	-0,2237995
45111	0,42786771	47,771484	-64,999611	-65,134018	-0,22636485
45111	0,42787004	47,97168	-65,780373	-65,872765	-0,22893408
45111	0,42787236	48,171875	-66,561134	-66,706436	-0,23089603
45111	0,42787465	48,37207	-67,341896	-67,45784	-0,23330109
45111	0,42787698	48,572266	-68,122658	-68,254128	-0,23525321
45111	0,4278793	48,772461	-68,903419	-69,016098	-0,23717287
45111	0,42788163	48,972656	-69,684181	-69,815865	-0,23957302
45111	0,42788392	49,172852	-70,464943	-70,549438	-0,24166217
45111	0,42788625	49,373047	-71,245705	-71,355133	-0,24349874
45111	0,42788857	49,573242	-72,026466	-72,179085	-0,24611823
45111	0,4278909	49,773438	-72,807228	-72,875305	-0,24782659
45111	0,42789319	49,973633	-73,58799	-73,728638	-0,25007114
45111	0,42789552	50,173828	-74,368752	-74,425941	-0,2521404
45111	0,42789784	50,374023	-75,149513	-75,29007	-0,25392058
45111	0,42790017	50,574219	-75,930275	-76,003693	-0,25596723
45111	0,42790246	50,774414	-76,711037	-76,848312	-0,2582925
45111	0,42790478	50,974609	-77,491798	-77,61116	-0,2605207
45111	0,42790711	51,174805	-78,27256	-78,340485	-0,26221773
45111	0,42790943	51,375	-79,053322	-79,193848	-0,26430002
45111	0,42791173	51,575195	-79,834084	-79,912132	-0,26635018
45111	0,42791405	51,775391	-80,614845	-80,769547	-0,2683385
45111	0,42791638	51,975586	-81,395607	-81,464294	-0,27076057
45111	0,4279187	52,175781	-82,176369	-82,315361	-0,27297896
45111	0,427921	52,375977	-82,95713	-83,042511	-0,27485937
45111	0,42792332	52,576172	-83,737892	-83,842628	-0,27644527
45111	0,42792565	52,776367	-84,518654	-84,559723	-0,27883089
45111	0,42792797	52,976563	-85,299416	-85,409203	-0,28080532
45111	0,42793027	53,176758	-86,080177	-86,142868	-0,28272024
45111	0,42793259	53,376953	-86,860939	-86,990784	-0,28514639
45111	0,42793491	53,577148	-87,641701	-87,691788	-0,28687498
45111	0,42793724	53,777344	-88,422462	-88,553505	-0,28919607
45111	0,42793953	53,977539	-89,203224	-89,232941	-0,29150692
45111	0,42794186	54,177734	-89,983986	-90,108215	-0,29306987
45111	0,42794418	54,37793	-90,764748	-90,803139	-0,295008
45111	0,42794651	54,578125	-91,545509	-91,674332	-0,29704246
45111	0,4279488	54,77832	-92,326271	-92,366486	-0,29908776
45111	0,42795113	54,978516	-93,107033	-93,224419	-0,30135816
45111	0,42795345	55,178711	-93,887794	-93,915543	-0,30303124
45111	0,42795578	55,378906	-94,668556	-94,769974	-0,30500972
45111	0,42795807	55,579102	-95,449318	-95,482864	-0,30704883
45111	0,4279604	55,779297	-96,23008	-96,330406	-0,3093392
45111	0,42796272	55,979492	-97,010841	-97,049492	-0,3109214
45111	0,42796504	56,179688	-97,791603	-97,918671	-0,31353122
45111	0,42796734	56,379883	-98,572365	-98,585953	-0,3148981
45111	0,42796966	56,580078	-99,353127	-99,46048	-0,3176212
45111	0,42797199	56,780273	-100,13389	-100,14275	-0,31893966
45111	0,42797431	56,980469	-100,91465	-100,98925	-0,32094637
45111	0,42797661	57,180664	-101,69541	-101,70177	-0,32340044
45111	0,42797893	57,380859	-102,47617	-102,56317	-0,32554156
45111	0,42798126	57,581055	-103,25694	-103,30072	-0,32677037
45111	0,42798358	57,78125	-104,0377	-104,10624	-0,32945791
45111	0,42798588	57,981445	-104,81846	-104,85963	-0,33116344
45111	0,4279882	58,181641	-105,59922	-105,67203	-0,33339295
45111	0,42799053	58,381836	-106,37998	-106,42461	-0,33528358
45111	0,42799285	58,582031	-107,16074	-107,22421	-0,33751762
45111	0,42799515	58,782227	-107,94151	-107,96912	-0,33951059
45111	0,42799747	58,982422	-108,72227	-108,78418	-0,34125766
45111	0,42799979	59,182617	-109,50303	-109,51998	-0,3433322
45111	0,42800212	59,382813	-110,28379	-110,36526	-0,34534568
45111	0,42800441	59,583008	-111,06455	-111,07197	-0,3474341
45111	0,42800674	59,783203	-111,84531	-111,9105	-0,34991875
45111	0,42800906	59,983398	-112,62608	-112,61575	-0,35136041
45111	0,42801139	60,183594	-113,40684	-113,46866	-0,35328364
45111	0,42801368	60,383789	-114,1876	-114,1892	-0,35566548
45111	0,42801601	60,583984	-114,96836	-115,03069	-0,35725272
45111	0,42801833	60,78418	-115,74912	-115,77818	-0,35963309
45111	0,42802063	60,984375	-116,52988	-116,5928	-0,36169219
45111	0,42802295	61,18457	-117,31065	-117,34325	-0,36334869
45111	0,42802528	61,384766	-118,09141	-118,08199	-0,36528873
45111	0,4280276	61,584961	-118,87217	-118,87846	-0,36737648
45111	0,42802989	61,785156	-119,65293	-119,62303	-0,36928287
45111	0,42803222	61,985352	-120,43369	-120,44674	-0,37129176
45111	0,42803454	62,185547	-121,21445	-121,1918	-0,37338245
45111	0,42803687	62,385742	-121,99522	-122,05803	-0,37553975
45111	0,42803916	62,585938	-122,77598	-122,76819	-0,37730271
45111	0,42804149	62,786133	-123,55674	-123,58827	-0,37977007
45111	0,42804381	62,986328	-124,3375	-124,33123	-0,38117823
45111	0,42804614	63,186523	-125,11826	-125,14516	-0,38371184
45111	0,42804843	63,386719	-125,89902	-125,88875	-0,38549361
45111	0,42805076	63,586914	-126,67979	-126,69367	-0,38740891
45111	0,42805308	63,787109	-127,46055	-127,4648	-0,38986057
45111	0,42805541	63,987305	-128,24132	-128,21895	-0,39181036
45111	0,4280577	64,1875	-129,02208	-129,0504	-0,39364517
45111	0,42806002	64,387695	-129,80284	-129,80331	-0,39568958
45111	0,42806235	64,587891	-130,5836	-130,61444	-0,3977291
45111	0,42806467	64,788086	-131,36436	-131,34282	-0,39979205
45111	0,42806697	64,988281	-132,14513	-132,1886	-0,40217307
45111	0,42806929	65,188477	-132,92589	-132,88986	-0,40397879
45111	0,42807162	65,388672	-133,70665	-133,74916	-0,40633771
45111	0,42807394	65,588867	-134,48741	-134,46588	-0,40804845
45111	0,42807624	65,789063	-135,26817	-135,33005	-0,41046432
45111	0,42807856	65,989258	-136,04893	-136,04648	-0,41218001
45111	0,42808089	66,189453	-136,8297	-136,87541	-0,4142735
45111	0,42808321	66,389648	-137,61046	-137,62448	-0,41646531
45111	0,42808551	66,589844	-138,39122	-138,42523	-0,41811219
45111	0,42808783	66,790039	-139,17198	-139,20695	-0,42074838
45111	0,42809016	66,990234	-139,95274	-139,96466	-0,42220259
45111	0,42809248	67,19043	-140,73351	-140,73582	-0,42472365
45111	0,42809477	67,390625	-141,51427	-141,49457	-0,42624462
45111	0,4280971	67,59082	-142,29503	-142,32672	-0,42849502
45111	0,42809942	67,791016	-143,07579	-143,06073	-0,43029922
45111	0,42810175	67,991211	-143,85655	-143,89691	-0,43294299
45111	0,42810404	68,191406	-144,63731	-144,60902	-0,4345071
45111	0,42810637	68,391602	-145,41808	-145,47255	-0,43694827
45111	0,42810869	68,591797	-146,19884	-146,20451	-0,43898708
45111	0,42811102	68,791992	-146,9796	-147,0208	-0,44110477
45111	0,42811331	68,992188	-147,76036	-147,7645	-0,44308367
45111	0,42811564	69,192383	-148,54112	-148,52475	-0,44519418
45111	0,42811796	69,392578	-149,32188	-149,32567	-0,44712409
45111	0,42812029	69,592773	-150,10265	-150,07507	-0,44912699
45111	0,42812258	69,792969	-150,88341	-150,91003	-0,45145351
45111	0,4281249	69,993164	-151,66417	-151,63202	-0,45361042
45111	0,42812723	70,193359	-152,44493	-152,50063	-0,45555934
45111	0,42812955	70,393555	-153,22569	-153,25114	-0,45728785
45111	0,42813185	70,59375	-154,00645	-154,03427	-0,45983198
45111	0,42813417	70,793945	-154,78722	-154,77902	-0,46166974
45111	0,4281365	70,994141	-155,56798	-155,59262	-0,46378142
45111	0,42813882	71,194336	-156,34874	-156,35522	-0,4659
45111	0,42814112	71,394531	-157,1295	-157,16772	-0,46866518
45111	0,42814344	71,594727	-157,91026	-157,91678	-0,47021165
45111	0,42814577	71,794922	-158,69102	-158,71423	-0,47230422
45111	0,42814809	71,995117	-159,47179	-159,4892	-0,47477669
45111	0,42815039	72,195313	-160,25255	-160,27199	-0,47668824
45111	0,42815271	72,395508	-161,03331	-161,07646	-0,47912163
45111	0,42815503	72,595703	-161,81407	-161,76924	-0,4807775
45111	0,42815736	72,795898	-162,59483	-162,61586	-0,48355919
45111	0,42815965	72,996094	-163,3756	-163,34166	-0,4854019
45111	0,42816198	73,196289	-164,15636	-164,17606	-0,48771134
45111	0,4281643	73,396484	-164,93712	-164,91299	-0,48973656
45111	0,42816663	73,59668	-165,71788	-165,71346	-0,49194184
45111	0,42816892	73,796875	-166,49864	-166,49982	-0,49409074
45111	0,42817125	73,99707	-167,2794	-167,28766	-0,49627897
45111	0,42817357	74,197266	-168,06017	-168,09132	-0,49861571
45111	0,4281759	74,397461	-168,84093	-168,82678	-0,50077897
45111	0,42817819	74,597656	-169,62169	-169,65118	-0,50274312
45111	0,42818052	74,797852	-170,40245	-170,39511	-0,50501156
45111	0,42818284	74,998047	-171,18321	-171,21906	-0,50730962
45111	0,42818516	75,198242	-171,96397	-171,93124	-0,50944585
45111	0,42818746	75,398438	-172,74474	-172,76028	-0,51173544
45111	0,42818978	75,598633	-173,5255	-173,48552	-0,51362818
45111	0,42819211	75,798828	-174,30626	-174,33861	-0,51609039
45111	0,42819443	75,999023	-175,08702	-175,05702	-0,51832974
45111	0,42819673	76,199219	-175,86778	-175,87357	-0,52068353
45111	0,42819905	76,399414	-176,64854	-176,604	-0,52279806
45111	0,42820138	76,599609	-177,42931	-177,44467	-0,52488875
45111	0,4282037	76,799805	-178,21007	-178,17767	-0,52735758
45111	0,428206	77	-178,99083	-178,94562	-0,52951002
45111	0,42820832	77,200195	-179,77159	-179,80157	-0,53167361
45111	0,42821065	77,400391	-180,55235	-180,49152	-0,5341199
45111	0,42821297	77,600586	-181,33311	-181,33479	-0,5367046
45111	0,42821527	77,800781	-182,11388	-182,0435	-0,53850168
45111	0,42821759	78,000977	-182,89464	-182,91222	-0,54103351
45111	0,42821991	78,201172	-183,6754	-183,61099	-0,54326171
45111	0,42822224	78,401367	-184,45616	-184,48726	-0,54586339
45111	0,42822453	78,601563	-185,23692	-185,17619	-0,5478555
45111	0,42822686	78,801758	-186,01768	-185,99043	-0,54993606
45111	0,42822918	79,001953	-186,79845	-186,74687	-0,55254394
45111	0,42823151	79,202148	-187,57921	-187,54114	-0,55473846
45111	0,4282338	79,402344	-188,35997	-188,31776	-0,55711895
45111	0,42823613	79,602539	-189,14073	-189,07654	-0,55947798
45111	0,42823845	79,802734	-189,92149	-189,87534	-0,56187177
45111	0,42824078	80,00293	-190,70226	-190,62003	-0,56422669
45111	0,42824307	80,203125	-191,48302	-191,46289	-0,56642199
45111	0,4282454	80,40332	-192,26378	-192,18951	-0,56869888
45111	0,42824772	80,603516	-193,04454	-193,04088	-0,571419
45111	0,42825004	80,803711	-193,8253	-193,77411	-0,57370615
45111	0,42825234	81,003906	-194,60606	-194,60471	-0,57652891
45111	0,42825466	81,204102	-195,38683	-195,3315	-0,57852769
45111	0,42825699	81,404297	-196,16759	-196,14803	-0,58096719
45111	0,42825931	81,604492	-196,94835	-196,92139	-0,58356887
45111	0,42826161	81,804688	-197,72911	-197,67177	-0,58623177
45111	0,42826393	82,004883	-198,50987	-198,51617	-0,58841854
45111	0,42826626	82,205078	-199,29063	-199,20844	-0,59067863
45111	0,42826858	82,405273	-200,0714	-200,10431	-0,59354579
45111	0,42827088	82,605469	-200,85216	-200,79906	-0,59543997
45111	0,4282732	82,805664	-201,63292	-201,66267	-0,59848917
45111	0,42827553	83,005859	-202,41368	-202,35324	-0,60035914
45111	0,42827785	83,206055	-203,19444	-203,20805	-0,60363817
45111	0,42828014	83,40625	-203,9752	-203,93179	-0,60557902
45111	0,42828247	83,606445	-204,75597	-204,76389	-0,60810226
45111	0,42828479	83,806641	-205,53673	-205,48843	-0,61040539
45111	0,42828712	84,006836	-206,31749	-206,33815	-0,6136539
45111	0,42828941	84,207031	-207,09825	-207,03719	-0,61602563
45111	0,42829174	84,407227	-207,87901	-207,89317	-0,61862773
45111	0,42829406	84,607422	-208,65977	-208,57753	-0,62113518
45111	0,42829639	84,807617	-209,44054	-209,46667	-0,62397367
45111	0,42829868	85,007813	-210,2213	-210,1591	-0,62582594
45111	0,42830101	85,208008	-211,00206	-211,03485	-0,62912065
45111	0,42830333	85,408203	-211,78282	-211,71608	-0,63098246
45111	0,42830566	85,608398	-212,56358	-212,56094	-0,63453883
45111	0,42830795	85,808594	-213,34435	-213,26749	-0,63661939
45111	0,42831028	86,008789	-214,12511	-214,15556	-0,63978487
45111	0,4283126	86,208984	-214,90587	-214,84087	-0,64182132
45111	0,42831492	86,40918	-215,68663	-215,69339	-0,64512575
45111	0,42831722	86,609375	-216,46739	-216,38419	-0,64739156
45111	0,42831954	86,80957	-217,24815	-217,25502	-0,6503225
45111	0,42832187	87,009766	-218,02892	-217,95102	-0,65252203
45111	0,42832419	87,209961	-218,80968	-218,80873	-0,65587533
45111	0,42832649	87,410156	-219,59044	-219,52394	-0,65851301
45111	0,42832881	87,610352	-220,3712	-220,38612	-0,66150111
45111	0,42833114	87,810547	-221,15196	-221,06482	-0,66408926
45111	0,42833343	88,010742	-221,93272	-221,94176	-0,66688156
45111	0,42833576	88,210938	-222,71349	-222,632	-0,67008162
45111	0,42833808	88,411133	-223,49425	-223,47824	-0,67311245
45111	0,42834041	88,611328	-224,27501	-224,20203	-0,67528349
45111	0,4283427	88,811523	-225,05577	-225,07155	-0,67871052
45111	0,42834502	89,011719	-225,83653	-225,76286	-0,68121696
45111	0,42834735	89,211914	-226,61729	-226,61314	-0,68443823
45111	0,42834967	89,412109	-227,39806	-227,32889	-0,68692064
45111	0,42835197	89,612305	-228,17882	-228,14842	-0,69027215
45111	0,42835429	89,8125	-228,95958	-228,89136	-0,69297481
45111	0,42835662	90,012695	-229,74034	-229,69734	-0,69610512
45111	0,42835894	90,212891	-230,5211	-230,48978	-0,6992951
45111	0,42836124	90,413086	-231,30186	-231,25644	-0,70281577
45111	0,42836356	90,613281	-232,08263	-232,07207	-0,70563948
45111	0,42836589	90,813477	-232,86339	-232,82135	-0,7088297
45111	0,42836821	91,013672	-233,64415	-233,61357	-0,71175891
45111	0,42837051	91,213867	-234,42491	-234,32823	-0,71498698
45111	0,42837283	91,414063	-235,20567	-235,23837	-0,71807265
45111	0,42837515	91,614258	-235,98643	-235,91931	-0,72168058
45111	0,42837748	91,814453	-236,7672	-236,76501	-0,7246508
45111	0,42837977	92,014648	-237,54796	-237,4785	-0,72802341
45111	0,4283821	92,214844	-238,32872	-238,33589	-0,73163146
45111	0,42838442	92,415039	-239,10948	-239,0201	-0,7344889
45111	0,42838675	92,615234	-239,89024	-239,90877	-0,73813772
45111	0,42838904	92,81543	-240,67101	-240,58939	-0,74148315
45111	0,42839137	93,015625	-241,45177	-241,48512	-0,745601
45111	0,42839369	93,21582	-242,23253	-242,1656	-0,74856871
45111	0,42839602	93,416016	-243,01329	-242,98904	-0,75197613
45111	0,42839831	93,616211	-243,79405	-243,74696	-0,75622594
45111	0,42840064	93,816406	-244,57481	-244,52536	-0,75963163
45111	0,42840296	94,016602	-245,35558	-245,33827	-0,76336956
45111	0,42840528	94,216797	-246,13634	-246,05547	-0,76740706
45111	0,42840758	94,416992	-246,9171	-246,89705	-0,77104163
45111	0,4284099	94,617188	-247,69786	-247,63693	-0,77469975
45111	0,42841223	94,817383	-248,47862	-248,49272	-0,77923524
45111	0,42841455	95,017578	-249,25938	-249,17566	-0,78252715
45111	0,42841685	95,217773	-250,04015	-250,02031	-0,78684855
45111	0,42841917	95,417969	-250,82091	-250,74719	-0,79103768
45111	0,4284215	95,618164	-251,60167	-251,54646	-0,79546338
45111	0,42842382	95,818359	-252,38243	-252,30223	-0,7996009
45111	0,42842612	96,018555	-253,16319	-253,08859	-0,80392069
45111	0,42842844	96,21875	-253,94395	-253,90536	-0,80846244
45111	0,42843077	96,418945	-254,72472	-254,62115	-0,81246829
45111	0,42843309	96,619141	-255,50548	-255,46167	-0,81746107
45111	0,42843539	96,819336	-256,28622	-256,17953	-0,82160997
45111	0,42843771	97,019531	-257,06699	-257,00168	-0,8268882
45111	0,42844003	97,219727	-257,84775	-257,71838	-0,83160961
45111	0,42844236	97,419922	-258,62851	-258,56631	-0,83675617
45111	0,42844465	97,620117	-259,40927	-259,3093	-0,84173667
45111	0,42844698	97,820313	-260,19003	-260,08856	-0,84694189
45111	0,4284493	98,020508	-260,97079	-260,84085	-0,85236138
45111	0,42845163	98,220703	-261,75156	-261,63852	-0,85763896
45111	0,42845392	98,420898	-262,53232	-262,41122	-0,86358714
45111	0,42845625	98,621094	-263,31308	-263,13821	-0,86962676
45111	0,42845857	98,821289	-264,09384	-263,99661	-0,87631518
45111	0,4284609	99,021484	-264,8746	-264,68182	-0,88206762
45111	0,42846319	99,22168	-265,65536	-265,52307	-0,88973075
45111	0,42846552	99,421875	-266,43613	-266,21826	-0,89633608
45111	0,42846784	99,62207	-267,21689	-267,07065	-0,90394539
45111	0,42847016	99,822266	-267,99765	-267,7403	-0,91168243
45111	0,42847246	100,02246	-268,77841	-268,58289	-0,92089444
45111	0,42847478	100,22266	-269,55917	-269,29861	-0,929313
45111	0,42847711	100,42285	-270,33994	-270,06644	-0,9392069
45111	0,42847943	100,62305	-271,1207	-270,79446	-0,95072508
45111	0,42848173	100,82324	-271,90146	-271,56686	-0,96254867
45111	0,42848405	101,02344	-272,68222	-272,26083	-0,9762159
45111	0,42848638	101,22363	-273,46298	-272,96158	-0,99241567
45111	0,4284887	101,42383	-274,24374	-273,57648	-1,0132622
45111	0,428491	101,62402	-275,02451	-273,94107	-1,0401669
45111	0,42849332	101,82422	0	-228,34399	-0,98124361
45111	0,42849565	102,02441	0	-128,04213	-0,77805674
45111	0,42849797	102,22461	0	-50,215725	-0,5628733
45111	0,42850026	102,4248	0	-6,6842194	-0,3497833
45111	0,42850259	102,625	0	0,14405884	-0,135931
45111	0,42850491	102,8252	0	0,11697225	0,058879051
45111	0,42850724	103,02539	0	0,1480002	0,28098795
45111	0,42850953	103,22559	0	0,10464713	0,49374989
45111	0,42851186	103,42578	0	0,13553165	0,7035659
45111	0,42851418	103,62598	0	0,1084581	0,9121362
