MTS793|MPT|DEU|1|2|,|.|:|49|1|1|A

Bediener Information						Zeit:	18,459961	s	18.07.2014 10:50:53
Datum : 	18.7.2014
Prüfer : 	Kh
Probenbezeichnung :  	Maack 8.2 Drucklversuch Probe BK 07 B
Bemerkungen	Kraftgeregelt 3,9 kN/s
Masse :	3810,5
Durchmesser :	100,3
Länge :	200,3
Bediener Information Ende

Datenerfassung						Zeit:	530,47559	s	18.07.2014 10:59:25
Datum	Laufzeit	Ch 1 Kraft Sollwert	Ch 1 Kraft	Ch 1 Weg	1944 B	1281068	2157
d	s	kN	kN	mm	mm	mm	mm
41838	18,969727	-1,2789797	-1,2034811	0,31593591	0,12075399	-0,088482395	0,014292656
41838	19,469727	-1,5716797	-1,4104098	0,31378418	0,12065832	-0,088709898	0,014116837
41838	19,969727	-1,8643796	-1,4280342	0,31276792	0,12073953	-0,088622078	0,014209749
41838	20,469727	-2,1570797	-2,2568145	0,30710399	0,1205184	-0,089034826	0,013908045
41838	20,969727	-2,4497797	-2,5589206	0,30440241	0,12048349	-0,08911036	0,013829125
41838	21,469727	-2,7424798	-2,7668328	0,30265599	0,12044372	-0,089191839	0,013814727
41838	21,969727	-3,0351796	-3,0948594	0,30056238	0,12026918	-0,089269027	0,013604729
41838	22,469727	-3,3278797	-3,3448582	0,29931068	0,12026787	-0,089327849	0,013540601
41838	22,969727	-3,6205797	-3,6457033	0,29739738	0,12017891	-0,089531064	0,013508974
41838	23,469727	-3,9132798	-3,917182	0,29515624	0,12007992	-0,089601576	0,013328226
41838	23,969727	-3,927	-4,0089078	0,29545575	0,12003519	-0,089662991	0,013362767
41838	24,469727	-3,927	-3,9949324	0,29438734	0,1200266	-0,089584149	0,01334518
41838	24,969727	-3,927	-3,9972682	0,29469281	0,12006949	-0,08960177	0,013346629
41838	25,469727	-3,927	-3,9582644	0,29500574	0,12005816	-0,089620881	0,01343477
41838	25,969727	-3,927	-3,9591155	0,29477924	0,12002854	-0,089503445	0,013321469
41838	26,469727	-3,927	-3,9398725	0,2946496	0,12009969	-0,089685127	0,013375985
41838	26,969727	-3,927	-3,9765742	0,29485524	0,12001891	-0,089670911	0,013386639
41838	27,469727	-3,927	-3,9195213	0,29461533	0,12003753	-0,089546494	0,013341656
41838	27,969727	-3,927	-3,9168894	0,29463321	0,12009387	-0,089678176	0,01343528
41838	28,469727	-3,927	-3,9333534	0,29483289	0,12008643	-0,089617148	0,013372695
41838	28,969727	-5,7056131	-5,5766664	-0,0077813864	-0,00048497319	-0,00069447025	-0,00049786642
41838	29,469727	-7,6556134	-7,57269	-0,018373132	-0,0010718852	-0,0013863768	-0,0011110269
41838	29,969727	-9,6056137	-9,6614971	-0,026643276	-0,0018361658	-0,0020298904	-0,0019042827
41838	30,469727	-11,555614	-11,609471	-0,034275651	-0,0025550425	-0,002718467	-0,0025354661
41838	30,969727	-13,505613	-13,553932	-0,041747093	-0,0031559467	-0,0032623278	-0,0031951852
41838	31,469727	-15,455613	-15,499871	-0,048477948	-0,0039110482	-0,0039942907	-0,0039424263
41838	31,969727	-17,405613	-17,410789	-0,054784119	-0,0045571029	-0,0046837935	-0,0045889132
41838	32,469727	-19,355614	-19,435339	-0,060479343	-0,0052957833	-0,0052620089	-0,0053508952
41838	32,969727	-21,305614	-21,301592	-0,066757202	-0,0059219003	-0,0059937937	-0,0059708692
41838	33,469727	-23,255613	-23,337284	-0,071252882	-0,0066675693	-0,006641414	-0,0067570806
41838	33,969727	-25,205614	-25,247688	-0,076512992	-0,0073804557	-0,0073193824	-0,0073483754
41838	34,469727	-27,155613	-27,219328	-0,082243979	-0,0080507845	-0,0079443986	-0,007971175
41838	34,969727	-29,105614	-29,168116	-0,08687973	-0,0087974519	-0,0086768148	-0,0087025799
41838	35,469727	-31,055614	-31,107903	-0,091744959	-0,0094508827	-0,0093988059	-0,009302903
41838	35,969727	-33,005615	-33,062527	-0,096522272	-0,010218233	-0,010056186	-0,0099950247
41838	36,469727	-34,955612	-34,980824	-0,10092407	-0,010778636	-0,01080831	-0,010646833
41838	36,969727	-36,905613	-36,94014	-0,10522455	-0,011594772	-0,011376447	-0,011308618
41838	37,469727	-38,855614	-38,913067	-0,11035949	-0,012336642	-0,012154262	-0,012003791
41838	37,969727	-40,805614	-40,878471	-0,11492074	-0,012979165	-0,012820872	-0,012694053
41838	38,469727	-42,755615	-42,82198	-0,11930466	-0,013646379	-0,013510034	-0,013363497
41838	38,969727	-44,705616	-44,732758	-0,12352318	-0,014326155	-0,014268783	-0,013961267
41838	39,469727	-46,655613	-46,718948	-0,12860447	-0,015037984	-0,014873969	-0,014639916
41838	39,969727	-48,605614	-48,656563	-0,13250709	-0,015744358	-0,015580206	-0,015309473
41838	40,469727	-50,555614	-50,620987	-0,13667345	-0,016494408	-0,016291706	-0,015932286
41838	40,969727	-52,505615	-52,572399	-0,14053881	-0,017162845	-0,01697048	-0,016638437
41838	41,469727	-54,455616	-54,483952	-0,14511198	-0,017780364	-0,01769848	-0,01728886
41838	41,969727	-56,405613	-56,452835	-0,14915913	-0,018521592	-0,018329468	-0,017907042
41838	42,469727	-58,355614	-58,385387	-0,15355498	-0,019159958	-0,019088678	-0,018561462
41838	42,969727	-60,305614	-60,38942	-0,15718043	-0,019933641	-0,019755287	-0,019246031
41838	43,469727	-62,255615	-62,304478	-0,16127527	-0,020612761	-0,020438973	-0,01988012
41838	43,969727	-64,205612	-64,267616	-0,16540736	-0,021275461	-0,021172082	-0,020490509
41838	44,469727	-66,155617	-66,235603	-0,16875565	-0,022040606	-0,021806149	-0,021253929
41838	44,969727	-68,105614	-68,226288	-0,1731202	-0,022718832	-0,022444706	-0,021902237
41838	45,469727	-70,055618	-70,116631	-0,17697662	-0,023292661	-0,023177098	-0,02249643
41838	45,969727	-72,005615	-72,076851	-0,18117577	-0,02407752	-0,023889601	-0,023255289
41838	46,469727	-73,955612	-73,992332	-0,18440336	-0,024693862	-0,02458778	-0,023838442
41838	46,969727	-75,905617	-75,949295	-0,18880814	-0,025379762	-0,025248421	-0,024481826
41838	47,469727	-77,855614	-77,917549	-0,19257665	-0,026126057	-0,025916977	-0,025158796
41838	47,969727	-79,805618	-79,84787	-0,19572973	-0,02674523	-0,026629917	-0,02576044
41838	48,469727	-81,755615	-81,860809	-0,20018667	-0,027408451	-0,027329793	-0,026534505
41838	48,969727	-83,705612	-83,784241	-0,20373911	-0,028095871	-0,027937578	-0,027165398
41838	49,469727	-85,655617	-85,751686	-0,20786673	-0,028808847	-0,028583692	-0,02783639
41838	49,969727	-87,605614	-87,677185	-0,21085739	-0,029413298	-0,029444583	-0,028516892
41838	50,469727	-89,555618	-89,570511	-0,21463633	-0,030116841	-0,02996153	-0,029096413
41838	50,969727	-91,505615	-91,595581	-0,21807104	-0,030866086	-0,030600488	-0,029775979
41838	51,469727	-93,455612	-93,48645	-0,22123605	-0,031522214	-0,031288672	-0,030445719
41838	51,969727	-95,405617	-95,452293	-0,22529364	-0,032171756	-0,032049596	-0,031094557
41838	52,469727	-97,355614	-97,434364	-0,22869557	-0,032943159	-0,032799669	-0,03186053
41838	52,969727	-99,305618	-99,331398	-0,23189932	-0,033564419	-0,033270437	-0,032420103
41838	53,469727	-101,25562	-101,33273	-0,23620427	-0,034229919	-0,034001961	-0,033142701
41838	53,969727	-103,20561	-103,26397	-0,23940206	-0,034921348	-0,03471408	-0,033778898
41838	54,469727	-105,15562	-105,23825	-0,24308115	-0,03557536	-0,035333507	-0,034373567
41838	54,969727	-107,10561	-107,19784	-0,2462551	-0,036299407	-0,03601791	-0,035117384
41838	55,469727	-109,05562	-109,06871	-0,24989992	-0,036922231	-0,036646709	-0,035764217
41838	55,969727	-111,00562	-111,03257	-0,25341213	-0,037598327	-0,03723323	-0,036430579
41838	56,469727	-112,95561	-112,96635	-0,25617778	-0,038230643	-0,038058143	-0,037084155
41838	56,969727	-114,90562	-114,90719	-0,25973469	-0,039008826	-0,038682114	-0,037690818
41838	57,469727	-116,85561	-116,91085	-0,26290864	-0,039637908	-0,039355248	-0,038451698
41838	57,969727	-118,80562	-118,86318	-0,26680976	-0,040400937	-0,039916832	-0,039124597
41838	58,469727	-120,75562	-120,75114	-0,27003735	-0,041026562	-0,040693052	-0,039727304
41838	58,969727	-122,70562	-122,77689	-0,27349591	-0,041744202	-0,041347764	-0,040496495
41838	59,469727	-124,65562	-124,63978	-0,27635843	-0,042389274	-0,041933525	-0,041084521
41838	59,969727	-126,60561	-126,62332	-0,28019696	-0,043069184	-0,042634748	-0,041715633
41838	60,469727	-128,55562	-128,64218	-0,28336048	-0,043777436	-0,043284062	-0,042500958
41838	60,969727	-130,50562	-130,5499	-0,28647631	-0,044432074	-0,044010859	-0,043132409
41838	61,469727	-132,45561	-132,48814	-0,29006004	-0,045089483	-0,044570997	-0,043704242
41838	61,969727	-134,40561	-134,45973	-0,29271841	-0,045788929	-0,045190703	-0,044413969
41838	62,469727	-136,35562	-136,37178	-0,29645711	-0,046515986	-0,04589336	-0,045138802
41838	62,969727	-138,30562	-138,35573	-0,29934496	-0,047177702	-0,04649096	-0,045740899
41838	63,469727	-140,25562	-140,31944	-0,30310601	-0,047886506	-0,047265023	-0,046489313
41838	63,969727	-142,20561	-142,27271	-0,30604899	-0,048512742	-0,047791	-0,047142036
41838	64,469727	-144,15561	-144,21506	-0,30927956	-0,04917933	-0,048463631	-0,047751356
41838	64,969727	-146,10562	-146,21184	-0,31279474	-0,049884677	-0,049136866	-0,048555244
41838	65,469727	-148,05562	-148,12567	-0,31615496	-0,050560996	-0,049727462	-0,049131401
41838	65,969727	-150,00562	-150,07869	-0,31804293	-0,051222786	-0,05039056	-0,049823601
41838	66,469727	-151,95561	-152,05054	-0,32152086	-0,051896632	-0,05099126	-0,050519157
41838	66,969727	-153,90562	-153,97209	-0,32448769	-0,052539974	-0,051660229	-0,05116953
41838	67,469727	-155,85562	-155,81918	-0,32791942	-0,053269759	-0,052298546	-0,0518323
41838	67,969727	-157,80562	-157,80092	-0,33115149	-0,053979442	-0,052831843	-0,052464284
41838	68,469727	-159,75562	-159,80629	-0,3335312	-0,054609016	-0,053617515	-0,053291231
41838	68,969727	-161,70561	-161,77557	-0,3370136	-0,055250794	-0,054172415	-0,053874984
41838	69,469727	-163,65562	-163,69699	-0,34020841	-0,056015804	-0,054846115	-0,054514125
41838	69,969727	-165,60562	-165,68974	-0,34320205	-0,056631565	-0,055581797	-0,055269334
41838	70,469727	-167,55562	-167,65407	-0,34615248	-0,057352826	-0,05617312	-0,055902898
41838	70,969727	-169,50562	-169,5302	-0,34883171	-0,058010846	-0,056798745	-0,056563668
41838	71,469727	-171,45561	-171,53764	-0,35209656	-0,058701217	-0,057402868	-0,057241604
41838	71,969727	-173,40562	-173,35631	-0,35456717	-0,059404939	-0,058048215	-0,057882503
41838	72,469727	-175,35562	-175,4433	-0,35786033	-0,060085669	-0,058626309	-0,058686204
41838	72,969727	-177,30562	-177,37981	-0,36102831	-0,060634628	-0,059421424	-0,059266053
41838	73,469727	-179,25562	-179,30511	-0,36426187	-0,061374754	-0,059968933	-0,059942219
41838	73,969727	-181,20561	-181,20078	-0,36724806	-0,062021285	-0,060655039	-0,060608022
41838	74,469727	-183,15562	-183,22876	-0,37053823	-0,06277594	-0,061336745	-0,061275028
41838	74,969727	-185,10562	-185,26407	-0,3730014	-0,063420489	-0,061873909	-0,062079646
41838	75,469727	-187,05562	-187,10669	-0,37644207	-0,064124659	-0,062660068	-0,062658355
41838	75,969727	-188,86606	-188,94412	-0,37843585	-0,064737797	-0,063175656	-0,063341364
41838	76,469727	-186,91606	-187,01656	-0,37643015	-0,064369187	-0,062767953	-0,062924393
41838	76,969727	-184,96606	-184,95821	-0,37464947	-0,063862339	-0,062336612	-0,062325478
41838	77,469727	-183,01607	-182,97845	-0,37152022	-0,063376397	-0,061923962	-0,061830029
41838	77,969727	-181,06607	-181,03595	-0,36939383	-0,063041702	-0,061499659	-0,061393
41838	78,469727	-179,11606	-179,05557	-0,36662519	-0,062467396	-0,061017212	-0,060822308
41838	78,969727	-177,16606	-177,12497	-0,36500841	-0,062015533	-0,060621452	-0,060291592
41838	79,469727	-175,21606	-175,17012	-0,36217719	-0,061506703	-0,060022164	-0,059796717
41838	79,969727	-173,26607	-173,21259	-0,35986006	-0,060955673	-0,059453029	-0,059204813
41838	80,469727	-171,31607	-171,30772	-0,35756528	-0,06053713	-0,059026971	-0,058787152
41838	80,969727	-169,36606	-169,30072	-0,35486817	-0,060045794	-0,058493093	-0,058157016
41838	81,469727	-167,41606	-167,31154	-0,35183281	-0,059491143	-0,058028217	-0,05753696
41838	81,969727	-165,46606	-165,39444	-0,34924299	-0,058912739	-0,057507887	-0,057154067
41838	82,469727	-163,51607	-163,41678	-0,34649819	-0,058428764	-0,057032235	-0,056505788
41838	82,969727	-161,56607	-161,47829	-0,34396201	-0,057946607	-0,056605168	-0,055938452
41838	83,469727	-159,61606	-159,53691	-0,34163147	-0,057419166	-0,056056868	-0,055480927
41838	83,969727	-157,66606	-157,58458	-0,33914149	-0,0568472	-0,055675622	-0,05489818
41838	84,469727	-155,71606	-155,67221	-0,33626109	-0,056362644	-0,055144478	-0,054387551
41838	84,969727	-153,76607	-153,71315	-0,33359826	-0,055813506	-0,054583505	-0,053847589
41838	85,469727	-151,81607	-151,74864	-0,33118427	-0,055304751	-0,054156758	-0,053229518
41838	85,969727	-149,86606	-149,83527	-0,3284961	-0,05484587	-0,053569321	-0,052749198
41838	86,469727	-147,91606	-147,82341	-0,32556653	-0,054210097	-0,053127423	-0,05211832
41838	86,969727	-145,96606	-145,8936	-0,32333583	-0,053733766	-0,052519143	-0,051544931
41838	87,469727	-144,01607	-143,92108	-0,32051504	-0,053252667	-0,052092765	-0,051050723
41838	87,969727	-142,06607	-141,96727	-0,31805336	-0,052639633	-0,051514909	-0,050436959
41838	88,469727	-140,11606	-140,03888	-0,31492561	-0,052162603	-0,05087157	-0,049878526
41838	88,969727	-138,16606	-138,07991	-0,31197369	-0,051599264	-0,050483961	-0,049342077
41838	89,469727	-136,21606	-136,13615	-0,30919611	-0,050999001	-0,049935054	-0,048751071
41838	89,969727	-134,26607	-134,22893	-0,30682236	-0,050491393	-0,049499631	-0,048269153
41838	90,469727	-132,31607	-132,27283	-0,30401498	-0,049946055	-0,048939124	-0,047697719
41838	90,969727	-130,36606	-130,28125	-0,30089021	-0,049343318	-0,048379041	-0,047087885
41838	91,469727	-128,41606	-128,3293	-0,29806048	-0,048851788	-0,047838356	-0,046558861
41838	91,969727	-126,46606	-126,34704	-0,29514879	-0,048280343	-0,047277723	-0,045890421
41838	92,469727	-124,51606	-124,44495	-0,29138476	-0,047826767	-0,046872158	-0,045385923
41838	92,969727	-122,56606	-122,45074	-0,28948486	-0,047282368	-0,046174258	-0,044764549
41838	93,469727	-120,61607	-120,52843	-0,28645992	-0,046660632	-0,045693398	-0,044202805
41838	93,969727	-118,66606	-118,57645	-0,28413236	-0,046137705	-0,045091297	-0,043657821
41838	94,469727	-116,71606	-116,6504	-0,28063208	-0,045564443	-0,044522975	-0,043048635
41838	94,969727	-114,76606	-114,76327	-0,27773976	-0,044993207	-0,04403967	-0,042566352
41838	95,469727	-112,81606	-112,75003	-0,27496815	-0,04443936	-0,043323327	-0,041968919
41838	95,969727	-110,86607	-110,82255	-0,27148873	-0,043832585	-0,042924166	-0,041398525
41838	96,469727	-108,91606	-108,83053	-0,26857555	-0,04327099	-0,042335212	-0,040790308
41838	96,969727	-106,96606	-106,85974	-0,26513189	-0,042802304	-0,04169384	-0,040162176
41838	97,469727	-105,01606	-104,91811	-0,26245266	-0,042139724	-0,041113928	-0,039667632
41838	97,969727	-103,06606	-102,96518	-0,2598688	-0,041583955	-0,040554538	-0,038991287
41838	98,469727	-101,11607	-101,03706	-0,25606006	-0,041026294	-0,040063251	-0,038484722
41838	98,969727	-99,166061	-99,087486	-0,25284141	-0,040489346	-0,039260704	-0,037848875
41838	99,469727	-97,216064	-97,147987	-0,24952739	-0,039862499	-0,038810883	-0,037271991
41838	99,969727	-95,26606	-95,191376	-0,24690479	-0,039313063	-0,038137637	-0,036690481
41838	100,46973	-93,316063	-93,252228	-0,24335235	-0,038796499	-0,037507944	-0,036079612
41838	100,96973	-91,366058	-91,279564	-0,24014562	-0,038194209	-0,036896467	-0,035507601
41838	101,46973	-89,416061	-89,296738	-0,23669899	-0,037562907	-0,036266569	-0,034883983
41838	101,96973	-87,466064	-87,351639	-0,23337603	-0,037004456	-0,035662748	-0,03425866
41838	102,46973	-85,51606	-85,469711	-0,22938401	-0,03647247	-0,034972195	-0,033799347
41838	102,96973	-83,566063	-83,481133	-0,22647679	-0,035848394	-0,034437478	-0,033094894
41838	103,46973	-81,616058	-81,547066	-0,22332072	-0,035335287	-0,033778857	-0,032552816
41838	103,96973	-79,666061	-79,56189	-0,21974444	-0,034681737	-0,032985859	-0,032049779
41838	104,46973	-77,716064	-77,654602	-0,21559298	-0,034101263	-0,032432761	-0,031371385
41838	104,96973	-75,76606	-75,734177	-0,21265	-0,033488721	-0,031689107	-0,030849397
41838	105,46973	-73,816063	-73,751053	-0,20905733	-0,032835722	-0,03112518	-0,030209435
41838	105,96973	-71,866058	-71,787758	-0,20510405	-0,03227298	-0,030439176	-0,029639345
41838	106,46973	-69,916061	-69,820641	-0,20167977	-0,031587884	-0,029659577	-0,029075395
41838	106,96973	-67,966064	-67,840508	-0,19776076	-0,031040058	-0,02898974	-0,028410602
41838	107,46973	-66,01606	-65,931084	-0,19481778	-0,030427605	-0,028394107	-0,027857075
41838	107,96973	-64,066063	-63,958023	-0,19009113	-0,029796258	-0,02777973	-0,027249649
41838	108,46973	-62,116062	-62,022141	-0,18647313	-0,029148445	-0,026983686	-0,026636967
41838	108,96973	-60,166061	-60,105259	-0,18339008	-0,028609678	-0,026328279	-0,025970206
41838	109,46973	-58,216061	-58,142639	-0,17891973	-0,027898565	-0,025614295	-0,025353095
41838	109,96973	-56,26606	-56,230606	-0,17450601	-0,027304813	-0,024880968	-0,024846148
41838	110,46973	-54,316063	-54,253841	-0,17071366	-0,026625574	-0,024329025	-0,024184849
41838	110,96973	-52,366062	-52,265678	-0,16645938	-0,025928453	-0,023507254	-0,023469862
41838	111,46973	-50,416061	-50,30349	-0,16307831	-0,025296465	-0,022705695	-0,022869732
41838	111,96973	-48,466061	-48,333775	-0,15917718	-0,024626896	-0,02209058	-0,022169068
41838	112,46973	-46,51606	-46,464653	-0,15447736	-0,024015501	-0,021249123	-0,021693338
41838	112,96973	-44,566059	-44,483978	-0,15108287	-0,023295954	-0,020496204	-0,020935819
41838	113,46973	-42,616062	-42,54985	-0,14598668	-0,0226513	-0,019840458	-0,020316601
41838	113,96973	-40,666061	-40,59993	-0,14190972	-0,021950305	-0,019020712	-0,019721465
41838	114,46973	-38,716061	-38,675007	-0,13633519	-0,021269396	-0,018299047	-0,018989027
41838	114,96973	-36,76606	-36,720871	-0,13282001	-0,020516634	-0,017475391	-0,018403275
41838	115,46973	-34,816059	-34,798584	-0,12744516	-0,019837931	-0,016761132	-0,017691679
41838	115,96973	-32,866062	-32,772701	-0,12313575	-0,019102037	-0,015904363	-0,017003728
41838	116,46973	-30,916061	-30,815989	-0,11789501	-0,018312886	-0,015095674	-0,016311571
41838	116,96973	-28,966061	-28,882652	-0,11324137	-0,01762569	-0,014408856	-0,015613789
41838	117,46973	-27,01606	-26,978338	-0,10832101	-0,016886026	-0,013567227	-0,014982015
41838	117,96973	-25,066061	-25,029902	-0,10320842	-0,016041294	-0,012810527	-0,014228258
41838	118,46973	-23,11606	-22,978176	-0,09727329	-0,015259221	-0,011987648	-0,013508489
41838	118,96973	-21,166059	-21,149862	-0,092461705	-0,014484704	-0,011216853	-0,012824135
41838	119,46973	-19,216061	-19,185373	-0,086799264	-0,013694242	-0,010503578	-0,012006588
41838	119,96973	-17,26606	-17,242153	-0,080479681	-0,012796238	-0,0097029135	-0,011254309
41838	120,46973	-15,31606	-15,25882	-0,073976815	-0,011882529	-0,0090379827	-0,01040137
41838	120,96973	-13,36606	-13,27917	-0,067643821	-0,010989249	-0,0082504759	-0,0095388982
41838	121,46973	-11,41606	-11,372568	-0,059956312	-0,010136634	-0,0074667148	-0,0086975768
41838	121,96973	-9,4660597	-9,370965	-0,052019954	-0,0090854913	-0,0067748995	-0,0077242721
41838	122,46973	-7,5160599	-7,5322576	-0,043807924	-0,0081489682	-0,006064509	-0,0069538038
41838	122,96973	-5,5660601	-6,1580224	-0,036902726	-0,0073591918	-0,0057523148	-0,0061965082
41838	123,46973	-4,2202616	-4,0572548	-0,024150312	-0,0061313808	-0,0046870178	-0,0052382015
41838	123,96973	-6,1702619	-4,9768853	-0,028389692	-0,0064728558	-0,0048224228	-0,0054610595
41838	124,46973	-8,1202621	-8,1146374	-0,042031705	-0,0076664686	-0,0056856666	-0,0064341631
41838	124,96973	-10,070262	-10,103546	-0,049373507	-0,0084545761	-0,0061374744	-0,0071633961
41838	125,46973	-12,020262	-12,063552	-0,055883825	-0,0091854334	-0,0068222182	-0,0078558847
41838	125,96973	-13,970262	-14,002615	-0,062811375	-0,0099404901	-0,0072971666	-0,0084934868
41838	126,46973	-15,920262	-15,992929	-0,068311393	-0,010715947	-0,0078532016	-0,0093201622
41838	126,96973	-17,870262	-17,944319	-0,074486434	-0,011477411	-0,0084147723	-0,0099966284
41838	127,46973	-19,820263	-19,898661	-0,080907345	-0,012232006	-0,0090177339	-0,010672547
41838	127,96973	-21,770262	-21,842457	-0,086022913	-0,013019294	-0,00966655	-0,011396307
41838	128,46973	-23,720263	-23,798309	-0,091139972	-0,013795123	-0,010275947	-0,011960782
41838	128,96973	-25,670261	-25,797987	-0,096051395	-0,014541015	-0,011012998	-0,012761647
41838	129,46973	-27,620262	-27,694523	-0,10084659	-0,015188456	-0,011682867	-0,01339292
41838	129,96973	-29,570263	-29,634628	-0,10522604	-0,015941754	-0,012212798	-0,014000837
41838	130,46973	-31,520262	-31,579668	-0,10997057	-0,016635358	-0,01291671	-0,014646994
41838	130,96973	-33,470261	-33,521084	-0,11512339	-0,017298907	-0,01352675	-0,015271222
41838	131,46973	-35,420261	-35,49461	-0,12007058	-0,018010855	-0,014291226	-0,016014159
41838	131,96973	-37,370262	-37,431145	-0,12374669	-0,01876612	-0,014965217	-0,01658519
41838	132,46973	-39,320263	-39,416031	-0,12851655	-0,019407183	-0,01562121	-0,017274916
41838	132,96973	-41,270264	-41,389809	-0,13281554	-0,020097688	-0,01635587	-0,017892972
41838	133,46973	-43,220264	-43,309856	-0,13759583	-0,020784378	-0,016944673	-0,018548606
41838	133,96973	-45,170261	-45,314758	-0,14096797	-0,021473154	-0,017709417	-0,019264558
41838	134,46973	-47,120262	-47,213268	-0,14581531	-0,022127062	-0,0183136	-0,019892445
41838	134,96973	-49,070263	-49,114658	-0,14949888	-0,022833467	-0,018940059	-0,020448755
41838	135,46973	-51,020264	-51,125229	-0,15386492	-0,023459807	-0,019642964	-0,021193273
41838	135,96973	-52,970264	-53,033401	-0,15766919	-0,024103403	-0,02026451	-0,021785207
41838	136,46973	-54,920261	-54,987095	-0,16144514	-0,024800062	-0,020972591	-0,022358621
41838	136,96973	-56,870262	-56,983654	-0,16629547	-0,025480479	-0,021596909	-0,02306214
41838	137,46973	-58,820263	-58,926952	-0,16923994	-0,026105568	-0,022335345	-0,023694359
41838	137,96973	-60,770264	-60,937023	-0,17353594	-0,026807949	-0,022989437	-0,024406964
41838	138,46973	-62,720264	-62,822147	-0,17787665	-0,02740036	-0,023603182	-0,025015667
41838	138,96973	-64,670265	-64,74044	-0,18041283	-0,028055683	-0,024256693	-0,025541237
41838	139,46973	-66,620262	-66,696106	-0,18444508	-0,02870138	-0,024834391	-0,02625683
41838	139,96973	-68,570267	-68,58725	-0,18908083	-0,02930823	-0,025553115	-0,026809063
41838	140,46973	-70,520264	-70,608406	-0,19283444	-0,030032933	-0,026176371	-0,027552843
41838	140,96973	-72,470261	-72,509483	-0,19556284	-0,030602112	-0,026777338	-0,028101571
41838	141,46973	-74,420265	-74,531181	-0,19902587	-0,031278208	-0,027426451	-0,028737895
41838	141,96973	-76,370262	-76,479156	-0,20338148	-0,031839103	-0,028084258	-0,029413735
41838	142,46973	-78,320267	-78,418846	-0,20677	-0,032516047	-0,028777109	-0,029942244
41838	142,96973	-80,270264	-80,373436	-0,2100423	-0,033072472	-0,029360168	-0,030586064
41838	143,46973	-82,220261	-82,327019	-0,21343976	-0,033786863	-0,029878031	-0,031213902
41838	143,96973	-84,170265	-84,249947	-0,21753907	-0,034336656	-0,030629121	-0,031823445
41838	144,46973	-86,120262	-86,221931	-0,22092164	-0,034947142	-0,031161468	-0,032522112
41838	144,96973	-88,070267	-88,130135	-0,22442341	-0,03556022	-0,031864095	-0,033060588
41838	145,46973	-90,020264	-90,070313	-0,22762865	-0,036161348	-0,032350369	-0,033634566
41838	145,96973	-91,970261	-92,071503	-0,23168474	-0,036763608	-0,033052374	-0,034321103
41838	146,46973	-93,920265	-93,981621	-0,2349034	-0,03746511	-0,033649158	-0,034873068
41838	146,96973	-95,870262	-95,991348	-0,23743957	-0,037993819	-0,034278743	-0,035563111
41838	147,46973	-97,820267	-97,906868	-0,24118274	-0,038595617	-0,034973126	-0,036158852
41838	147,96973	-99,770264	-99,854469	-0,24515837	-0,039230272	-0,035423603	-0,036701076
41838	148,46973	-101,72026	-101,79337	-0,24795979	-0,039734632	-0,036221348	-0,03745345
41838	148,96973	-103,67027	-103,74248	-0,25105923	-0,040369645	-0,036692321	-0,037919886
41838	149,46973	-105,62026	-105,62277	-0,25464147	-0,04099904	-0,03721362	-0,038513683
41838	149,96973	-107,57027	-107,62477	-0,25793314	-0,041555732	-0,037986919	-0,039300781
41838	150,46973	-109,52026	-109,57604	-0,26160181	-0,04215239	-0,038552161	-0,039802548
41838	150,96973	-111,47026	-111,53909	-0,26414096	-0,042714566	-0,039107267	-0,040421546
41838	151,46973	-113,42027	-113,49903	-0,26773512	-0,04328154	-0,039722089	-0,041091241
41838	151,96973	-115,37026	-115,44984	-0,27162284	-0,04391399	-0,040261291	-0,041588534
41838	152,46973	-117,32027	-117,42203	-0,27410686	-0,044504285	-0,040879235	-0,042326503
41838	152,96973	-119,27026	-119,37936	-0,27736127	-0,04507117	-0,041410115	-0,042887762
41838	153,46973	-121,22027	-121,30903	-0,28048754	-0,045632288	-0,042106085	-0,043442022
41838	153,96973	-123,17027	-123,21752	-0,28336644	-0,046247035	-0,042554613	-0,044022277
41838	154,46973	-125,12026	-125,15181	-0,28630346	-0,046811432	-0,04323132	-0,044581544
41838	154,96973	-127,07027	-127,17118	-0,28966218	-0,047454998	-0,043749925	-0,045304615
41838	155,46973	-129,02026	-129,11031	-0,29248595	-0,048027486	-0,044245735	-0,045824349
41838	155,96973	-130,97026	-131,0247	-0,29603094	-0,04854095	-0,044922128	-0,046478
41838	156,46973	-132,92026	-133,00751	-0,29856563	-0,049133405	-0,045399498	-0,04709056
41838	156,96973	-134,87027	-134,92026	-0,30118972	-0,049746007	-0,046043437	-0,047674917
41838	157,46973	-136,82027	-136,93745	-0,30452609	-0,050293133	-0,046606265	-0,048339453
41838	157,96973	-138,77026	-138,85974	-0,30768961	-0,050879508	-0,047195919	-0,04891618
41838	158,46973	-140,72026	-140,77843	-0,31110793	-0,051518679	-0,047740538	-0,049469929
41838	158,96973	-142,67026	-142,73767	-0,31391233	-0,052079871	-0,048224837	-0,050078608
41838	159,46973	-144,62027	-144,64104	-0,31668544	-0,052598283	-0,048894111	-0,050607264
41838	159,96973	-146,57027	-146,61845	-0,31936914	-0,053213313	-0,049432389	-0,051339217
41838	160,46973	-148,52026	-148,58723	-0,32165498	-0,053793773	-0,049901173	-0,051874813
41838	160,96973	-150,47026	-150,54329	-0,32560527	-0,054402098	-0,050484765	-0,052559286
41838	161,46973	-152,42027	-152,49446	-0,328058	-0,05490905	-0,051013019	-0,053088784
41838	161,96973	-154,37027	-154,45746	-0,33086538	-0,05555898	-0,051686615	-0,053663865
41838	162,46973	-156,32027	-156,4079	-0,33427775	-0,056108728	-0,052130222	-0,054341353
41838	162,96973	-158,27026	-158,32828	-0,33676922	-0,05658026	-0,052690823	-0,054832488
41838	163,46973	-160,22026	-160,25526	-0,33961535	-0,057290599	-0,053270821	-0,055450685
41838	163,96973	-162,17027	-162,21869	-0,34192502	-0,057822511	-0,053738538	-0,056040991
41838	164,46973	-164,12027	-164,16698	-0,3455013	-0,058419392	-0,054417584	-0,056685612
41838	164,96973	-166,07027	-166,09026	-0,34826249	-0,058942273	-0,054863397	-0,057295598
41838	165,46973	-168,02026	-168,08516	-0,35073161	-0,059470505	-0,055532344	-0,057869278
41838	165,96973	-169,97026	-170,01025	-0,35375953	-0,06006366	-0,05601532	-0,058495775
41838	166,46973	-171,92027	-171,97717	-0,35659075	-0,060616106	-0,056592438	-0,05904182
41838	166,96973	-173,87027	-173,98238	-0,35919547	-0,061256737	-0,057211347	-0,059746496
41838	167,46973	-175,82027	-175,85081	-0,3618449	-0,061858103	-0,057625495	-0,060272086
41838	167,96973	-177,77026	-177,88759	-0,36454201	-0,062422886	-0,058290258	-0,061010115
41838	168,46973	-179,72026	-179,80048	-0,36780089	-0,062926903	-0,058747936	-0,061527427
41838	168,96973	-181,67027	-181,73044	-0,37087202	-0,063596278	-0,059375696	-0,062088408
41838	169,46973	-183,62027	-183,72026	-0,37324876	-0,06422019	-0,059963886	-0,062796488
41838	169,96973	-184,44775	-184,52174	-0,37474185	-0,064490765	-0,060266092	-0,063090265
41838	170,46973	-182,49776	-182,46956	-0,3724277	-0,063978598	-0,059789367	-0,062547021
41838	170,96973	-180,54776	-180,52426	-0,36976486	-0,063526854	-0,059216719	-0,062090851
41838	171,46973	-178,59775	-178,53633	-0,36797971	-0,063026488	-0,058889225	-0,061494425
41838	171,96973	-176,64775	-176,61378	-0,36546141	-0,062532917	-0,058338068	-0,060980648
41838	172,46973	-174,69775	-174,67467	-0,36268681	-0,06203638	-0,057907186	-0,060526699
41838	172,96973	-172,74776	-172,67148	-0,36040246	-0,061558932	-0,057420295	-0,059866697
41838	173,46973	-170,79776	-170,73721	-0,35709292	-0,061025798	-0,056937348	-0,059335899
41838	173,96973	-168,84775	-168,76193	-0,35461783	-0,060532257	-0,056564637	-0,058825757
41838	174,46973	-166,89775	-166,76263	-0,35181344	-0,060023457	-0,055914573	-0,058215156
41838	174,96973	-164,94775	-164,85728	-0,34971684	-0,059474796	-0,055439647	-0,057735149
41838	175,46973	-162,99776	-162,88908	-0,34714937	-0,059002459	-0,054951604	-0,057181645
41838	175,96973	-161,04776	-160,95624	-0,34459978	-0,058478981	-0,054477919	-0,056683384
41838	176,46973	-159,09775	-159,02565	-0,34224242	-0,05797635	-0,054147068	-0,056124777
41838	176,96973	-157,14775	-157,07527	-0,33978969	-0,0574563	-0,053510986	-0,05555835
41838	177,46973	-155,19775	-155,14493	-0,33741891	-0,056945547	-0,052949466	-0,055025443
41838	177,96973	-153,24776	-153,1669	-0,33435971	-0,0563692	-0,052442573	-0,05441799
41838	178,46973	-151,29776	-151,23566	-0,33179969	-0,055882618	-0,051918443	-0,053959928
41838	178,96973	-149,34775	-149,22595	-0,32916367	-0,055376083	-0,051545523	-0,053327624
41838	179,46973	-147,39775	-147,28864	-0,32617003	-0,054813042	-0,050984118	-0,052816547
41838	179,96973	-145,44775	-145,34135	-0,32302588	-0,054275379	-0,050407901	-0,052203815
41838	180,46973	-143,49776	-143,37073	-0,32119751	-0,053716615	-0,049949024	-0,051666692
41838	180,96973	-141,54776	-141,4399	-0,31859577	-0,053197205	-0,049389783	-0,051117636
41838	181,46973	-139,59775	-139,50514	-0,31527877	-0,052713901	-0,048967395	-0,050504718
41838	181,96973	-137,64775	-137,58844	-0,31356066	-0,052031279	-0,048471835	-0,050020423
41838	182,46973	-135,69775	-135,63214	-0,31002909	-0,05155699	-0,047789663	-0,049357228
41838	182,96973	-133,74776	-133,68907	-0,30743033	-0,051068574	-0,047418185	-0,048886001
41838	183,46973	-131,79776	-131,71725	-0,30444711	-0,050507367	-0,046892956	-0,048336618
41838	183,96973	-129,84775	-129,74266	-0,3008157	-0,04994835	-0,046231426	-0,047716245
41838	184,46973	-127,89775	-127,82088	-0,29865503	-0,049412027	-0,04575767	-0,047233913
41838	184,96973	-125,94775	-125,83989	-0,29572695	-0,048792168	-0,045150951	-0,046575628
41838	185,46973	-123,99775	-123,86716	-0,29338449	-0,048313618	-0,044669494	-0,04595723
41838	185,96973	-122,04775	-121,94785	-0,29020607	-0,047766581	-0,044153638	-0,045383457
41838	186,46973	-120,09776	-119,9769	-0,28725713	-0,04715167	-0,04363152	-0,044799626
41838	186,96973	-118,14775	-118,11334	-0,28428137	-0,046643034	-0,042987455	-0,044293355
41838	187,46973	-116,19775	-116,11924	-0,28157979	-0,046065167	-0,042488821	-0,043685563
41838	187,96973	-114,24775	-114,15981	-0,27847141	-0,045554921	-0,041983176	-0,043125987
41838	188,46973	-112,29775	-112,2859	-0,27546287	-0,045064628	-0,041274026	-0,042611632
41838	188,96973	-110,34776	-110,22581	-0,272578	-0,044395685	-0,040943496	-0,041953698
41838	189,46973	-108,39775	-108,31253	-0,26915967	-0,043838024	-0,040214662	-0,041392293
41838	189,96973	-106,44775	-106,34524	-0,26641339	-0,043231443	-0,039684098	-0,040846203
41838	190,46973	-104,49775	-104,3956	-0,26293546	-0,042739496	-0,039020881	-0,040160939
41838	190,96973	-102,54775	-102,4896	-0,2595529	-0,042177528	-0,03841228	-0,039707758
41838	191,46973	-100,59776	-100,50575	-0,25725514	-0,041648746	-0,037950236	-0,039104674
41838	191,96973	-98,647751	-98,590652	-0,25376379	-0,041011408	-0,037286006	-0,03841969
41838	192,46973	-96,697754	-96,647995	-0,25034994	-0,040502831	-0,036721639	-0,03783451
41838	192,96973	-94,747749	-94,666451	-0,24760664	-0,039838955	-0,036019351	-0,037241641
41838	193,46973	-92,797752	-92,752403	-0,24362952	-0,039321139	-0,035523798	-0,036739409
41838	193,96973	-90,847748	-90,757133	-0,24071932	-0,038747057	-0,034971338	-0,036070265
41838	194,46973	-88,897751	-88,821083	-0,23761988	-0,038094521	-0,03426753	-0,035487331
41838	194,96973	-86,947754	-86,822052	-0,23395717	-0,037564293	-0,03361186	-0,034946457
41838	195,46973	-84,997749	-84,909546	-0,23064762	-0,037014127	-0,032952175	-0,034276914
41838	195,96973	-83,047752	-82,957397	-0,22747666	-0,036429316	-0,032353017	-0,033746984
41838	196,46973	-81,097748	-80,997147	-0,22339374	-0,035814211	-0,031666506	-0,033072576
41838	196,96973	-79,147751	-79,115288	-0,22026896	-0,035226047	-0,031040847	-0,032562632
41838	197,46973	-77,197754	-77,149551	-0,21754205	-0,034723222	-0,030387551	-0,031920079
41838	197,96973	-75,247749	-75,187439	-0,21369755	-0,03398414	-0,029757261	-0,031290729
41838	198,46973	-73,297752	-73,233353	-0,20962507	-0,033452034	-0,029207923	-0,030724192
41838	198,96973	-71,347748	-71,243195	-0,20615011	-0,032751188	-0,028445508	-0,030077249
41838	199,46973	-69,397751	-69,308044	-0,20212978	-0,032201245	-0,027760912	-0,029527817
41838	199,96973	-67,447754	-67,347336	-0,19887537	-0,031555772	-0,027172549	-0,028931225
41838	200,46973	-65,497749	-65,400986	-0,19426197	-0,030983955	-0,026389351	-0,028293654
41838	200,96973	-63,547752	-63,457954	-0,19121766	-0,030419543	-0,025847087	-0,027699169
41838	201,46973	-61,597752	-61,489185	-0,18730462	-0,029731095	-0,025098583	-0,02699261
41838	201,96973	-59,647751	-59,594105	-0,18362552	-0,029107988	-0,024430105	-0,026464216
41838	202,46973	-57,69775	-57,630142	-0,17952174	-0,028464511	-0,023776541	-0,02582065
41838	202,96973	-55,747749	-55,692875	-0,17534941	-0,027792871	-0,023009203	-0,025152486
41838	203,46973	-53,797752	-53,737347	-0,17123967	-0,0271523	-0,022324346	-0,024544448
41838	203,96973	-51,847752	-51,744862	-0,16697943	-0,026429251	-0,02160392	-0,023871053
41838	204,46973	-49,897751	-49,79356	-0,16301572	-0,025851041	-0,020953754	-0,023248712
41838	204,96973	-47,94775	-47,826607	-0,15868843	-0,025153518	-0,020212097	-0,022583358
41838	205,46973	-45,997749	-45,921162	-0,15515238	-0,024455801	-0,019452438	-0,02199005
41838	205,96973	-44,047749	-43,960442	-0,15023649	-0,023773387	-0,018727403	-0,021323718
41838	206,46973	-42,097752	-42,059811	-0,1466468	-0,02309376	-0,018027078	-0,020673167
41838	206,96973	-40,147751	-40,076992	-0,14182627	-0,022371262	-0,017322088	-0,019972101
41838	207,46973	-38,19775	-38,142605	-0,13655573	-0,021707743	-0,016530802	-0,019237179
41838	207,96973	-36,247749	-36,229652	-0,13259947	-0,020981207	-0,015852446	-0,018595615
41838	208,46973	-34,297749	-34,201199	-0,12821257	-0,020231396	-0,014987576	-0,01788906
41838	208,96973	-32,347752	-32,250439	-0,12298077	-0,019441709	-0,014240616	-0,017224303
41838	209,46973	-30,397751	-30,307665	-0,11815578	-0,018762037	-0,013537887	-0,016560435
41838	209,96973	-28,44775	-28,305946	-0,11325181	-0,017953709	-0,012713986	-0,015731337
41838	210,46973	-26,497749	-26,419502	-0,10842979	-0,017209083	-0,012087583	-0,015146324
41838	210,96973	-24,54775	-24,501398	-0,10378212	-0,016375378	-0,011243453	-0,014396619
41838	211,46973	-22,59775	-22,558094	-0,098355114	-0,015586883	-0,010723665	-0,013559084
41838	211,96973	-20,647749	-20,620234	-0,092498958	-0,01479657	-0,009902196	-0,012881052
41838	212,46973	-18,69775	-18,659678	-0,086501241	-0,013923705	-0,0091655571	-0,011965916
41838	212,96973	-16,747749	-16,723179	-0,079663098	-0,012991473	-0,0084994398	-0,011196289
41838	213,46973	-14,79775	-14,72127	-0,073713064	-0,012107924	-0,0077832853	-0,010314101
41838	213,96973	-12,84775	-12,845901	-0,067202747	-0,011176392	-0,0073296586	-0,0094795842
41838	214,46973	-10,89775	-10,838952	-0,059683621	-0,010166928	-0,0065906784	-0,0085572302
41838	214,96973	-8,9477491	-8,8447533	-0,051029027	-0,0091777146	-0,0060569635	-0,0075153764
41838	215,46973	-6,9977493	-7,090457	-0,043000281	-0,0081533045	-0,0054085916	-0,0067453273
41838	215,96973	-5,0477495	-5,4735599	-0,035248697	-0,0072568655	-0,0048878072	-0,0059117489
41838	216,46973	-3,927	-3,7740469	-0,023904443	-0,0062795728	-0,0042824764	-0,0050757304
41838	216,96973	-3,927	-3,7768912	-0,022949278	-0,006155178	-0,0041458616	-0,0050080866
41838	217,46973	-3,927	-3,7452335	-0,022815168	-0,0061202496	-0,0040774029	-0,0049449541
41838	217,96973	-3,927	-3,7938859	-0,022606552	-0,0060216784	-0,0040820921	-0,0049031377
41838	218,46973	-3,927	-3,8102641	-0,022631884	-0,0061068535	-0,0041085826	-0,0049290396
41838	218,96973	-3,927	-3,8387012	-0,022654235	-0,006040886	-0,0040699346	-0,0048750117
41838	219,46973	-3,927	-3,8574896	-0,022743642	-0,006066829	-0,0039835479	-0,0048962347
41838	219,96973	-3,927	-3,8644187	-0,022450089	-0,0059823096	-0,0040287953	-0,0048811212
41838	220,46973	-3,927	-3,8642585	-0,022883713	-0,0059743971	-0,0040422603	-0,0048180073
41838	220,96973	-3,927	-3,8840678	-0,023049116	-0,0059304833	-0,0040130913	-0,0048250407
41838	221,46973	-3,927	-3,8881264	-0,022794306	-0,0059229434	-0,0039947368	-0,0047760271
41838	221,96973	-3,927	-3,8902311	-0,022642314	-0,0059624463	-0,0040624253	-0,0048550554
41838	222,46973	-3,927	-3,9129984	-0,022746623	-0,0059466958	-0,0039555347	-0,0048147291
41838	222,96973	-3,927	-3,9117839	-0,022755563	-0,0059258193	-0,0039224206	-0,0048358068
41838	223,46973	-3,927	-3,8737245	-0,022518635	-0,0058705956	-0,0039163278	-0,0047457218
41838	223,96973	-3,927	-3,9057379	-0,022353232	-0,0059356242	-0,0039012206	-0,0047702752
41838	224,46973	-3,927	-3,869379	-0,023010373	-0,005826965	-0,0038761136	-0,0047364831
41838	224,96973	-3,927	-3,9272494	-0,023064017	-0,0058910698	-0,003849115	-0,0048225522
41838	225,46973	-3,927	-3,9207172	-0,022661686	-0,0058649629	-0,0040037818	-0,0047792569
41838	225,96973	-3,927	-3,9003305	-0,022016466	-0,0058106333	-0,0038672646	-0,0047670156
41838	226,46973	-3,927	-3,9166584	-0,022880733	-0,0057926029	-0,00376617	-0,0047200434
41838	226,96973	-3,927	-3,8900523	-0,022386014	-0,0057216883	-0,0038846668	-0,0047189407
41838	227,46973	-3,927	-3,9246752	-0,022894144	-0,0058225095	-0,0038027551	-0,0047323816
41838	227,96973	-3,927	-3,8994887	-0,022432208	-0,0058166683	-0,0038418758	-0,0046757758
41838	228,46973	-3,927	-3,935879	-0,022630394	-0,0057702661	-0,003864561	-0,004779879
41838	228,96973	-3,927	-3,8845186	-0,022338331	-0,0057401061	-0,0037967463	-0,0046736598
41838	229,46973	-3,927	-3,9144998	-0,022947788	-0,0058090538	-0,0038965696	-0,0047618337
41838	229,96973	-3,927	-3,8684533	-0,021895766	-0,0057208687	-0,0037563022	-0,0046881065
41838	230,46973	-3,927	-3,9229951	-0,022627413	-0,0057603568	-0,0037713333	-0,0046877079
41838	230,96973	-3,927	-3,9035623	-0,022730231	-0,0057353824	-0,0038573311	-0,0046880841
41838	231,46973	-3,927	-3,9131007	-0,021977723	-0,0057775378	-0,0038188624	-0,0046375357
41838	231,96973	-3,927	-3,9367843	-0,022000074	-0,0057155937	-0,0038208899	-0,0047709383
41838	232,46973	-3,927	-3,9412193	-0,022093952	-0,0057632327	-0,0037822339	-0,0047255196
41838	232,96973	-3,927	-3,9123502	-0,021967292	-0,0057623535	-0,0039171008	-0,0046960823
41838	233,46973	-3,927	-3,9567351	-0,022234023	-0,0057747066	-0,0037783764	-0,0046777837
41838	233,96973	-3,927	-3,9198883	-0,022225082	-0,0057358295	-0,003715344	-0,0046182759
41838	234,46973	-3,927	-3,8838739	-0,021423399	-0,0057004392	-0,0037453009	-0,0046816766
41838	234,96973	-3,927	-3,8795638	-0,021778047	-0,0057025552	-0,0037357223	-0,0046721213
41838	235,46973	-3,927	-3,8961415	-0,021772087	-0,0057485849	-0,0038432686	-0,0046945028
41838	235,96973	-3,927	-3,926482	-0,022320449	-0,0057239532	-0,0037188882	-0,0046808049
41838	236,46973	-3,927	-3,9152503	-0,021933019	-0,005702883	-0,0038465888	-0,004626222
41838	236,96973	-3,927	-3,9401557	-0,021843612	-0,0058101267	-0,0038023132	-0,0047204047
41838	237,46973	-3,927	-3,9291196	-0,022611022	-0,0057792515	-0,0036762671	-0,0046260431
41838	237,96973	-3,927	-3,9508808	-0,021882355	-0,0056949705	-0,0038172037	-0,0047266707
41838	238,46973	-3,927	-3,8978794	-0,02207309	-0,0057310462	-0,0036819272	-0,004581891
41838	238,96973	-3,927	-3,9380715	-0,021958351	-0,005855307	-0,0038084586	-0,0046962053
41838	239,46973	-3,927	-3,8589983	-0,022155046	-0,0056421608	-0,0037132751	-0,0045991018
41838	239,96973	-3,927	-3,922334	-0,021801889	-0,005674839	-0,0037412394	-0,0046481192
41838	240,46973	-3,927	-3,9487984	-0,022284687	-0,0056695193	-0,0038149168	-0,0046227351
41838	240,96973	-3,927	-3,9508548	-0,021496415	-0,0056980699	-0,0037318526	-0,0047217347
41838	241,46973	-3,927	-3,8957448	-0,021831691	-0,0056475252	-0,0038039607	-0,0045951605
41838	241,96973	-3,927	-4,0044284	-0,02168119	-0,0057270229	-0,0037975565	-0,0046711564
41838	242,46973	-3,927	-3,9000995	-0,02143234	-0,0056594312	-0,0036683709	-0,0045832694
41838	242,96973	-3,927	-3,9363167	-0,021739304	-0,0056356788	-0,0036330328	-0,0047031641
41838	243,46973	-3,927	-3,9532297	-0,021387637	-0,0055874884	-0,0036943064	-0,0046035536
41838	243,96973	-3,927	-3,9289334	-0,021356344	-0,0056559294	-0,0037098078	-0,0046738535
41838	244,46973	-3,927	-3,9008856	-0,021675229	-0,0056329817	-0,0037195187	-0,0046695471
41838	244,96973	-3,927	-3,9002187	-0,021214783	-0,005616039	-0,0036688934	-0,0046485029
41838	245,46973	-3,927	-3,9651356	-0,02168119	-0,0056062937	-0,0036811244	-0,0046302006
41838	245,96973	-3,927	-3,9661508	-0,021672249	-0,0056233853	-0,0036548681	-0,0046570636
41838	246,46973	-4,7268047	-4,4782238	-0,023670495	-0,0058609992	-0,0038519327	-0,0047882795
41838	246,96973	-6,676805	-6,4184537	-0,032167137	-0,0065015107	-0,0042172763	-0,0054484643
41838	247,46973	-8,6268053	-8,6011887	-0,042378902	-0,0074743181	-0,0049551325	-0,0061761755
41838	247,96973	-10,576805	-10,811289	-0,051401556	-0,0084616691	-0,0054973625	-0,0070288461
41838	248,46973	-12,526805	-12,773661	-0,058160722	-0,0092907697	-0,006010795	-0,0077249724
41838	248,96973	-14,476805	-14,730045	-0,064535439	-0,010154814	-0,0065600146	-0,0085002929
41838	249,46973	-16,426805	-16,591711	-0,070154667	-0,010843217	-0,0071075112	-0,009172881
41838	249,96973	-18,376804	-18,520792	-0,076292455	-0,011654034	-0,0077687595	-0,0099385828
41838	250,46973	-20,326805	-20,459129	-0,081495941	-0,012433439	-0,0083750691	-0,01064836
41838	250,96973	-22,276806	-22,441982	-0,087492168	-0,013159424	-0,008959949	-0,011359451
41838	251,46973	-24,226805	-24,322739	-0,091785192	-0,013914496	-0,0096332794	-0,012077162
41838	251,96973	-26,176805	-26,298548	-0,096824765	-0,014750868	-0,010257884	-0,012780856
41838	252,46973	-28,126806	-28,203632	-0,10201335	-0,015450358	-0,011083025	-0,01346951
41838	252,96973	-30,076805	-30,169752	-0,10698587	-0,01615946	-0,0116374	-0,014167186
41838	253,46973	-32,026806	-32,129421	-0,11131167	-0,016877457	-0,012281127	-0,014831876
41838	253,96973	-33,976807	-34,051815	-0,11616796	-0,017677397	-0,013022078	-0,015411757
41838	254,46973	-35,926807	-36,033157	-0,12091249	-0,018448651	-0,013753374	-0,0161507
41838	254,96973	-37,876804	-37,974205	-0,125359	-0,019120976	-0,014451138	-0,016783325
41838	255,46973	-39,826805	-39,965286	-0,1303941	-0,019909486	-0,015090565	-0,017583188
41838	255,96973	-41,776806	-41,854855	-0,13419092	-0,020515576	-0,015737994	-0,018120809
41838	256,46973	-43,726807	-43,821968	-0,13837218	-0,02125743	-0,016533241	-0,018824024
41838	256,96973	-45,676807	-45,743572	-0,14259666	-0,021889091	-0,017057275	-0,019492215
41838	257,46973	-47,626804	-47,686668	-0,14660507	-0,022589013	-0,017746083	-0,020156216
41838	257,96973	-49,576805	-49,626564	-0,15155375	-0,023346156	-0,018536977	-0,020824324
41838	258,46973	-51,526806	-51,624081	-0,15543103	-0,024017394	-0,019200617	-0,02141742
41838	258,96973	-53,476807	-53,59444	-0,15923381	-0,024674729	-0,019938568	-0,022141997
41838	259,46973	-55,426807	-55,519043	-0,16316175	-0,025328472	-0,020489683	-0,022774283
41838	259,96973	-57,376804	-57,465336	-0,16643703	-0,026056945	-0,021287197	-0,02346123
41838	260,46973	-59,326805	-59,426289	-0,17072707	-0,026666626	-0,021875666	-0,024075307
41838	260,96973	-61,276806	-61,370914	-0,17503351	-0,027341321	-0,022467818	-0,024771493
41838	261,46973	-63,226807	-63,284611	-0,17829984	-0,028006762	-0,02322275	-0,02534119
41838	261,96973	-65,176804	-65,237091	-0,18223226	-0,028650671	-0,023739129	-0,025990365
41838	262,46973	-67,126808	-67,218636	-0,18624663	-0,029358655	-0,024556998	-0,02668025
41838	262,96973	-69,076805	-69,138512	-0,18969029	-0,029909298	-0,025128128	-0,027291879
41838	263,46973	-71,02681	-71,136032	-0,19389093	-0,030588433	-0,025677511	-0,028013002
41838	263,96973	-72,976807	-73,080254	-0,19703805	-0,031242281	-0,026450558	-0,028659586
41838	264,46973	-74,926804	-75,027252	-0,20084232	-0,031908348	-0,027069051	-0,029183533
41838	264,96973	-76,876808	-76,98642	-0,20433664	-0,032553941	-0,027792051	-0,029915413
41838	265,46973	-78,826805	-78,904015	-0,20855218	-0,033109009	-0,028391667	-0,030502964
41838	265,96973	-80,77681	-80,870071	-0,21244735	-0,03379257	-0,028982088	-0,031178413
41838	266,46973	-82,726807	-82,779129	-0,21629483	-0,034386829	-0,029662602	-0,031773157
41838	266,96973	-84,676804	-84,716667	-0,21900982	-0,035024643	-0,030195132	-0,032378152
41838	267,46973	-86,626808	-86,699974	-0,22269636	-0,035666749	-0,030971739	-0,03308481
41838	267,96973	-88,576805	-88,652824	-0,22666752	-0,03627032	-0,031549554	-0,033658009
41838	268,46973	-90,52681	-90,639755	-0,2293691	-0,036826953	-0,032098223	-0,034372579
41838	268,96973	-92,476807	-92,577858	-0,2332598	-0,037500769	-0,032770388	-0,034927942
41838	269,46973	-94,426804	-94,526222	-0,23647249	-0,038056195	-0,033357702	-0,035551995
41838	269,96973	-96,376808	-96,46627	-0,23974478	-0,038709268	-0,034004509	-0,036229812
41838	270,46973	-98,326805	-98,389992	-0,24269521	-0,039373502	-0,034523606	-0,036827322
41838	270,96973	-100,27681	-100,32632	-0,24665743	-0,039978772	-0,035201624	-0,037389617
41838	271,46973	-102,22681	-102,30465	-0,24959892	-0,0405792	-0,035809707	-0,03799792
41838	271,96973	-104,1768	-104,24028	-0,25307387	-0,041107133	-0,036377445	-0,038599525
41838	272,46973	-106,12681	-106,18623	-0,25687516	-0,041768014	-0,03701045	-0,039331947
41838	272,96973	-108,07681	-108,13882	-0,25987178	-0,042340547	-0,03752419	-0,039900716
41838	273,46973	-110,02681	-110,09663	-0,2634719	-0,042947099	-0,038231354	-0,040474087
41838	273,96973	-111,97681	-112,08866	-0,26629865	-0,043487549	-0,038877811	-0,041210089
41838	274,46973	-113,92681	-114,03221	-0,26938915	-0,04413116	-0,039351985	-0,041751213
41838	274,96973	-115,87681	-115,9379	-0,27302206	-0,044719309	-0,040015344	-0,042325906
41838	275,46973	-117,82681	-117,87479	-0,27614236	-0,045352831	-0,040581487	-0,042961039
41838	275,96973	-119,77681	-119,82066	-0,27913749	-0,045850947	-0,041311655	-0,043549877
41838	276,46973	-121,72681	-121,76511	-0,28262883	-0,046471044	-0,041655857	-0,044189103
41838	276,96973	-123,67681	-123,74752	-0,28579533	-0,04702881	-0,042318244	-0,044814624
41838	277,46973	-125,62681	-125,6757	-0,28822124	-0,047667205	-0,043013629	-0,045378827
41838	277,96973	-127,57681	-127,63658	-0,29175878	-0,048267126	-0,043467067	-0,04595466
41838	278,46973	-129,52681	-129,64716	-0,29505789	-0,048877195	-0,044070441	-0,046676662
41838	278,96973	-131,47681	-131,53458	-0,29794127	-0,049446359	-0,044607759	-0,047244366
41838	279,46973	-133,4268	-133,52991	-0,30030459	-0,049963579	-0,045156237	-0,047800466
41838	279,96973	-135,3768	-135,44215	-0,30375868	-0,05063042	-0,045718919	-0,048433311
41838	280,46973	-137,32681	-137,32826	-0,30655861	-0,051157117	-0,046296481	-0,049016465
41838	280,96973	-139,27681	-139,36508	-0,3090784	-0,051687896	-0,046874925	-0,049694177
41838	281,46973	-141,22681	-141,30469	-0,31272918	-0,052316085	-0,047404706	-0,050262887
41838	281,96973	-143,1768	-143,23788	-0,31609684	-0,052906409	-0,047963731	-0,05089746
41838	282,46973	-145,12682	-145,24355	-0,31827837	-0,053515166	-0,048619203	-0,051490385
41838	282,96973	-147,07681	-147,16458	-0,32137632	-0,054107308	-0,049074609	-0,052063078
41838	283,46973	-149,02681	-149,12502	-0,32402128	-0,054665029	-0,049634904	-0,05265402
41838	283,96973	-150,97681	-151,06438	-0,32691807	-0,05522728	-0,05026044	-0,053311974
41838	284,46973	-152,9268	-152,98621	-0,33025295	-0,055687264	-0,050710462	-0,053849034
41838	284,96973	-154,87682	-154,96329	-0,33277571	-0,056308523	-0,051371362	-0,054514915
41838	285,46973	-156,82681	-156,85851	-0,33557117	-0,056923956	-0,051882338	-0,05504803
41838	285,96973	-158,77681	-158,80762	-0,33893734	-0,057413206	-0,052348144	-0,055656232
41838	286,46973	-160,72681	-160,79684	-0,34132749	-0,058090031	-0,052896563	-0,056344077
41838	286,96973	-162,6768	-162,76003	-0,34398884	-0,058615729	-0,053437509	-0,056835704
41838	287,46973	-164,62682	-164,69203	-0,34691095	-0,059153721	-0,054073121	-0,057443984
41838	287,96973	-166,57681	-166,67001	-0,35033673	-0,059750438	-0,054542501	-0,0580821
41838	288,46973	-168,52681	-168,55742	-0,35233796	-0,060280964	-0,055092633	-0,058645509
41838	288,96973	-170,47681	-170,58742	-0,35585612	-0,060916647	-0,055676766	-0,059342921
41838	289,46973	-172,4268	-172,49849	-0,35737455	-0,061480522	-0,056177948	-0,059899259
41838	289,96973	-174,37682	-174,43756	-0,36029965	-0,062027186	-0,056835741	-0,060466968
41838	290,46973	-176,32681	-176,30838	-0,36342591	-0,062628239	-0,057252448	-0,061054312
41838	290,96973	-178,27681	-178,31238	-0,36687702	-0,063191801	-0,0577567	-0,061632432
41838	291,46973	-180,22681	-180,15901	-0,36947578	-0,063707158	-0,058352564	-0,062287688
41838	291,96973	-182,1768	-182,25157	-0,37235767	-0,06433028	-0,058993686	-0,062919796
41838	292,46973	-184,12682	-184,19519	-0,37460178	-0,06489487	-0,059498355	-0,063535929
41838	292,96973	-185	-185,08667	-0,37625432	-0,065186203	-0,059831273	-0,063854218
41838	293,46973	-185	-185,04842	-0,37637949	-0,06526491	-0,05968437	-0,063805744
41838	293,96973	-185	-185,00198	-0,37641525	-0,065293834	-0,059912268	-0,06393069
41838	294,46973	-185	-185,05544	-0,37658662	-0,065363288	-0,059944067	-0,063986599
41838	294,96973	-185	-185,00114	-0,37647635	-0,065365955	-0,059930112	-0,063919023
41838	295,46973	-185	-184,97337	-0,37661791	-0,065421551	-0,059948616	-0,063990325
41838	295,96973	-185	-184,97958	-0,37711412	-0,065433532	-0,059963234	-0,063965738
41838	296,46973	-185	-184,99393	-0,37680864	-0,06549935	-0,059976485	-0,064021707
41838	296,96973	-185	-184,97964	-0,37649423	-0,065495491	-0,06004845	-0,06400165
41838	297,46973	-185	-184,9816	-0,37714094	-0,065477461	-0,060044076	-0,064031236
41838	297,96973	-185	-185,03181	-0,37736446	-0,065498844	-0,060121916	-0,064143635
41838	298,46973	-185	-185,03462	-0,37703961	-0,065574259	-0,060071897	-0,064076945
41838	298,96973	-185	-185,03648	-0,37672818	-0,065537989	-0,060186163	-0,064119101
41838	299,46973	-185	-185,02956	-0,3775999	-0,065556049	-0,060160965	-0,064154759
41838	299,96973	-185	-184,97183	-0,37739724	-0,065576658	-0,060146008	-0,064145565
41838	300,46973	-185	-185,01035	-0,37721545	-0,065683037	-0,06020695	-0,064181529
41838	300,96973	-185	-184,86258	-0,37741661	-0,065607339	-0,060113363	-0,064147316
41838	301,46973	-185	-184,93602	-0,37793368	-0,065575182	-0,060180251	-0,064149834
41838	301,96973	-185	-185,04512	-0,37703961	-0,065689921	-0,060243625	-0,064251594
41838	302,46973	-185	-185,00491	-0,37737936	-0,065658212	-0,060219683	-0,064177498
41838	302,96973	-185	-185,03954	-0,37760139	-0,065694302	-0,060245138	-0,064235993
41838	303,46973	-185	-185,04367	-0,37741959	-0,065736234	-0,060241893	-0,064229682
41838	303,96973	-185	-185,02431	-0,37764013	-0,065700248	-0,060242113	-0,064235702
41838	304,46973	-185	-185,02446	-0,37709922	-0,06565015	-0,060341273	-0,064263031
41838	304,96973	-185	-184,88356	-0,37788451	-0,065703928	-0,060214028	-0,064198606
41838	305,46973	-185	-184,90987	-0,37731379	-0,065764233	-0,060251448	-0,064279847
41838	305,96973	-185	-185,00742	-0,3776297	-0,065790907	-0,06033897	-0,064267106
41838	306,46973	-185	-184,98683	-0,37777275	-0,065750226	-0,060361471	-0,064261675
41838	306,96973	-185	-184,99886	-0,37807375	-0,065834731	-0,060242325	-0,064310282
41838	307,46973	-185	-185,02849	-0,37802458	-0,065864101	-0,060364377	-0,064326592
41838	307,96973	-185	-185,00525	-0,37781298	-0,065872699	-0,060302172	-0,06430918
41838	308,46973	-185	-185,04044	-0,37785619	-0,06594485	-0,060355339	-0,064355664
41838	308,96973	-185	-185,01741	-0,37802309	-0,065885991	-0,060397025	-0,064287975
41838	309,46973	-185	-184,96829	-0,37819445	-0,065853283	-0,060370896	-0,064405307
41838	309,96973	-185	-185,00706	-0,37776232	-0,065920338	-0,060478728	-0,064362139
41838	310,46973	-185	-184,98665	-0,37834793	-0,065923825	-0,060418453	-0,064390033
41838	310,96973	-185	-184,97784	-0,37823617	-0,065965906	-0,060382899	-0,064374417
41838	311,46973	-185	-184,96509	-0,37812442	-0,065893993	-0,060413193	-0,064349242
41838	311,96973	-185	-185,01935	-0,37789494	-0,06593594	-0,060458343	-0,064434022
41838	312,46973	-185	-184,90833	-0,37787557	-0,065905035	-0,060509834	-0,064315826
41838	312,96973	-185	-185,00891	-0,37774295	-0,065954775	-0,060521554	-0,064474113
41838	313,46973	-185	-185,04749	-0,37805885	-0,065994546	-0,060447861	-0,064384788
41838	313,96973	-185	-185,05153	-0,37772208	-0,065951288	-0,060553048	-0,064452089
41838	314,46973	-185	-185,02196	-0,37825257	-0,066009447	-0,060501974	-0,064467713
41838	314,96973	-185	-184,97491	-0,37823021	-0,066006273	-0,060575876	-0,064394847
41838	315,46973	-185	-185,0074	-0,37823468	-0,066113859	-0,06056441	-0,064503998
41838	315,96973	-185	-185,00099	-0,37840307	-0,066050872	-0,060509685	-0,064455032
41838	316,46973	-185	-184,98537	-0,37854612	-0,065988615	-0,060546804	-0,064426862
41838	316,96973	-185	-185,0191	-0,37870705	-0,06606704	-0,060593519	-0,06454847
41838	317,46973	-185	-185,0079	-0,37858039	-0,066006094	-0,060632106	-0,064476706
41838	317,96973	-185	-185,06245	-0,37783384	-0,066061318	-0,06056362	-0,064517692
41838	318,46973	-185	-185,06403	-0,37848651	-0,066070542	-0,060584892	-0,064491063
41838	318,96973	-185	-185,01868	-0,37810504	-0,066074759	-0,060662519	-0,064507507
41838	319,46973	-185	-184,95778	-0,37832707	-0,066102788	-0,06057791	-0,064490624
41838	319,96973	-185	-184,9933	-0,37830472	-0,066156968	-0,06058931	-0,064517088
41838	320,46973	-185	-184,98289	-0,37822574	-0,066083968	-0,060565729	-0,064527184
41838	320,96973	-185	-184,98833	-0,3775686	-0,066023484	-0,060598578	-0,064455375
41838	321,46973	-185	-185,01888	-0,37834942	-0,066108957	-0,060597431	-0,064576074
41838	321,96973	-185	-184,99715	-0,37789047	-0,066144049	-0,060568426	-0,06451267
41838	322,46973	-185	-185,0274	-0,37881732	-0,066094309	-0,060708787	-0,064507425
41838	322,96973	-183,65723	-183,69084	-0,37677139	-0,065861493	-0,060243022	-0,064204261
41838	323,46973	-181,15723	-181,09113	-0,37307292	-0,065100461	-0,059689742	-0,063473724
41838	323,96973	-178,65723	-178,58463	-0,37011802	-0,064440697	-0,058980826	-0,062802225
41838	324,46973	-176,15723	-176,0416	-0,36633313	-0,063835517	-0,058329657	-0,062118951
41838	324,96973	-173,65723	-173,53418	-0,3640011	-0,063218102	-0,05779634	-0,061364397
41838	325,46973	-171,15723	-171,05856	-0,36074221	-0,062498927	-0,057142507	-0,060700908
41838	325,96973	-168,65723	-168,55405	-0,35694987	-0,061955601	-0,056598779	-0,059982009
41838	326,46973	-166,15723	-166,05524	-0,35391748	-0,061218843	-0,055888917	-0,059295624
41838	326,96973	-163,65723	-163,56258	-0,35080761	-0,060544863	-0,055230036	-0,05863471
41838	327,46973	-161,15723	-161,07732	-0,34788996	-0,059922308	-0,054711878	-0,057894647
41838	327,96973	-158,65723	-158,58197	-0,34395009	-0,059210896	-0,053927753	-0,057178475
41838	328,46973	-156,15723	-156,08073	-0,34069866	-0,058549583	-0,053340133	-0,056508258
41838	328,96973	-153,65723	-153,53444	-0,33741146	-0,057884738	-0,052658953	-0,05571273
41838	329,46973	-151,15723	-151,0578	-0,33369362	-0,057171762	-0,052001309	-0,055107631
41838	329,96973	-148,65723	-148,54112	-0,33010691	-0,056597158	-0,051413581	-0,054333501
41838	330,46973	-146,15723	-146,01418	-0,32677054	-0,055783957	-0,05067493	-0,053590573
41838	330,96973	-143,65723	-143,5489	-0,32247603	-0,055132151	-0,050180703	-0,052943043
41838	331,46973	-141,15723	-141,04135	-0,31922162	-0,054463029	-0,049300268	-0,052130166
41838	331,96973	-138,65723	-138,5835	-0,31656772	-0,053853944	-0,048865154	-0,051526196
41838	332,46973	-136,15723	-136,08299	-0,31259805	-0,053143546	-0,048090555	-0,050797336
41838	332,96973	-133,65723	-133,56758	-0,30888915	-0,052430093	-0,047467202	-0,049974151
41838	333,46973	-131,15723	-131,0699	-0,30461103	-0,051712424	-0,046702262	-0,0492962
41838	333,96973	-128,65723	-128,51997	-0,30149221	-0,05101341	-0,046033677	-0,048514187
41838	334,46973	-126,15723	-126,03896	-0,29826909	-0,050373003	-0,045446604	-0,04787869
41838	334,96973	-123,65723	-123,51263	-0,29439628	-0,049610659	-0,044688325	-0,047116444
41838	335,46973	-121,15723	-121,05643	-0,29122233	-0,048898652	-0,043972872	-0,046362977
41838	335,96973	-118,65723	-118,55027	-0,2868697	-0,048206255	-0,043350115	-0,04560199
41838	336,46973	-116,15723	-116,04433	-0,28319508	-0,047451064	-0,04257217	-0,044832151
41838	336,96973	-113,65723	-113,57613	-0,27970821	-0,046841234	-0,041898865	-0,044183407
41838	337,46973	-111,15723	-111,07859	-0,27520061	-0,046041235	-0,041096397	-0,043365009
41838	337,96973	-108,65723	-108,58858	-0,27141422	-0,045261428	-0,040407497	-0,042706266
41838	338,46973	-106,15723	-106,0378	-0,26760548	-0,044553697	-0,039677072	-0,041904069
41838	338,96973	-103,65723	-103,55565	-0,26409924	-0,043828622	-0,038868431	-0,041168075
41838	339,46973	-101,15723	-101,01398	-0,25968403	-0,043053165	-0,038250867	-0,040448636
41838	339,96973	-98,657227	-98,558113	-0,25603771	-0,042463958	-0,037360214	-0,039675668
41838	340,46973	-96,157227	-96,038734	-0,25125444	-0,041762471	-0,03651065	-0,038901176
41838	340,96973	-93,657227	-93,519318	-0,24745166	-0,040923402	-0,035841554	-0,038110718
41838	341,46973	-91,157227	-91,098595	-0,24338812	-0,04023017	-0,034978937	-0,03743175
41838	341,96973	-88,657227	-88,579842	-0,23913682	-0,039485261	-0,034211654	-0,036610257
41838	342,46973	-86,157227	-86,058296	-0,23452789	-0,038699001	-0,033422191	-0,035837628
41838	342,96973	-83,657227	-83,547577	-0,23018569	-0,037942424	-0,032575447	-0,035066597
41838	343,46973	-81,157227	-81,050934	-0,22533387	-0,037167907	-0,031829793	-0,034271356
41838	343,96973	-78,657227	-78,552963	-0,22072494	-0,036434606	-0,03094063	-0,033530522
41838	344,46973	-76,157227	-76,029175	-0,21673441	-0,035687059	-0,03008331	-0,032769088
41838	344,96973	-73,657227	-73,539085	-0,21204799	-0,034799188	-0,029329173	-0,031945731
41838	345,46973	-71,157227	-71,053253	-0,20788163	-0,034102976	-0,028483588	-0,031252664
41838	345,96973	-68,657227	-68,530769	-0,20226091	-0,033225924	-0,027696846	-0,030397687
41838	346,46973	-66,157227	-66,047661	-0,19856542	-0,032421693	-0,026640939	-0,029588642
41838	346,96973	-63,657227	-63,592915	-0,19301325	-0,03167516	-0,025756102	-0,028861176
41838	347,46973	-61,157227	-61,059765	-0,18775463	-0,030832469	-0,025008436	-0,028070975
41838	347,96973	-58,657227	-58,537735	-0,18188357	-0,029971212	-0,024121204	-0,027201518
41838	348,46973	-56,157227	-56,05146	-0,17763674	-0,029076338	-0,023273937	-0,026387809
41838	348,96973	-53,657227	-53,546268	-0,17197132	-0,028171182	-0,022287596	-0,025531407
41838	349,46973	-51,157227	-51,022236	-0,16753823	-0,027374983	-0,021375947	-0,024670716
41838	349,96973	-48,657227	-48,556988	-0,16178489	-0,02652967	-0,02048691	-0,023905305
41838	350,46973	-46,157227	-46,05254	-0,15712976	-0,025568068	-0,01954652	-0,02305644
41838	350,96973	-43,657227	-43,580727	-0,15066713	-0,024771363	-0,018646862	-0,022148088
41838	351,46973	-41,157227	-41,137272	-0,1456067	-0,023886397	-0,017742557	-0,021422949
41838	351,96973	-38,657227	-38,579121	-0,1396805	-0,022913992	-0,016837118	-0,020434506
41838	352,46973	-36,157227	-36,067764	-0,13348162	-0,022047877	-0,015852431	-0,01950947
41838	352,96973	-33,657227	-33,623856	-0,12791008	-0,020981967	-0,014907558	-0,018644305
41838	353,46973	-31,157227	-31,061356	-0,12100041	-0,02001068	-0,01390639	-0,017705915
41838	353,96973	-28,657227	-28,525757	-0,11497885	-0,019056901	-0,012945855	-0,016731888
41838	354,46973	-26,157227	-26,083303	-0,10852516	-0,017982841	-0,011945291	-0,015829701
41838	354,96973	-23,657227	-23,542801	-0,10173917	-0,016861454	-0,011121661	-0,01478404
41838	355,46973	-21,157227	-21,077778	-0,095118582	-0,015784726	-0,010140504	-0,01385536
41838	355,96973	-18,657227	-18,579071	-0,086720288	-0,014705345	-0,0093532521	-0,012784695
41838	356,46973	-16,157227	-16,076969	-0,079207122	-0,013523579	-0,0084135197	-0,01168263
41838	356,96973	-13,657227	-13,649549	-0,070767105	-0,012335047	-0,007611894	-0,010605084
41838	357,46973	-11,157227	-11,149896	-0,061361492	-0,011054963	-0,0068788091	-0,0094083995
41838	357,96973	-8,6572266	-8,5956049	-0,051034987	-0,0097219199	-0,0060241455	-0,0081225261
41838	358,46973	-6,1572266	-6,3903832	-0,040085614	-0,008437559	-0,0054289624	-0,0070269369
41838	358,96973	-3,927	-4,1432419	-0,026649237	-0,0071956813	-0,0046479385	-0,0059088003
41838	359,46973	-3,927	-3,7217233	-0,023840368	-0,0067170858	-0,0043451553	-0,0056085661
41838	359,96973	-3,927	-3,7226286	-0,022928417	-0,0066798627	-0,004364931	-0,0055618398
41838	360,46973	-3,927	-3,6655719	-0,022938848	-0,0066335052	-0,004275077	-0,0054599829
41838	360,96973	-3,927	-3,7568231	-0,023688376	-0,0065920055	-0,0043240841	-0,0054978766
41838	361,46973	-3,927	-3,8000941	-0,023339689	-0,0066081285	-0,0042568445	-0,0054267794
41838	361,96973	-3,927	-3,8175285	-0,023154914	-0,0065684468	-0,0040956512	-0,0053956173
41838	362,46973	-3,927	-3,8588717	-0,022999942	-0,0065584332	-0,004234382	-0,0054954253
41838	362,96973	-3,927	-3,8387477	-0,023658574	-0,0065266937	-0,0042001316	-0,0054239035
41838	363,46973	-3,927	-3,8421099	-0,023473799	-0,0065076798	-0,0041473191	-0,0053649247
41838	363,96973	-3,927	-3,8796737	-0,02335757	-0,0065220296	-0,0041422602	-0,0054273233
41838	364,46973	-3,927	-3,8644989	-0,022900105	-0,0064836442	-0,0042480221	-0,0053881146
41838	364,96973	-3,927	-3,912503	-0,023256242	-0,0065369904	-0,0042114314	-0,0053322725
41838	365,46973	-3,927	-3,8831737	-0,023376942	-0,0065036863	-0,0041134031	-0,0053139962
41838	365,96973	-3,927	-3,8849394	-0,023034215	-0,0065056384	-0,004114287	-0,0053232759
41838	366,46973	-3,927	-3,9494298	-0,02310276	-0,0064546168	-0,0040733395	-0,005317416
41838	366,96973	-3,927	-3,9398725	-0,023046136	-0,0064160228	-0,0042431438	-0,0053229108
41838	367,46973	-3,927	-3,9097815	-0,023426116	-0,0064108223	-0,0041619893	-0,0053201392
41838	367,96973	-3,927	-3,9532835	-0,023171306	-0,0064415336	-0,0041060718	-0,0053591207
41838	368,46973	-3,927	-3,9262753	-0,0228405	-0,0063707381	-0,0040789656	-0,0053335503
41838	368,96973	-3,927	-3,910754	-0,023001432	-0,0064152181	-0,0039869789	-0,0052241348
41838	369,46973	-3,927	-3,9413049	-0,022751093	-0,006445989	-0,0040901732	-0,005397249
41838	369,96973	-3,927	-3,9083548	-0,023056567	-0,0063117892	-0,0040960694	-0,0052270368
41838	370,46973	-3,927	-3,9121265	-0,023500621	-0,0064091086	-0,0039480189	-0,0052752793
41838	370,96973	-3,927	-3,8983674	-0,022737682	-0,0063517243	-0,0040447852	-0,0052855201
41838	371,46973	-3,927	-3,8890057	-0,022722781	-0,006306082	-0,0039402358	-0,005241286
41838	371,96973	-3,927	-3,9559956	-0,022518635	-0,0063268989	-0,0040826211	-0,0052816011
41838	372,46973	-3,927	-3,9035287	-0,02284348	-0,0063125044	-0,0039795479	-0,0052303933
41838	372,96973	-3,927	-3,8919766	-0,02246052	-0,0063004792	-0,0039391126	-0,0051533245
41838	373,46973	-3,927	-3,9464645	-0,022906065	-0,0063149333	-0,0040546469	-0,0052956454
41838	373,96973	-3,927	-3,900526	-0,023169816	-0,0063441843	-0,0039657569	-0,0051566511
41838	374,46973	-3,927	-3,9229319	-0,022597611	-0,0062719136	-0,0039626071	-0,0051587597
41838	374,96973	-3,927	-3,921736	-0,022619963	-0,0062907785	-0,0039089937	-0,0052160323
41838	375,46973	-3,927	-3,9165969	-0,022436678	-0,0062687248	-0,0039782291	-0,0051546916
41838	375,96973	-3,927	-3,986491	-0,022803247	-0,0063096285	-0,0040268134	-0,0052823685
41838	376,46973	-3,927	-3,9778314	-0,023205578	-0,006267339	-0,0039141132	-0,0051775686
41838	376,96973	-3,927	-3,9537587	-0,022861362	-0,0062262714	-0,0039884476	-0,0050859079
41838	377,46973	-3,927	-3,9845612	-0,022566319	-0,0062835217	-0,0039216774	-0,0052305497
41838	377,96973	-3,927	-3,8977396	-0,02271682	-0,0062417388	-0,003987181	-0,0051284507
41838	378,46973	-3,927	-3,9286687	-0,023080409	-0,0062861592	-0,0038935563	-0,0050849617
41838	378,96973	-3,927	-3,9105992	-0,022171438	-0,0062589943	-0,0039247246	-0,0051086508
41838	379,46973	-3,927	-3,88732	-0,023041666	-0,0062163472	-0,0039453777	-0,0050964095
41838	379,96973	-3,927	-3,9093738	-0,022016466	-0,006215021	-0,0038277374	-0,0051033348
41838	380,46973	-3,927	-3,948992	-0,022426248	-0,0062372386	-0,0039273854	-0,0051138029
41838	380,96973	-3,927	-3,9388874	-0,022689998	-0,0061840117	-0,0039904043	-0,0051107593
41838	381,46973	-3,927	-3,9277244	-0,022616982	-0,0061963648	-0,0039335173	-0,0050751604
41838	381,96973	-3,927	-3,9697235	-0,022108853	-0,0061365366	-0,0039269002	-0,005119741
41838	382,46973	-3,927	-3,8957055	-0,021904707	-0,0061359555	-0,003841927	-0,0050356239
41838	382,96973	-3,927	-3,9033256	-0,021567941	-0,0061514825	-0,0038362977	-0,0050014518
41838	383,46973	-3,927	-3,9337873	-0,022643805	-0,0061775446	-0,003881593	-0,0051204711
41838	383,96973	-3,927	-3,9353371	-0,022409856	-0,0061321557	-0,0038556287	-0,0050422773
41838	384,46973	-3,927	-3,9514918	-0,022698939	-0,0061120093	-0,0037478365	-0,005036898
41838	384,96973	-3,927	-3,9593353	-0,022162497	-0,0061881095	-0,003930591	-0,0050929561
41838	385,46973	-3,927	-3,9811785	-0,022566319	-0,0061291158	-0,0038677391	-0,0050851852
41838	385,96973	-3,927	-3,9188228	-0,022023916	-0,0060588568	-0,0037345469	-0,0050457753
41838	386,46973	-3,927	-3,9067194	-0,022011995	-0,006168589	-0,0038481669	-0,0050101876
41838	386,96973	-3,927	-3,9641018	-0,021886826	-0,0061088353	-0,0038706267	-0,0050549135
41838	387,46973	-3,927	-3,9259865	-0,022470951	-0,0060824603	-0,0038875935	-0,0049706101
41838	387,96973	-3,927	-3,9466639	-0,022511184	-0,0061086118	-0,0038259577	-0,0050894059
41838	388,46973	-3,927	-3,9244797	-0,022041798	-0,0060534775	-0,0037565574	-0,0049757622
41838	388,96973	-3,927	-3,9570293	-0,022006035	-0,0060821474	-0,0038210296	-0,0050495155
41838	389,46973	-3,927	-3,9439723	-0,021599233	-0,0060456693	-0,0037944426	-0,0050371289
41838	389,96973	-3,927	-3,9315131	-0,021992624	-0,0060179532	-0,0037764206	-0,0049778596
41838	390,46973	-3,927	-3,9349329	-0,021623075	-0,0060371011	-0,003895628	-0,0049942732
41838	390,96973	-3,927	-3,9152634	-0,022278726	-0,005978778	-0,0037222833	-0,0049212277
41838	391,46973	-3,927	-3,9236135	-0,022028387	-0,0060177445	-0,0037222949	-0,0049095117
41838	391,96973	-3,927	-3,9317477	-0,021758676	-0,0060791522	-0,0037554551	-0,0050122663
41838	392,46973	-4,7039533	-4,4283977	-0,024238229	-0,0062055439	-0,0038744395	-0,0051013157
41838	392,96973	-6,6539531	-6,3303261	-0,032661855	-0,0069665313	-0,0043095015	-0,0057929531
41838	393,46973	-8,6039534	-8,599906	-0,043056905	-0,0079020411	-0,0049210358	-0,006514091
41838	393,96973	-10,553953	-10,81601	-0,05158186	-0,0088469088	-0,0055351583	-0,0073590018
41838	394,46973	-12,503953	-12,776711	-0,058493018	-0,0096652359	-0,0060996423	-0,0081618447
41838	394,96973	-14,453954	-14,654922	-0,064517558	-0,010505229	-0,0067214007	-0,0088938586
41838	395,46973	-16,403954	-16,592871	-0,07160753	-0,011268437	-0,0072370144	-0,0095466822
41838	395,96973	-18,353954	-18,489407	-0,076565146	-0,011987716	-0,007731284	-0,010347497
41838	396,46973	-20,303953	-20,450571	-0,082981586	-0,012835801	-0,0083436891	-0,011072477
41838	396,96973	-22,253954	-22,405514	-0,087693334	-0,013642967	-0,0090279384	-0,011806762
41838	397,46973	-24,203953	-24,313351	-0,09316951	-0,014429316	-0,0096765831	-0,012457596
41838	397,96973	-26,153954	-26,284288	-0,098642707	-0,015162781	-0,010409021	-0,013197275
41838	398,46973	-28,103954	-28,22917	-0,10329336	-0,015882239	-0,01093619	-0,013887934
41838	398,96973	-30,053953	-30,134573	-0,10767281	-0,016653523	-0,01171278	-0,014507934
41838	399,46973	-32,003952	-32,109005	-0,11267364	-0,017354667	-0,012322694	-0,015263908
41838	399,96973	-33,953953	-34,01202	-0,11721104	-0,018118188	-0,013109327	-0,015891479
41838	400,46973	-35,903954	-35,946255	-0,12167096	-0,01888676	-0,013789832	-0,016568597
41838	400,96973	-37,853954	-37,945747	-0,12678951	-0,019566685	-0,014480674	-0,017253062
41838	401,46973	-39,803955	-39,906288	-0,1311481	-0,020329848	-0,015144584	-0,017949577
41838	401,96973	-41,753956	-41,807106	-0,13531297	-0,020974308	-0,015855834	-0,018581262
41838	402,46973	-43,703953	-43,78146	-0,13969541	-0,021706671	-0,016548881	-0,019233571
41838	402,96973	-45,653954	-45,755215	-0,14401525	-0,022410929	-0,017177055	-0,019936878
41838	403,46973	-47,603954	-47,682095	-0,14788955	-0,023159415	-0,018034821	-0,020586541
41838	403,96973	-49,553955	-49,651455	-0,15182793	-0,023909479	-0,018666787	-0,021255238
41838	404,46973	-51,503956	-51,599167	-0,15566498	-0,024452135	-0,019284954	-0,021901574
41838	404,96973	-53,453953	-53,512371	-0,16036779	-0,025132075	-0,019912805	-0,022507519
41838	405,46973	-55,403954	-55,497013	-0,16441643	-0,025886014	-0,020603143	-0,02324257
41838	405,96973	-57,353954	-57,411304	-0,16843081	-0,026522487	-0,021404905	-0,023864187
41838	406,46973	-59,303955	-59,386494	-0,17213076	-0,027181491	-0,021946471	-0,024524219
41838	406,96973	-61,253956	-61,345509	-0,17570257	-0,027868032	-0,022542616	-0,025205318
41838	407,46973	-63,203953	-63,286846	-0,17965585	-0,028466195	-0,023264032	-0,025867455
41838	407,96973	-65,153954	-65,24646	-0,18427968	-0,029202744	-0,023965914	-0,026549676
41838	408,46973	-67,103958	-67,202065	-0,18665493	-0,029833317	-0,02467294	-0,027134288
41838	408,96973	-69,053955	-69,120483	-0,19119829	-0,030469984	-0,025305804	-0,027801665
41838	409,46973	-71,003952	-71,082153	-0,19514561	-0,031091809	-0,025860826	-0,028432081
41838	409,96973	-72,953957	-72,989838	-0,199157	-0,031714126	-0,026453773	-0,029053457
41838	410,46973	-74,903954	-74,968193	-0,20228177	-0,032374457	-0,027197603	-0,029745486
41838	410,96973	-76,853958	-76,933609	-0,20632148	-0,033023059	-0,027881073	-0,030342123
41838	411,46973	-78,803955	-78,8974	-0,20994246	-0,033690646	-0,028513361	-0,03093636
41838	411,96973	-80,753952	-80,913452	-0,21392852	-0,034257099	-0,029124338	-0,031697698
41838	412,46973	-82,703957	-82,80735	-0,21714866	-0,034938261	-0,0297391	-0,03226535
41838	412,96973	-84,653954	-84,745956	-0,22043437	-0,035573214	-0,030410346	-0,032853354
41838	413,46973	-86,603958	-86,71904	-0,22390932	-0,036200225	-0,030964803	-0,033576086
41838	413,96973	-88,553955	-88,608994	-0,22746623	-0,036709547	-0,031685844	-0,034132849
41838	414,46973	-90,503952	-90,536057	-0,2311781	-0,037294224	-0,032233611	-0,034731433
41838	414,96973	-92,453957	-92,538017	-0,23499131	-0,038045213	-0,032930505	-0,035434015
41838	415,46973	-94,403954	-94,482719	-0,23811907	-0,038567007	-0,033519901	-0,036014598
41838	415,96973	-96,353958	-96,42347	-0,2416268	-0,039134637	-0,034205608	-0,036591072
41838	416,46973	-98,303955	-98,418694	-0,24419576	-0,039824471	-0,034787524	-0,037276216
41838	416,96973	-100,25395	-100,36201	-0,24836808	-0,040383235	-0,035332147	-0,037884314
41838	417,46973	-102,20396	-102,30679	-0,25072843	-0,041056007	-0,035990324	-0,03849839
41838	417,96973	-104,15395	-104,25479	-0,25433004	-0,04168047	-0,036610734	-0,03915792
41838	418,46973	-106,10396	-106,20672	-0,25808513	-0,042248547	-0,037274033	-0,039709728
41838	418,96973	-108,05396	-108,16603	-0,26132613	-0,042892009	-0,037838362	-0,040408231
41838	419,46973	-110,00395	-110,04786	-0,26476085	-0,043380693	-0,038353525	-0,040938023
41838	419,96973	-111,95396	-112,05384	-0,26775748	-0,043972731	-0,039002232	-0,041583132
41838	420,46973	-113,90395	-113,97316	-0,27125478	-0,044639632	-0,039574288	-0,042179741
41838	420,96973	-115,85396	-115,93987	-0,27435869	-0,045253932	-0,040194299	-0,042784791
41838	421,46973	-117,80396	-117,93089	-0,27695298	-0,045834363	-0,040814199	-0,043476496
41838	421,96973	-119,75396	-119,87416	-0,28067529	-0,046441033	-0,04134611	-0,044001352
41838	422,46973	-121,70396	-121,79507	-0,28341711	-0,047051847	-0,041934561	-0,04456928
41838	422,96973	-123,65395	-123,74911	-0,28631836	-0,04760094	-0,04242469	-0,045252964
41838	423,46973	-125,60396	-125,67095	-0,28921962	-0,048164085	-0,043073907	-0,045830663
41838	423,96973	-127,55396	-127,61073	-0,29282868	-0,04872556	-0,04371997	-0,04639975
41838	424,46973	-129,50395	-129,62067	-0,29566586	-0,049344465	-0,044154853	-0,047132462
41838	424,96973	-131,45395	-131,52571	-0,29880404	-0,049873799	-0,044795338	-0,047675043
41838	425,46973	-133,40396	-133,45963	-0,30159354	-0,050482422	-0,045284804	-0,048212584
41838	425,96973	-135,35396	-135,44414	-0,30492395	-0,051015511	-0,045965962	-0,048931889
41838	426,46973	-137,30396	-137,40894	-0,30791014	-0,051727191	-0,046501778	-0,049469173
41838	426,96973	-139,25395	-139,3569	-0,31089336	-0,052285001	-0,047004156	-0,050114214
41838	427,46973	-141,20395	-141,28722	-0,31366497	-0,052821726	-0,047630601	-0,050732173
41838	427,96973	-143,15396	-143,16405	-0,31631142	-0,053346947	-0,04810698	-0,05127041
41838	428,46973	-145,10396	-145,08118	-0,31962395	-0,05397433	-0,048726968	-0,051892716
41838	428,96973	-147,05396	-147,13068	-0,32254606	-0,054483369	-0,04924326	-0,052500725
41838	429,46973	-149,00395	-149,08321	-0,32538325	-0,05505088	-0,049791548	-0,053074732
41838	429,96973	-150,95396	-151,04846	-0,32838285	-0,055604473	-0,050363105	-0,053752139
41838	430,46973	-152,90396	-153,05489	-0,33127517	-0,056235254	-0,050935052	-0,054321118
41838	430,96973	-154,85396	-154,96208	-0,3334865	-0,056760907	-0,051497705	-0,054837942
41838	431,46973	-156,80396	-156,92236	-0,33705235	-0,057366684	-0,051991377	-0,05548881
41838	431,96973	-158,75395	-158,87056	-0,33909231	-0,057900041	-0,052633591	-0,056111984
41838	432,46973	-160,70396	-160,75943	-0,34253299	-0,058520004	-0,05305592	-0,056619562
41838	432,96973	-162,65396	-162,71178	-0,34564584	-0,059025779	-0,053555246	-0,057277773
41838	433,46973	-164,60396	-164,68756	-0,34826398	-0,059646025	-0,054153945	-0,057885528
41838	433,96973	-166,55396	-166,49779	-0,35086125	-0,060163766	-0,054728109	-0,058345392
41838	434,46973	-168,50395	-168,61131	-0,35417378	-0,060707569	-0,055238444	-0,059098501
41838	434,96973	-170,45396	-170,61285	-0,35703033	-0,061323494	-0,055774894	-0,059651386
41838	435,46973	-172,40396	-172,49994	-0,35910159	-0,061900109	-0,056261521	-0,060211252
41838	435,96973	-174,35396	-174,49162	-0,36195517	-0,062480181	-0,056936897	-0,060884114
41838	436,46973	-176,30396	-176,42642	-0,36452711	-0,063017383	-0,057422809	-0,06141524
41838	436,96973	-178,25395	-178,30878	-0,36684424	-0,063538387	-0,057943992	-0,061968006
41838	437,46973	-180,20396	-180,25368	-0,37009865	-0,06408751	-0,058515035	-0,062683627
41838	437,96973	-182,15396	-182,13268	-0,37291348	-0,064677969	-0,059072051	-0,063197531
41838	438,46973	-184,10396	-184,17017	-0,37624091	-0,065208718	-0,059576113	-0,063744858
41838	438,96973	-186,05396	-186,1454	-0,37848204	-0,065882951	-0,059971698	-0,064413205
41838	439,46973	-188,00395	-188,09996	-0,38136095	-0,066397965	-0,060721036	-0,065054178
41838	439,96973	-189,95396	-190,05623	-0,3842935	-0,066935211	-0,061189767	-0,06562075
41838	440,46973	-191,90396	-191,96796	-0,38690865	-0,067562997	-0,061776537	-0,066225573
41838	440,96973	-193,85396	-193,85477	-0,38948953	-0,068091542	-0,062314216	-0,06678918
41838	441,46973	-195,80396	-195,8293	-0,39193183	-0,068680033	-0,062902473	-0,067386322
41838	441,96973	-197,75395	-197,82303	-0,39459914	-0,069330439	-0,063497081	-0,068069585
41838	442,46973	-199,70396	-199,82361	-0,39793104	-0,069847226	-0,063929528	-0,068686292
41838	442,96973	-201,65396	-201,68053	-0,40148795	-0,070499957	-0,06458921	-0,069222748
41838	443,46973	-203,60396	-203,70975	-0,40388256	-0,071116254	-0,065119669	-0,069914356
41838	443,96973	-205,55396	-205,65305	-0,40591806	-0,071738228	-0,065775998	-0,070488065
41838	444,46973	-207,50395	-207,49968	-0,40899217	-0,072295964	-0,066278957	-0,071090713
41838	444,96973	-209,45396	-209,45741	-0,41130483	-0,072921216	-0,066898294	-0,071743205
41838	445,46973	-211,40396	-211,4294	-0,41451603	-0,073641405	-0,067472167	-0,072417259
41838	445,96973	-213,35396	-213,35632	-0,41723102	-0,074238077	-0,068008892	-0,073027983
41838	446,46973	-215,30396	-215,34016	-0,4203707	-0,074765459	-0,068711013	-0,073598593
41838	446,96973	-217,25395	-217,32608	-0,42298287	-0,075446799	-0,069236204	-0,074408814
41838	447,46973	-219,20396	-219,21208	-0,42633712	-0,076057807	-0,069763161	-0,074937895
41838	447,96973	-221,15396	-221,18492	-0,42883158	-0,076673344	-0,070437416	-0,075587861
41838	448,46973	-223,10396	-223,1571	-0,431557	-0,077370182	-0,071002014	-0,076298639
41838	448,96973	-225,05396	-225,13091	-0,43475479	-0,078123882	-0,071714498	-0,07691355
41838	449,46973	-227,00395	-227,04254	-0,43738484	-0,078690976	-0,072191544	-0,077544525
41838	449,96973	-228,95396	-229,03448	-0,44018775	-0,079313412	-0,07282003	-0,078201666
41838	450,46973	-230,90396	-230,98909	-0,442788	-0,079974696	-0,073495887	-0,078908771
41838	450,96973	-232,85396	-232,90826	-0,44503212	-0,080765307	-0,074061222	-0,079527557
41838	451,46973	-234,80396	-234,85321	-0,44846535	-0,081293851	-0,074591585	-0,080151469
41838	451,96973	-236,75395	-236,78769	-0,45129508	-0,082022443	-0,075247109	-0,08087267
41838	452,46973	-238,70396	-238,75491	-0,45372546	-0,082683012	-0,075852677	-0,081505418
41838	452,96973	-240,65396	-240,69704	-0,45702308	-0,083287552	-0,076513864	-0,082168549
41838	453,46973	-242,60396	-242,68008	-0,45918375	-0,083992213	-0,077245519	-0,082944028
41838	453,96973	-244,55396	-244,63596	-0,46213865	-0,08464098	-0,077723585	-0,083524957
41838	454,46973	-246,50395	-246,61325	-0,46517402	-0,085318655	-0,078370512	-0,08418259
41838	454,96973	-248,45396	-248,56685	-0,46788603	-0,086089671	-0,079010203	-0,084885105
41838	455,46973	-250,40396	-250,50742	-0,47084391	-0,086708486	-0,079619005	-0,085518695
41838	455,96973	-252,35396	-252,40746	-0,47317892	-0,087389201	-0,080348283	-0,086145014
41838	456,46973	-254,30396	-254,38921	-0,47645122	-0,088037357	-0,0809066	-0,086855128
41838	456,96973	-256,25397	-256,27374	-0,47905743	-0,088775396	-0,081584498	-0,087525256
41838	457,46973	-258,20395	-258,23129	-0,48209131	-0,089384377	-0,082118168	-0,08815486
41838	457,96973	-260,15396	-260,16428	-0,48491359	-0,090109438	-0,08282233	-0,088809997
41838	458,46973	-262,10397	-262,12766	-0,4872337	-0,090774581	-0,083332047	-0,089502029
41838	458,96973	-264,05396	-264,12665	-0,49082488	-0,091478243	-0,084127322	-0,09024407
41838	459,46973	-266,00397	-266,043	-0,49383193	-0,092119023	-0,084709585	-0,090865955
41838	459,96973	-267,95395	-268,0535	-0,49606115	-0,092846826	-0,085272141	-0,091614805
41838	460,46973	-269,90396	-269,97705	-0,49900711	-0,093495801	-0,085962385	-0,092214674
41838	460,96973	-271,85397	-271,92786	-0,50174445	-0,094219476	-0,086582251	-0,092884481
41838	461,46973	-273,80396	-273,81143	-0,50498694	-0,094855219	-0,087212697	-0,093564734
41838	461,96973	-275,75397	-275,78162	-0,50738901	-0,095601559	-0,08792486	-0,094262868
41838	462,46973	-277,70395	-277,73563	-0,5104959	-0,096275866	-0,088462457	-0,094972655
41838	462,96973	-279,65396	-279,69864	-0,51341653	-0,096994594	-0,089210853	-0,095558532
41838	463,46973	-281,60397	-281,67911	-0,51592737	-0,097643092	-0,089752167	-0,09628807
41838	463,96973	-283,55396	-283,64621	-0,51864386	-0,098368488	-0,09043622	-0,096952036
41838	464,46973	-285,50397	-285,58829	-0,52186996	-0,099069208	-0,091069154	-0,097560301
41838	464,96973	-287,45395	-287,55881	-0,52530468	-0,099761836	-0,091747902	-0,098324612
41838	465,46973	-289,40396	-289,50171	-0,52790195	-0,10049395	-0,092372783	-0,099040926
41838	465,96973	-291,35397	-291,41174	-0,53035766	-0,1012001	-0,093013667	-0,09966971
41838	466,46973	-293,30396	-293,38165	-0,5333975	-0,10185616	-0,093559191	-0,1003537
41838	466,96973	-295,25397	-295,27573	-0,53523034	-0,10254351	-0,094252788	-0,10103901
41838	467,46973	-297,20395	-297,24667	-0,53855926	-0,10323507	-0,094871879	-0,10168643
41838	467,96973	-299,15396	-299,23874	-0,5417034	-0,10394456	-0,09564779	-0,10243991
41838	468,46973	-301,10397	-301,16373	-0,54359138	-0,10463495	-0,096105196	-0,10306467
41838	468,96973	-303,05396	-303,13089	-0,54659992	-0,10540812	-0,09682633	-0,10373278
41838	469,46973	-305,00397	-305,09271	-0,55009425	-0,10602188	-0,097440094	-0,10450824
41838	469,96973	-306,95395	-307,02795	-0,55283457	-0,10670701	-0,098088287	-0,10505001
41838	470,46973	-308,90396	-308,90421	-0,55542737	-0,10746333	-0,09879227	-0,10582553
41838	470,96973	-310,85397	-310,8894	-0,55812448	-0,10808785	-0,09927243	-0,10644902
41838	471,46973	-312,80396	-312,81076	-0,56071132	-0,10882616	-0,10007632	-0,10711905
41838	471,96973	-314,75397	-314,77612	-0,56373924	-0,10953975	-0,10062177	-0,10786821
41838	472,46973	-316,70395	-316,68115	-0,56632608	-0,11027276	-0,10119843	-0,10846433
41838	472,96973	-318,65396	-318,69757	-0,56930482	-0,11093944	-0,10186019	-0,10923529
41838	473,46973	-320,60397	-320,66281	-0,57239532	-0,1116659	-0,10260261	-0,10990597
41838	473,96973	-322,55396	-322,60287	-0,57512522	-0,11242167	-0,10325997	-0,11058274
41838	474,46973	-324,50397	-324,58105	-0,57751536	-0,113135	-0,10385828	-0,11122386
41838	474,96973	-326,45395	-326,54703	-0,5811125	-0,11379065	-0,104458	-0,1119947
41838	475,46973	-328,40396	-328,49625	-0,58350265	-0,11451416	-0,10515773	-0,11267973
41838	475,96973	-330,35397	-330,43845	-0,58655739	-0,11519475	-0,10578858	-0,11332421
41838	476,46973	-332,30396	-332,38208	-0,58879554	-0,11583429	-0,10645331	-0,11406057
41838	476,96973	-334,25397	-334,28864	-0,59121996	-0,11660884	-0,10708813	-0,11472198
41838	477,46973	-336,20395	-336,2731	-0,59454143	-0,11732932	-0,10761783	-0,11540176
41838	477,96973	-338,15396	-338,25793	-0,59697777	-0,11809444	-0,10841046	-0,11613379
41838	478,46973	-340,10397	-340,20444	-0,59989989	-0,11874683	-0,10899732	-0,11676578
41838	478,96973	-342,05396	-342,15076	-0,60324073	-0,11954194	-0,10967318	-0,11756533
41838	479,46973	-344,00397	-344,10794	-0,60616434	-0,12027676	-0,11030212	-0,11825056
41838	479,96973	-345,95395	-346,04755	-0,60824901	-0,12094008	-0,11104753	-0,11887486
41838	480,46973	-347,90396	-348,00269	-0,61146319	-0,12175494	-0,11162309	-0,11955698
41838	480,96973	-349,85397	-349,91888	-0,61403811	-0,12230045	-0,11227611	-0,12022054
41838	481,46973	-351,80396	-351,97476	-0,61705709	-0,12311684	-0,11303	-0,12105177
41838	481,96973	-353,75397	-353,80627	-0,61944425	-0,12382028	-0,11353846	-0,12170316
41838	482,46973	-355,70395	-355,7374	-0,62209666	-0,12453218	-0,11429142	-0,12228584
41838	482,96973	-357,65396	-357,71167	-0,62588453	-0,12517458	-0,11493041	-0,12305468
41838	483,46973	-359,60397	-359,70056	-0,6278187	-0,12592715	-0,1154991	-0,12372673
41838	483,96973	-361,55396	-361,62958	-0,63129663	-0,1266661	-0,1162155	-0,12447159
41838	484,46973	-363,50397	-363,53348	-0,63427985	-0,12732986	-0,11684151	-0,12511665
41838	484,96973	-365,45395	-365,5209	-0,63747764	-0,12805392	-0,11753774	-0,12581253
41838	485,46973	-367,40396	-367,4826	-0,63990206	-0,12888488	-0,11819421	-0,12658522
41838	485,96973	-369,35397	-369,41138	-0,64249039	-0,129558	-0,11882921	-0,12727851
41838	486,46973	-371,30396	-371,38046	-0,64535886	-0,13030173	-0,11948673	-0,12791355
41838	486,96973	-373,25397	-373,30356	-0,64742863	-0,130979	-0,12017231	-0,12866034
41838	487,46973	-375,20395	-375,27585	-0,65021068	-0,13171361	-0,12084764	-0,12936173
41838	487,96973	-377,15396	-377,23615	-0,65387785	-0,13244832	-0,12144958	-0,1301008
41838	488,46973	-379,10397	-379,13776	-0,6567508	-0,13313784	-0,12208281	-0,13073726
41838	488,96973	-381,05396	-381,11234	-0,65897703	-0,13387458	-0,12274995	-0,13141428
41838	489,46973	-383,00397	-383,13284	-0,66224337	-0,13464835	-0,12339799	-0,13220364
41838	489,96973	-384,95395	-384,99991	-0,6648168	-0,13530926	-0,1241018	-0,13285245
41838	490,46973	-386,90396	-387,05914	-0,66797584	-0,13608287	-0,12463	-0,13362256
41838	490,96973	-388,85397	-388,85986	-0,67054033	-0,1368252	-0,12544844	-0,13425705
41838	491,46973	-390,80396	-390,80353	-0,67341328	-0,13752915	-0,12603436	-0,13494956
41838	491,96973	-392,75397	-392,84357	-0,67671388	-0,13831003	-0,126691	-0,13573767
41838	492,46973	-394,70395	-394,72617	-0,67936182	-0,13909778	-0,12741198	-0,13643427
41838	492,96973	-396,65396	-396,65964	-0,68181157	-0,13976273	-0,12801604	-0,13706566
41838	493,46973	-398,60397	-398,66144	-0,684838	-0,14057992	-0,12873478	-0,13782164
41838	493,96973	-400,55396	-400,57828	-0,68769157	-0,14127252	-0,12930754	-0,13853396
41838	494,46973	-402,50397	-402,57932	-0,69005042	-0,14199601	-0,1299922	-0,13927138
41838	494,96973	-404,45395	-404,51529	-0,69347322	-0,14282827	-0,13071541	-0,13996482
41838	495,46973	-406,40396	-406,47949	-0,69617331	-0,1435101	-0,13138177	-0,14070837
41838	495,96973	-408,35397	-408,45081	-0,69962293	-0,14427245	-0,13205516	-0,1413846
41838	496,46973	-410,30396	-410,40198	-0,70194453	-0,14498928	-0,13263729	-0,14217047
41838	496,96973	-412,25397	-412,30099	-0,70424229	-0,14569318	-0,133334	-0,14283381
41838	497,46973	-414,20395	-414,27902	-0,70698857	-0,14639206	-0,13403666	-0,14355703
41838	497,96973	-416,15396	-416,18515	-0,70976764	-0,1471476	-0,13457532	-0,14434096
41838	498,46973	-418,10397	-418,14163	-0,71294457	-0,14790912	-0,13541131	-0,14503689
41838	498,96973	-420,05396	-420,0957	-0,71564466	-0,14871971	-0,13603956	-0,14575687
41838	499,46973	-422,00397	-422,08868	-0,71892142	-0,14943299	-0,13672929	-0,14651921
41838	499,96973	-423,95395	-424,02112	-0,72173625	-0,15008703	-0,1374594	-0,14720911
41838	500,46973	-425,90396	-425,97217	-0,72419643	-0,15095961	-0,13803159	-0,14789663
41838	500,96973	-427,85397	-427,99078	-0,72732717	-0,15166029	-0,13878714	-0,14875537
41838	501,46973	-429,80396	-429,86884	-0,73060691	-0,1524078	-0,13940188	-0,14941628
41838	501,96973	-431,75397	-431,84512	-0,73316246	-0,15317075	-0,14004703	-0,15011227
41838	502,46973	-433,70395	-433,7973	-0,73627681	-0,15388739	-0,1408262	-0,15092129
41838	502,96973	-435,65396	-435,70831	-0,73817521	-0,15465096	-0,14141612	-0,15160391
41838	503,46973	-437,60397	-437,68048	-0,74139088	-0,1553923	-0,14221747	-0,15237844
41838	503,96973	-439,55396	-439,57013	-0,74494332	-0,15613529	-0,14285518	-0,15307568
41838	504,46973	-441,50397	-441,52753	-0,74739158	-0,1569171	-0,14351679	-0,15376154
41838	504,96973	-443,45395	-443,51291	-0,75039268	-0,15767439	-0,14414173	-0,15455309
41838	505,46973	-445,40396	-445,48856	-0,75416565	-0,1584291	-0,14478302	-0,1553667
41838	505,96973	-447,35397	-447,40814	-0,75578839	-0,15913661	-0,1456351	-0,15605772
41838	506,46973	-449,30396	-449,35059	-0,75890869	-0,15993962	-0,14611478	-0,1567892
41838	506,96973	-451,25397	-451,3587	-0,76286644	-0,16078436	-0,14705858	-0,15760042
41838	507,46973	-453,20395	-453,2695	-0,76463968	-0,16142452	-0,14768235	-0,15829967
41838	507,96973	-455,15396	-455,1868	-0,76738447	-0,16220134	-0,14826776	-0,15896957
41838	508,46973	-457,10397	-457,17065	-0,77062398	-0,16305481	-0,14898098	-0,15982963
41838	508,96973	-459,05396	-459,06848	-0,77309757	-0,16373295	-0,14964366	-0,16052991
41838	509,46973	-461,00397	-461,02774	-0,77636093	-0,16453536	-0,15033637	-0,16132779
41838	509,96973	-462,95398	-463,02451	-0,77991486	-0,16525969	-0,15100099	-0,16210757
41838	510,46973	-464,90396	-464,95654	-0,78298002	-0,1660583	-0,15174042	-0,16280316
41838	510,96973	-466,85397	-466,89069	-0,78476667	-0,16682048	-0,1524549	-0,1634257
41838	511,46973	-468,80396	-468,90359	-0,7881403	-0,16751719	-0,15305574	-0,16433017
41838	511,96973	-470,75397	-470,82272	-0,7913202	-0,16834518	-0,15389772	-0,16504413
41838	512,46973	-472,70398	-472,758	-0,79336017	-0,16913475	-0,15453409	-0,16577888
41838	512,96973	-474,65396	-474,77011	-0,79681426	-0,16993164	-0,15524298	-0,16660215
41838	513,46973	-476,60397	-476,66248	-0,79984367	-0,17071626	-0,15597437	-0,16732474
41838	513,96973	-478,55396	-478,57117	-0,80229938	-0,171496	-0,15666255	-0,16800958
41838	514,46973	-480,50397	-480,54391	-0,80601126	-0,17225859	-0,15733354	-0,16888477
41838	514,96973	-482,45398	-482,48734	-0,80846101	-0,17303151	-0,15803137	-0,1696361
41838	515,46973	-484,40396	-484,41718	-0,81163198	-0,17383741	-0,15873674	-0,17039946
41838	515,96973	-486,35397	-486,42267	-0,81439763	-0,17463791	-0,15944085	-0,17120138
41838	516,46973	-488,30396	-488,33789	-0,8177951	-0,17543256	-0,16015629	-0,17190641
41838	516,96973	-490,25397	-490,29709	-0,82023442	-0,17625453	-0,16078359	-0,17268959
41838	517,46973	-492,20398	-492,29852	-0,82324296	-0,1769833	-0,16160262	-0,17358741
41838	517,96973	-494,15396	-494,24371	-0,82626641	-0,17771514	-0,16227889	-0,1743079
41838	518,46973	-496,10397	-496,16925	-0,82928985	-0,17858881	-0,16303258	-0,17501888
41838	518,96973	-498,05396	-498,16302	-0,83160251	-0,17943606	-0,16378948	-0,17591743
41838	519,46973	-500,00397	-500,06158	-0,83557218	-0,18018731	-0,16440707	-0,17658232
41838	519,96973	-501,95398	-501,98056	-0,83754957	-0,1809824	-0,16514559	-0,17732981
41838	520,46973	-503,90396	-503,95502	-0,84137321	-0,1818106	-0,16576689	-0,17820176
41838	520,96973	-505,85397	-505,879	-0,84388554	-0,18254976	-0,16660625	-0,17892921
41838	521,46973	-507,80396	-507,85876	-0,84759891	-0,18338624	-0,16734189	-0,17969038
41838	521,96973	-509,75397	-509,82925	-0,84968954	-0,18418661	-0,1681771	-0,18053554
41838	522,46973	-511,70398	-511,75598	-0,85283369	-0,18501587	-0,16883563	-0,18130402
41838	522,96973	-513,65399	-513,70074	-0,85645467	-0,18582094	-0,16942634	-0,18203476
41838	523,46973	-515,60394	-515,6651	-0,8593455	-0,18670654	-0,17026214	-0,18291378
41838	523,96973	-517,55396	-517,60419	-0,86138546	-0,18743181	-0,17098141	-0,18370374
41838	524,46973	-519,50397	-519,55591	-0,86522549	-0,18829228	-0,17178458	-0,1845046
41838	524,96973	-521,45398	-521,46252	-0,86829066	-0,18912029	-0,17242844	-0,18525855
41838	525,46973	-523,40399	-523,4433	-0,87148845	-0,18983887	-0,17317121	-0,18612
41838	525,96973	-525,35394	-525,36719	-0,87448508	-0,19068742	-0,17389891	-0,18691029
41838	526,46973	-527,30396	-527,34576	-0,87723285	-0,19156429	-0,17460416	-0,18768193
41838	526,96973	-529,25397	-529,24451	-0,88081062	-0,19239061	-0,17538486	-0,18853906
41838	527,46973	-531,20398	-531,3045	-0,88395178	-0,19316797	-0,17605469	-0,18941997
41838	527,96973	-533,15399	-533,21588	-0,88687092	-0,19403397	-0,17690802	-0,19017081
41838	528,46973	-535,10394	-535,1665	-0,88972002	-0,19488752	-0,17758271	-0,1909738
41838	528,96973	-537,05396	-537,10065	-0,89284331	-0,19564605	-0,17829786	-0,19174576
41838	529,46973	-539,00397	-539,09229	-0,89616179	-0,19648884	-0,17914213	-0,19265874
41838	529,96973	-540,95398	-541,01477	-0,89880526	-0,19735594	-0,17979337	-0,19340163
41838	530,46973	-542,90399	-542,92834	-0,90177208	-0,19818328	-0,18069655	-0,19421494

Datenerfassung						Zeit:	558,20117	s	18.07.2014 10:59:53
Datum	Laufzeit	Ch 1 Kraft Sollwert	Ch 1 Kraft	Ch 1 Weg	1944 B	1281068	2157
d	s	kN	kN	mm	mm	mm	mm
41838	530,96973	-544,85394	-544,86261	-0,90474933	-0,19902079	-0,18134122	-0,19508567
41838	531,46973	-546,80396	-546,83472	-0,90831965	-0,19982506	-0,1820748	-0,19600658
41838	531,96973	-548,75397	-548,78424	-0,91121197	-0,20073509	-0,1828912	-0,19683076
41838	532,46973	-550,70398	-550,70453	-0,91487616	-0,20161101	-0,18363005	-0,19759327
41838	532,96973	-552,65399	-552,64929	-0,91796517	-0,20241229	-0,18448572	-0,1984721
41838	533,46973	-554,60394	-554,65472	-0,92029124	-0,20324832	-0,18511705	-0,1993635
41838	533,96973	-556,55396	-556,58606	-0,92424154	-0,20420393	-0,18601032	-0,20019552
41838	534,46973	-558,50397	-558,53796	-0,9276107	-0,20499685	-0,18674129	-0,2010316
41838	534,96973	-560,45398	-560,54163	-0,93010664	-0,2059176	-0,187537	-0,20200223
41838	535,46973	-562,40399	-562,4718	-0,93329996	-0,20676145	-0,18837751	-0,20281751
41838	535,96973	-564,35394	-564,38702	-0,93660206	-0,20760538	-0,18915421	-0,20366505
41838	536,46973	-566,30396	-566,35284	-0,93950629	-0,20859121	-0,19005351	-0,20461081
41838	536,96973	-568,25397	-568,26569	-0,94241053	-0,20939173	-0,19066289	-0,20546782
41838	537,46973	-570,20398	-570,21558	-0,94615221	-0,21029392	-0,19144017	-0,20635875
41838	537,96973	-572,15399	-572,2229	-0,94920844	-0,21116821	-0,19234259	-0,2073482
41838	538,46973	-574,10394	-574,16156	-0,95258504	-0,21203674	-0,19324459	-0,20822042
41838	538,96973	-576,05396	-576,10577	-0,9559378	-0,21302019	-0,19411011	-0,20904425
41838	539,46973	-578,00397	-578,04291	-0,95959455	-0,21392064	-0,19483064	-0,21003778
41838	539,96973	-579,95398	-579,98944	-0,962466	-0,21479154	-0,19568391	-0,21064745
41838	540,46973	-581,90399	-581,93854	-0,96609294	-0,21572441	-0,19650206	-0,21150701
41838	540,96973	-583,85394	-583,95093	-0,96937865	-0,21662015	-0,19733644	-0,21253717
41838	541,46973	-585,80396	-585,88379	-0,9728834	-0,21745604	-0,1981865	-0,21336116
41838	541,96973	-587,75397	-587,79358	-0,97643286	-0,2184379	-0,19895485	-0,21435122
41838	542,46973	-589,70398	-589,75854	-0,97906142	-0,21941081	-0,19992039	-0,21543987
41838	542,96973	-591,65399	-591,66174	-0,98316222	-0,22029875	-0,20105967	-0,21628523
41838	543,46973	-593,60394	-593,6319	-0,98680556	-0,2212901	-0,20191891	-0,21720459
41838	543,96973	-595,55396	-595,56061	-0,98951012	-0,22221357	-0,20286657	-0,21815017
41838	544,46973	-597,50397	-597,54034	-0,99422038	-0,22315893	-0,20379344	-0,21948934
41838	544,96973	-599,45398	-599,47327	-0,99688619	-0,22413252	-0,20464812	-0,22060178
41838	545,46973	-601,40399	-601,44165	-1,0002627	-0,2251574	-0,20552103	-0,22158037
41838	545,96973	-603,35394	-603,38348	-1,0041342	-0,22613025	-0,20638537	-0,22269246
41838	546,46973	-605,30396	-605,38947	-1,0074034	-0,22714344	-0,20732023	-0,22376467
41838	546,96973	-607,25397	-607,32965	-1,0110736	-0,22821555	-0,20819749	-0,22486492
41838	547,46973	-609,20398	-609,24951	-1,0147899	-0,22915459	-0,20895347	-0,22592892
41838	547,96973	-611,15399	-611,21429	-1,0183752	-0,23022763	-0,20996183	-0,22704358
41838	548,46973	-613,10394	-613,13507	-1,0212169	-0,23126712	-0,21082263	-0,22805111
41838	548,96973	-615,05396	-615,0661	-1,025866	-0,23232046	-0,21180743	-0,22915667
41838	549,46973	-617,00397	-616,98853	-1,0293617	-0,23339504	-0,2128022	-0,23018984
41838	549,96973	-618,95398	-618,94299	-1,0328398	-0,2344384	-0,21364903	-0,23130547
41838	550,46973	-620,90399	-620,88629	-1,0372251	-0,23570994	-0,21467963	-0,23236918
41838	550,96973	-622,85394	-622,82703	-1,0405467	-0,23690942	-0,21568325	-0,23347402
41838	551,46973	-624,80396	-624,77765	-1,0443137	-0,23813048	-0,21656129	-0,23460583
41838	551,96973	-626,75397	-626,78052	-1,0491759	-0,23931701	-0,21762747	-0,23578852
41838	552,46973	-628,70398	-628,71796	-1,0523647	-0,24060392	-0,21858689	-0,23687813
41838	552,96973	-630,65399	-630,67261	-1,0572836	-0,2419572	-0,21952696	-0,23803584
41838	553,46973	-632,60394	-632,64783	-1,06121	-0,24352002	-0,22083339	-0,23932169
41838	553,96973	-634,55396	-634,58838	-1,0658145	-0,24510451	-0,22194055	-0,24066241
41838	554,46973	-636,50397	-636,53894	-1,0701523	-0,24668752	-0,22323895	-0,24201193
41838	554,96973	-638,45398	-638,44177	-1,0747924	-0,24835551	-0,22455573	-0,24348818
41838	555,46973	-640,40399	-640,35077	-1,0812447	-0,25036758	-0,22561194	-0,24546245
41838	555,96973	-642,35394	-642,31842	-1,0880039	-0,25243634	-0,22704045	-0,24880244
41838	556,46973	-644,30396	-644,20483	-1,0950193	-0,25506055	-0,22899573	-0,2533403
41838	556,96973	-646,25397	-646,078	-1,1058778	-0,25955904	-0,23120728	-0,25775915
41838	557,46973	-648,20398	-647,69672	-1,1280239	-0,26798418	-0,23419638	-0,26698121
41838	557,96973	0	0,15777536	2,5846527	-0,021989733	-0,018396826	-0,029124919

Datenerfassung						Zeit:	558,21094	s	18.07.2014 10:59:53
Ch 1 Kraft	Ch 1 W2TK Mittel	1944 A	1944 B	1281068
kN	mm	mm	mm	mm
0,31849927	2,0349929	0,00017884187	0,12084354	3,5724137e-05
-647,8075	2,0348125	-0,00043701474	-0,27387238	-0,23626122
