MTS793|MPT|DEU|1|2|,|.|:|49|1|1|A

Bediener Information						Zeit:	17,188477	s	18.07.2014 11:40:40
Datum : 	18.7.2014
Prüfer : 	Kh
Probenbezeichnung :  	Maack 8.2 Drucklversuch Probe BK 09 B
Bemerkungen	Kraftgeregelt 3,9 kN/s
Masse :	3732,5
Durchmesser :	100,3
Länge :	200,2
Bediener Information Ende

Datenerfassung						Zeit:	497,39453	s	18.07.2014 11:48:40
Datum	Laufzeit	Ch 1 Kraft Sollwert	Ch 1 Kraft	Ch 1 Weg	1944 B	1281068	2157
d	s	kN	kN	mm	mm	mm	mm
41838	17,698242	-1,2784081	-1,2102444	0,34151226	-0,14088275	0,017155724	-0,018717242
41838	18,198242	-1,571108	-1,3735853	0,33965558	-0,1410498	0,017105931	-0,018769233
41838	18,698242	-1,863808	-1,3966895	0,34000874	-0,14096397	0,017131785	-0,018692877
41838	19,198242	-2,156508	-2,2195837	0,33361465	-0,14125431	0,01666839	-0,018884363
41838	19,698242	-2,449208	-2,4827943	0,33238679	-0,14131293	0,01662525	-0,018919902
41838	20,198242	-2,7419081	-2,8007479	0,33010393	-0,14142448	0,016324785	-0,01902454
41838	20,698242	-3,0346081	-3,0549021	0,32816231	-0,14153996	0,016187295	-0,018984033
41838	21,198242	-3,3273079	-3,3927429	0,32638609	-0,1417149	0,016156232	-0,019056562
41838	21,698242	-3,620008	-3,681304	0,32470673	-0,14177977	0,015969688	-0,019075725
41838	22,198242	-3,912708	-4,0255675	0,32298863	-0,14187397	0,015915953	-0,019190438
41838	22,698242	-3,927	-3,9955173	0,32206774	-0,1418943	0,015864324	-0,019147445
41838	23,198242	-3,927	-3,9985273	0,32270402	-0,14187953	0,015837895	-0,019205486
41838	23,698242	-3,927	-3,9579775	0,32253563	-0,14190543	0,015877558	-0,019127885
41838	24,198242	-3,927	-3,9831233	0,32316446	-0,14186166	0,015913138	-0,019251175
41838	24,698242	-3,927	-3,9400311	0,32234043	-0,14186431	0,015781056	-0,019153178
41838	25,198242	-3,927	-3,9755051	0,32281578	-0,14188606	0,015838237	-0,019214988
41838	25,698242	-3,927	-3,9350522	0,32258928	-0,14175636	0,015865402	-0,019124739
41838	26,198242	-3,927	-3,9376597	0,32252818	-0,14183635	0,015915541	-0,019168731
41838	26,698242	-3,927	-3,9206781	0,32231659	-0,14181478	0,015877139	-0,019163582
41838	27,198242	-3,927	-3,9145761	0,32261014	-0,14183244	0,015832707	-0,019132646
41838	27,698242	-5,7056131	-5,6094432	-0,0075623393	-0,00057648122	-0,00080335879	-0,00037679262
41838	28,198242	-7,6556134	-7,6496992	-0,017100573	-0,0012436509	-0,0018714803	-0,00093285367
41838	28,698242	-9,6056137	-9,6376095	-0,026066601	-0,0019821078	-0,0027572142	-0,0014754403
41838	29,198242	-11,555614	-11,557519	-0,033313036	-0,0026920736	-0,0037239345	-0,0019627828
41838	29,698242	-13,505613	-13,58074	-0,040726364	-0,0033145547	-0,0046997513	-0,0027163606
41838	30,198242	-15,455613	-15,519246	-0,046953559	-0,0039619207	-0,0056380904	-0,0033549126
41838	30,698242	-17,405613	-17,495256	-0,052316487	-0,0045819134	-0,0064438577	-0,0041094087
41838	31,198242	-19,355614	-19,437046	-0,058110058	-0,0052461475	-0,0073605049	-0,0048279706
41838	31,698242	-21,305614	-21,389154	-0,063979626	-0,0058964789	-0,0081683267	-0,0056062099
41838	32,198242	-23,255613	-23,307001	-0,068989396	-0,0065722167	-0,0090175513	-0,0063872132
41838	32,698242	-25,205614	-25,2819	-0,073735416	-0,0072447062	-0,0098267505	-0,0072417744
41838	33,198242	-27,155613	-27,186972	-0,080147386	-0,0078841001	-0,010541375	-0,0079600755
41838	33,698242	-29,105614	-29,17668	-0,0852108	-0,0086110234	-0,011320119	-0,0088666203
41838	34,198242	-31,055614	-31,112047	-0,089842081	-0,0093614012	-0,012250862	-0,009589483
41838	34,698242	-33,005615	-33,075809	-0,094485283	-0,010026261	-0,012906468	-0,01050908
41838	35,198242	-34,955612	-34,988476	-0,09932816	-0,010725677	-0,013626682	-0,011269999
41838	35,698242	-36,905613	-36,986698	-0,10403097	-0,011402205	-0,014413553	-0,012215816
41838	36,198242	-38,855614	-38,93771	-0,10849535	-0,012108132	-0,015115052	-0,0130835
41838	36,698242	-40,805614	-40,90464	-0,11337698	-0,012817502	-0,015853016	-0,014024462
41838	37,198242	-42,755615	-42,824852	-0,11810958	-0,013555154	-0,016548609	-0,014789694
41838	37,698242	-44,705616	-44,814941	-0,12267679	-0,014239997	-0,017349763	-0,015771028
41838	38,198242	-46,655613	-46,72002	-0,12660921	-0,014958307	-0,018043637	-0,016547641
41838	38,698242	-48,605614	-48,741455	-0,1311779	-0,015589193	-0,018690316	-0,017527495
41838	39,198242	-50,555614	-50,639122	-0,13561249	-0,016371399	-0,019522887	-0,018304927
41838	39,698242	-52,505615	-52,613262	-0,13902187	-0,017154768	-0,020186856	-0,019276891
41838	40,198242	-54,455616	-54,551567	-0,14359653	-0,0177809	-0,020811925	-0,020116461
41838	40,698242	-56,405613	-56,476341	-0,14780909	-0,018557176	-0,02162187	-0,020988582
41838	41,198242	-58,355614	-58,359119	-0,15187711	-0,019131333	-0,022179695	-0,021821331
41838	41,698242	-60,305614	-60,320313	-0,15573651	-0,019911513	-0,022940708	-0,022769107
41838	42,198242	-62,255615	-62,270977	-0,15984327	-0,020690545	-0,023570286	-0,023620132
41838	42,698242	-64,205612	-64,255836	-0,16449541	-0,021347538	-0,024401149	-0,02456741
41838	43,198242	-66,155617	-66,106888	-0,16877204	-0,022053897	-0,025042174	-0,025339792
41838	43,698242	-68,105614	-68,117279	-0,17224401	-0,022802889	-0,025795029	-0,026297398
41838	44,198242	-70,055618	-70,0989	-0,17673522	-0,023603305	-0,026420193	-0,027174724
41838	44,698242	-72,005615	-72,077049	-0,1805678	-0,024250448	-0,027075885	-0,028151721
41838	45,198242	-73,955612	-74,004166	-0,18443167	-0,025041163	-0,027851569	-0,02895746
41838	45,698242	-75,905617	-76,018509	-0,18893033	-0,025800899	-0,028598176	-0,029882163
41838	46,198242	-77,855614	-77,903831	-0,19278377	-0,026479408	-0,029254166	-0,030743359
41838	46,698242	-79,805618	-79,911484	-0,19642413	-0,027194425	-0,030080536	-0,031668622
41838	47,198242	-81,755615	-81,828453	-0,20042658	-0,027980998	-0,030710466	-0,032485556
41838	47,698242	-83,705612	-83,818336	-0,20402074	-0,028684393	-0,031426109	-0,033449233
41838	48,198242	-85,655617	-85,720543	-0,20804852	-0,029397592	-0,03207387	-0,034259673
41838	48,698242	-87,605614	-87,703674	-0,2118662	-0,030160174	-0,032659519	-0,035225429
41838	49,198242	-89,555618	-89,614799	-0,21533519	-0,030875549	-0,033512764	-0,036029227
41838	49,698242	-91,505615	-91,577171	-0,21901578	-0,03168337	-0,034215581	-0,036902092
41838	50,198242	-93,455612	-93,515442	-0,22280812	-0,032355934	-0,034818575	-0,037791718
41838	50,698242	-95,405617	-95,421791	-0,22722632	-0,033048689	-0,035592176	-0,038692608
41838	51,198242	-97,355614	-97,403938	-0,23066849	-0,033775285	-0,0362777	-0,039647382
41838	51,698242	-99,305618	-99,322083	-0,23447275	-0,034579515	-0,036959127	-0,040429197
41838	52,198242	-101,25562	-101,34055	-0,23753643	-0,035324648	-0,037612006	-0,041389659
41838	52,698242	-103,20561	-103,23739	-0,2416566	-0,0360201	-0,038333286	-0,04217121
41838	53,198242	-105,15562	-105,23382	-0,24499148	-0,036827207	-0,039093185	-0,043101549
41838	53,698242	-107,10561	-107,17212	-0,24930239	-0,037526235	-0,039794523	-0,043891996
41838	54,198242	-109,05562	-109,14982	-0,25257617	-0,03837356	-0,040487573	-0,044848256
41838	54,698242	-111,00562	-111,04353	-0,25667995	-0,039002001	-0,041191947	-0,045689274
41838	55,198242	-112,95561	-113,08167	-0,26023537	-0,039757937	-0,041995917	-0,046646181
41838	55,698242	-114,90562	-114,97115	-0,2636075	-0,040511265	-0,042644035	-0,047457971
41838	56,198242	-116,85561	-116,99438	-0,26717931	-0,041254029	-0,04339356	-0,048456296
41838	56,698242	-118,80562	-118,92958	-0,2704218	-0,041975975	-0,044157609	-0,04925194
41838	57,198242	-120,75562	-120,88351	-0,27438104	-0,042716295	-0,044819377	-0,050196134
41838	57,698242	-122,70562	-122,78802	-0,27758181	-0,043395266	-0,045591109	-0,050969437
41838	58,198242	-124,65562	-124,78494	-0,28160363	-0,044228882	-0,046217494	-0,051895022
41838	58,698242	-126,60561	-126,64355	-0,28403103	-0,044866443	-0,046878453	-0,052722774
41838	59,198242	-128,55562	-128,64932	-0,28796196	-0,045645401	-0,047716618	-0,053561706
41838	59,698242	-130,50562	-130,5795	-0,29110014	-0,046355903	-0,048388347	-0,054426316
41838	60,198242	-132,45561	-132,48656	-0,29444844	-0,047089487	-0,049054548	-0,055351589
41838	60,698242	-134,40561	-134,4469	-0,29805303	-0,047877714	-0,049913157	-0,056215215
41838	61,198242	-136,35562	-136,37988	-0,30227304	-0,048562974	-0,050572071	-0,056982391
41838	61,698242	-138,30562	-138,36424	-0,30492246	-0,049262986	-0,051293947	-0,058004841
41838	62,198242	-140,25562	-140,32883	-0,3085047	-0,050028339	-0,052036509	-0,058811869
41838	62,698242	-142,20561	-142,21371	-0,31186044	-0,05078052	-0,052612927	-0,059689049
41838	63,198242	-144,15561	-144,17001	-0,31517595	-0,051475421	-0,053515911	-0,060539126
41838	63,698242	-146,10562	-146,14337	-0,31805038	-0,052328482	-0,054202449	-0,061388046
41838	64,198242	-148,05562	-148,13155	-0,32153726	-0,053021848	-0,054940447	-0,062361784
41838	64,698242	-150,00562	-150,03329	-0,32503754	-0,053767219	-0,055764765	-0,063137978
41838	65,198242	-151,95561	-152,05679	-0,32833666	-0,054432765	-0,056456707	-0,064085171
41838	65,698242	-153,90562	-154,01195	-0,33158362	-0,055189118	-0,057228398	-0,064895108
41838	66,198242	-155,85562	-155,95653	-0,33440292	-0,055884287	-0,057875164	-0,065773718
41838	66,698242	-157,80562	-157,8898	-0,33856332	-0,056657985	-0,058619931	-0,06670291
41838	67,198242	-159,75562	-159,84877	-0,3414765	-0,057348952	-0,059326712	-0,067521259
41838	67,698242	-161,70561	-161,74445	-0,34388006	-0,058063358	-0,060004424	-0,068395719
41838	68,198242	-163,65562	-163,74153	-0,34765005	-0,058891267	-0,060896013	-0,069224462
41838	68,698242	-165,60562	-165,6908	-0,3511101	-0,059630662	-0,061641674	-0,070122033
41838	69,198242	-167,55562	-167,64217	-0,35422444	-0,06031464	-0,062299218	-0,070979603
41838	69,698242	-169,50562	-169,57706	-0,35711378	-0,061089709	-0,063130662	-0,071896881
41838	70,198242	-171,45561	-171,51624	-0,36036968	-0,061785206	-0,063851684	-0,07268957
41838	70,698242	-173,40562	-173,47923	-0,36369264	-0,062535033	-0,064440414	-0,073656194
41838	71,198242	-175,35562	-175,36589	-0,36692917	-0,063265964	-0,065305077	-0,074472398
41838	71,698242	-177,30562	-177,36372	-0,37084818	-0,064019561	-0,065966338	-0,07535094
41838	72,198242	-179,25562	-179,25354	-0,3737554	-0,064754531	-0,06671878	-0,076190554
41838	72,698242	-181,20561	-181,24788	-0,37692934	-0,065502003	-0,06753727	-0,077114269
41838	73,198242	-183,15562	-183,15567	-0,37975311	-0,06624411	-0,06816338	-0,077958018
41838	73,698242	-185,10562	-185,12083	-0,38362294	-0,066986337	-0,068923466	-0,078859404
41838	74,198242	-187,05562	-187,06084	-0,38658231	-0,067699492	-0,06974341	-0,079762548
41838	74,698242	-188,86606	-189,04106	-0,38987547	-0,068548113	-0,070360728	-0,080545634
41838	75,198242	-186,91606	-186,91328	-0,3873542	-0,068059921	-0,069966808	-0,080006212
41838	75,698242	-184,96606	-184,93605	-0,38464367	-0,06753847	-0,069565751	-0,079464316
41838	76,198242	-183,01607	-182,9734	-0,38196295	-0,067061812	-0,068886951	-0,078866445
41838	76,698242	-181,06607	-181,01579	-0,38008094	-0,066531271	-0,068485424	-0,078206964
41838	77,198242	-179,11606	-179,07394	-0,37749708	-0,066110864	-0,067979902	-0,077661835
41838	77,698242	-177,16606	-177,10858	-0,37506819	-0,065513566	-0,067445882	-0,076980814
41838	78,198242	-175,21606	-175,18362	-0,37138611	-0,064991251	-0,06695962	-0,076362468
41838	78,698242	-173,26607	-173,21021	-0,36928654	-0,064393863	-0,066364266	-0,075635761
41838	79,198242	-171,31607	-171,2907	-0,36666989	-0,063914716	-0,065949984	-0,075047538
41838	79,698242	-169,36606	-169,31978	-0,36361217	-0,06335412	-0,065380797	-0,07438758
41838	80,198242	-167,41606	-167,37259	-0,36052912	-0,06280598	-0,064792231	-0,073738769
41838	80,698242	-165,46606	-165,41956	-0,35874546	-0,062266797	-0,064318173	-0,073124468
41838	81,198242	-163,51607	-163,47275	-0,35591274	-0,061672002	-0,063751519	-0,072428256
41838	81,698242	-161,56607	-161,51126	-0,35326779	-0,061127186	-0,063239641	-0,07175906
41838	82,198242	-159,61606	-159,55907	-0,35012811	-0,060560897	-0,062694728	-0,071113914
41838	82,698242	-157,66606	-157,60506	-0,34758747	-0,059967965	-0,062090304	-0,070400871
41838	83,198242	-155,71606	-155,62019	-0,34486949	-0,059455365	-0,061572935	-0,069734305
41838	83,698242	-153,76607	-153,67995	-0,34183413	-0,058932394	-0,060961466	-0,069089115
41838	84,198242	-151,81607	-151,72711	-0,33956617	-0,058349103	-0,060363736	-0,068371668
41838	84,698242	-149,86606	-149,73372	-0,33623278	-0,057705596	-0,05989423	-0,067692786
41838	85,198242	-147,91606	-147,79433	-0,33371896	-0,05715996	-0,059250973	-0,067033477
41838	85,698242	-145,96606	-145,86795	-0,33038408	-0,056577325	-0,058709811	-0,066331588
41838	86,198242	-144,01607	-143,91185	-0,32738447	-0,056023955	-0,058163524	-0,065574743
41838	86,698242	-142,06607	-141,98434	-0,32522976	-0,055416793	-0,057601903	-0,064910695
41838	87,198242	-140,11606	-140,02379	-0,32250881	-0,054862916	-0,057017356	-0,064213201
41838	87,698242	-138,16606	-138,10764	-0,31962842	-0,054318458	-0,056455981	-0,063531265
41838	88,198242	-136,21606	-136,14223	-0,3164351	-0,053720593	-0,055843923	-0,062851012
41838	88,698242	-134,26607	-134,19215	-0,31314939	-0,05310069	-0,05536991	-0,062165976
41838	89,198242	-132,31607	-132,2601	-0,31090081	-0,052573457	-0,054686837	-0,061406471
41838	89,698242	-130,36606	-130,30269	-0,3082782	-0,051940352	-0,054137595	-0,060804781
41838	90,198242	-128,41606	-128,34174	-0,30474812	-0,051357225	-0,053646982	-0,060035829
41838	90,698242	-126,46606	-126,42093	-0,30194223	-0,050765455	-0,053071037	-0,059296113
41838	91,198242	-124,51606	-124,47045	-0,2990976	-0,05011107	-0,052479729	-0,058592498
41838	91,698242	-122,56606	-122,54943	-0,29597431	-0,04958804	-0,051802959	-0,05790288
41838	92,198242	-120,61607	-120,53032	-0,2930522	-0,048931688	-0,051403228	-0,05712045
41838	92,698242	-118,66606	-118,64002	-0,28927624	-0,048301876	-0,050737657	-0,05649285
41838	93,198242	-116,71606	-116,65849	-0,28656721	-0,047758088	-0,050152399	-0,055647686
41838	93,698242	-114,76606	-114,75896	-0,28415918	-0,047083914	-0,049530387	-0,055021413
41838	94,198242	-112,81606	-112,74386	-0,28049052	-0,046356663	-0,049013022	-0,054208472
41838	94,698242	-110,86607	-110,77174	-0,27644932	-0,04579252	-0,048291333	-0,053470824
41838	95,198242	-108,91606	-108,82589	-0,27432442	-0,045219153	-0,04777484	-0,052718475
41838	95,698242	-106,96606	-106,89439	-0,27104765	-0,044535503	-0,047093961	-0,052007746
41838	96,198242	-105,01606	-104,91875	-0,2674982	-0,04397577	-0,046505395	-0,051191635
41838	96,698242	-103,06606	-102,98398	-0,26450306	-0,043291941	-0,045943629	-0,050495762
41838	97,198242	-101,11607	-100,98412	-0,26149899	-0,04255417	-0,045301393	-0,049614005
41838	97,698242	-99,166061	-99,110489	-0,25845915	-0,04196696	-0,044857055	-0,048971929
41838	98,198242	-97,216064	-97,14872	-0,25527179	-0,041303426	-0,044191197	-0,048104335
41838	98,698242	-95,26606	-95,179344	-0,25128573	-0,040647745	-0,043515831	-0,047365382
41838	99,198242	-93,316063	-93,289452	-0,24810731	-0,039961457	-0,043030154	-0,046619464
41838	99,698242	-91,366058	-91,289597	-0,24411678	-0,039277092	-0,0423593	-0,045830224
41838	100,19824	-89,416061	-89,381142	-0,24126023	-0,038638949	-0,041835736	-0,045081574
41838	100,69824	-87,466064	-87,408737	-0,23764372	-0,03791827	-0,041169416	-0,044216454
41838	101,19824	-85,51606	-85,483917	-0,23412257	-0,037315562	-0,040575217	-0,043465622
41838	101,69824	-83,566063	-83,524254	-0,23018271	-0,036562473	-0,040003512	-0,042672206
41838	102,19824	-81,616058	-81,583923	-0,22705346	-0,035833508	-0,039341971	-0,04192251
41838	102,69824	-79,666061	-79,594292	-0,22324771	-0,035110623	-0,038792491	-0,04102594
41838	103,19824	-77,716064	-77,695763	-0,21954328	-0,034471378	-0,038156014	-0,040280946
41838	103,69824	-75,76606	-75,698807	-0,21610111	-0,033693328	-0,037515085	-0,039388165
41838	104,19824	-73,816063	-73,766098	-0,21220297	-0,033064723	-0,036922839	-0,038663149
41838	104,69824	-71,866058	-71,821442	-0,20762533	-0,03237094	-0,036183678	-0,037770666
41838	105,19824	-69,916061	-69,856369	-0,2044484	-0,031598717	-0,035657309	-0,036958665
41838	105,69824	-67,966064	-67,906448	-0,19949973	-0,030939028	-0,034956753	-0,036120161
41838	106,19824	-66,01606	-65,905075	-0,19658208	-0,030098423	-0,034285504	-0,03534963
41838	106,69824	-64,066063	-64,023712	-0,19262284	-0,029461905	-0,033647493	-0,034563817
41838	107,19824	-62,116062	-62,101978	-0,18803775	-0,028646231	-0,032988217	-0,033706799
41838	107,69824	-60,166061	-60,121059	-0,18416494	-0,027959287	-0,032283891	-0,032884493
41838	108,19824	-58,216061	-58,204082	-0,1799494	-0,02723065	-0,031645462	-0,031959198
41838	108,69824	-56,26606	-56,242653	-0,17535239	-0,026444539	-0,030815022	-0,031149643
41838	109,19824	-54,316063	-54,229488	-0,17235726	-0,025633261	-0,030234773	-0,030180067
41838	109,69824	-52,366062	-52,342693	-0,16767085	-0,024970263	-0,029592754	-0,029445678
41838	110,19824	-50,416061	-50,352592	-0,16352087	-0,024162784	-0,028762372	-0,028497625
41838	110,69824	-48,466061	-48,449154	-0,15908331	-0,023395479	-0,028106414	-0,027648617
41838	111,19824	-46,51606	-46,474525	-0,15512556	-0,022730738	-0,027361415	-0,026709029
41838	111,69824	-44,566059	-44,522686	-0,15060604	-0,021886647	-0,02655923	-0,025845725
41838	112,19824	-42,616062	-42,582375	-0,14575571	-0,021087378	-0,025969731	-0,024922017
41838	112,69824	-40,666061	-40,674454	-0,14106482	-0,020290166	-0,025167231	-0,02404868
41838	113,19824	-38,716061	-38,605858	-0,13641119	-0,019555122	-0,024396796	-0,023074627
41838	113,69824	-36,76606	-36,753769	-0,1316607	-0,018676639	-0,023559816	-0,022163667
41838	114,19824	-34,816059	-34,772259	-0,12737364	-0,017836139	-0,022687593	-0,021244805
41838	114,69824	-32,866062	-32,871387	-0,1222387	-0,017074421	-0,022007667	-0,020365074
41838	115,19824	-30,916061	-30,818542	-0,11706501	-0,01626198	-0,021157209	-0,019303137
41838	115,69824	-28,966061	-28,942225	-0,11128038	-0,015394911	-0,020223109	-0,018420182
41838	116,19824	-27,01606	-26,949654	-0,10706484	-0,014642164	-0,019375993	-0,017355993
41838	116,69824	-25,066061	-24,972681	-0,10121316	-0,013725966	-0,018457903	-0,01644823
41838	117,19824	-23,11606	-23,077288	-0,096005201	-0,013028786	-0,017596366	-0,01548651
41838	117,69824	-21,166059	-21,0756	-0,090120733	-0,012149796	-0,016599542	-0,014511559
41838	118,19824	-19,216061	-19,172745	-0,084736943	-0,011239976	-0,015639562	-0,013432052
41838	118,69824	-17,26606	-17,260677	-0,0784114	-0,010530919	-0,014613566	-0,012509421
41838	119,19824	-15,31606	-15,282886	-0,071898103	-0,0096918792	-0,013499395	-0,011456256
41838	119,69824	-13,36606	-13,324374	-0,065453351	-0,0088730156	-0,012422529	-0,01040498
41838	120,19824	-11,41606	-11,378373	-0,057737529	-0,0080638677	-0,011211162	-0,0094621545
41838	120,69824	-9,4660597	-9,4535255	-0,050513446	-0,0072187483	-0,01000225	-0,0084750755
41838	121,19824	-7,5160599	-7,8846402	-0,043587387	-0,006593436	-0,008983979	-0,0076532681
41838	121,69824	-5,5660601	-5,8866534	-0,03413856	-0,0057131946	-0,0076455283	-0,006776819
41838	122,19824	-4,2202616	-3,9437561	-0,022788346	-0,0048562139	-0,0062320917	-0,0057320893
41838	122,69824	-6,1702619	-4,6597643	-0,025314093	-0,0049967021	-0,0065156631	-0,005857354
41838	123,19824	-8,1202621	-8,1491642	-0,040434301	-0,0061537623	-0,0081409281	-0,0070033483
41838	123,69824	-10,070262	-10,170373	-0,048002601	-0,00683029	-0,0090090455	-0,0077501349
41838	124,19824	-12,020262	-12,103906	-0,054390728	-0,0075873137	-0,0099497736	-0,0084736692
41838	124,69824	-13,970262	-14,072725	-0,061130524	-0,0081878155	-0,010925129	-0,0093187019
41838	125,19824	-15,920262	-15,984777	-0,067153573	-0,0089173764	-0,011666658	-0,010061264
41838	125,69824	-17,870262	-17,965557	-0,071936846	-0,0095420331	-0,012511534	-0,010951116
41838	126,19824	-19,820263	-19,866369	-0,078353286	-0,010265604	-0,01333159	-0,01175336
41838	126,69824	-21,770262	-21,838081	-0,083817542	-0,010934994	-0,014050695	-0,012690383
41838	127,19824	-23,720263	-23,7873	-0,088724494	-0,011668131	-0,014925797	-0,013533229
41838	127,69824	-25,670261	-25,764847	-0,093746185	-0,012407258	-0,015648935	-0,014487612
41838	128,19824	-27,620262	-27,69203	-0,099568069	-0,013093054	-0,016522799	-0,015322081
41838	128,69824	-29,570263	-29,685884	-0,10349452	-0,01384908	-0,017201073	-0,01627782
41838	129,19824	-31,520262	-31,599703	-0,10902733	-0,014536723	-0,017928053	-0,017097244
41838	129,69824	-33,470261	-33,536331	-0,11406541	-0,015284047	-0,018739093	-0,018070975
41838	130,19824	-35,420261	-35,52618	-0,11837184	-0,01597257	-0,019462293	-0,01897908
41838	130,69824	-37,370262	-37,502052	-0,12347251	-0,01676096	-0,020178817	-0,019972283
41838	131,19824	-39,320263	-39,422405	-0,12767315	-0,017432362	-0,020939678	-0,020766702
41838	131,69824	-41,270264	-41,400349	-0,13197064	-0,018176198	-0,021638133	-0,021785039
41838	132,19824	-43,220264	-43,30434	-0,13570786	-0,018895403	-0,022361545	-0,022635249
41838	132,69824	-45,170261	-45,270443	-0,14044493	-0,019629791	-0,023059178	-0,023597423
41838	133,19824	-47,120262	-47,209793	-0,1445815	-0,020323351	-0,02370468	-0,024441825
41838	133,69824	-49,070263	-49,174496	-0,14906377	-0,021015912	-0,024446823	-0,025422486
41838	134,19824	-51,020264	-51,061897	-0,15332401	-0,021794885	-0,025185902	-0,026207918
41838	134,69824	-52,970264	-53,031944	-0,15734136	-0,022478521	-0,025844187	-0,027182242
41838	135,19824	-54,920261	-54,965782	-0,16123205	-0,023185059	-0,026513787	-0,02797683
41838	135,69824	-56,870262	-56,918919	-0,16514808	-0,023865581	-0,027209079	-0,028914489
41838	136,19824	-58,820263	-58,894241	-0,16966164	-0,024653584	-0,027922533	-0,029793013
41838	136,69824	-60,770264	-60,837227	-0,17416924	-0,025353611	-0,028497325	-0,030659901
41838	137,19824	-62,720264	-62,789116	-0,17812401	-0,026045278	-0,029237609	-0,031520911
41838	137,69824	-64,670265	-64,770439	-0,18174201	-0,02678737	-0,029909939	-0,032431182
41838	138,19824	-66,620262	-66,713287	-0,1857698	-0,027450621	-0,030551992	-0,033272907
41838	138,69824	-68,570267	-68,701546	-0,19005984	-0,028304353	-0,031241002	-0,034263905
41838	139,19824	-70,520264	-70,620918	-0,19372106	-0,028973967	-0,031970993	-0,03509444
41838	139,69824	-72,470261	-72,572845	-0,19731522	-0,029662952	-0,032499373	-0,035943478
41838	140,19824	-74,420265	-74,521446	-0,20124018	-0,030390888	-0,033261787	-0,03678751
41838	140,69824	-76,370262	-76,47937	-0,20447224	-0,031092301	-0,033817317	-0,037628554
41838	141,19824	-78,320267	-78,423492	-0,20833164	-0,031715065	-0,034463678	-0,038493343
41838	141,69824	-80,270264	-80,375565	-0,21231174	-0,032409027	-0,03519056	-0,039369769
41838	142,19824	-82,220261	-82,293945	-0,21514297	-0,033113822	-0,035705004	-0,040129468
41838	142,69824	-84,170265	-84,276009	-0,21963716	-0,033822507	-0,036458123	-0,041075945
41838	143,19824	-86,120262	-86,153824	-0,22335351	-0,03442958	-0,037108131	-0,041793652
41838	143,69824	-88,070267	-88,136757	-0,22725463	-0,035196528	-0,037749529	-0,042732049
41838	144,19824	-90,020264	-90,062546	-0,23061484	-0,035912037	-0,038316645	-0,043478675
41838	144,69824	-91,970261	-92,036278	-0,2340436	-0,036582857	-0,038896628	-0,044353608
41838	145,19824	-93,920265	-93,963806	-0,23737848	-0,03731522	-0,039622448	-0,045158073
41838	145,69824	-95,870262	-95,975578	-0,24149567	-0,038048401	-0,040294506	-0,046030402
41838	146,19824	-97,820267	-97,881432	-0,24478883	-0,038663194	-0,040821526	-0,046859965
41838	146,69824	-99,770264	-99,882294	-0,2484411	-0,039352328	-0,04157275	-0,047704324
41838	147,19824	-101,72026	-101,84298	-0,25211126	-0,040037274	-0,042213697	-0,04848757
41838	147,69824	-103,67027	-103,79839	-0,25564283	-0,040656075	-0,042737354	-0,049368843
41838	148,19824	-105,62026	-105,71291	-0,25882721	-0,041360736	-0,043368138	-0,050089225
41838	148,69824	-107,57027	-107,69385	-0,26267767	-0,042022496	-0,043990705	-0,050942481
41838	149,19824	-109,52026	-109,61069	-0,26478767	-0,042715117	-0,04464351	-0,051752754
41838	149,69824	-111,47026	-111,55699	-0,2684921	-0,043398097	-0,045297135	-0,052570343
41838	150,19824	-113,42027	-113,52526	-0,2718702	-0,044002607	-0,04585569	-0,053387508
41838	150,69824	-115,37026	-115,44473	-0,27518421	-0,044721484	-0,04644328	-0,054147813
41838	151,19824	-117,32027	-117,38393	-0,27867109	-0,045315564	-0,046965148	-0,054868996
41838	151,69824	-119,27026	-119,29559	-0,28210282	-0,046086207	-0,047742955	-0,055698052
41838	152,19824	-121,22027	-121,25388	-0,28540641	-0,046669155	-0,048407696	-0,056500573
41838	152,69824	-123,17027	-123,22898	-0,28897077	-0,047368482	-0,048919667	-0,057257842
41838	153,19824	-125,12026	-125,21754	-0,29199868	-0,047940269	-0,049580857	-0,058081806
41838	153,69824	-127,07027	-127,13166	-0,29551685	-0,048654288	-0,050226413	-0,05880538
41838	154,19824	-129,02026	-129,15533	-0,29833019	-0,04928118	-0,050858889	-0,059684273
41838	154,69824	-130,97026	-131,04553	-0,30174851	-0,049908891	-0,051418815	-0,060401898
41838	155,19824	-132,92026	-133,0455	-0,304766	-0,050602674	-0,052061621	-0,061219312
41838	155,69824	-134,87027	-134,98846	-0,30820966	-0,051187754	-0,052677456	-0,061953127
41838	156,19824	-136,82027	-136,92383	-0,31115115	-0,051817417	-0,053296387	-0,062718838
41838	156,69824	-138,77026	-138,84685	-0,31397492	-0,052463427	-0,053830039	-0,063467488
41838	157,19824	-140,72026	-140,79697	-0,31741858	-0,053144932	-0,054531202	-0,064233005
41838	157,69824	-142,67026	-142,75517	-0,32043755	-0,053734258	-0,055297852	-0,065014772
41838	158,19824	-144,62027	-144,7036	-0,32335222	-0,054351255	-0,055684041	-0,065758854
41838	158,69824	-146,57027	-146,67511	-0,32694936	-0,05505386	-0,056403477	-0,066585049
41838	159,19824	-148,52026	-148,5838	-0,32955408	-0,055655628	-0,057006586	-0,06732133
41838	159,69824	-150,47026	-150,51018	-0,33253431	-0,056323484	-0,057621516	-0,068111733
41838	160,19824	-152,42027	-152,42574	-0,33538193	-0,056917727	-0,058177155	-0,068766683
41838	160,69824	-154,37027	-154,44379	-0,33896714	-0,057575256	-0,058877174	-0,06963332
41838	161,19824	-156,32027	-156,35849	-0,3416881	-0,058158398	-0,059498563	-0,070334785
41838	161,69824	-158,27026	-158,3568	-0,34508258	-0,058854222	-0,060235906	-0,071159765
41838	162,19824	-160,22026	-160,24492	-0,34829378	-0,059501782	-0,06073942	-0,071830496
41838	162,69824	-162,17027	-162,26064	-0,35115182	-0,060142577	-0,061387196	-0,072640955
41838	163,19824	-164,12027	-164,20488	-0,35391003	-0,0608152	-0,061894611	-0,073292524
41838	163,69824	-166,07027	-166,15115	-0,35698265	-0,061339527	-0,062467858	-0,074092075
41838	164,19824	-168,02026	-168,09988	-0,36043376	-0,062007874	-0,063199721	-0,074786894
41838	164,69824	-169,97026	-170,07947	-0,36299229	-0,062549621	-0,063838743	-0,075562775
41838	165,19824	-171,92027	-172,00117	-0,36564469	-0,063285112	-0,064438976	-0,07636936
41838	165,69824	-173,87027	-173,97139	-0,36826134	-0,063848883	-0,065137282	-0,077135965
41838	166,19824	-175,82027	-175,92299	-0,3716886	-0,064482689	-0,065653868	-0,077919595
41838	166,69824	-177,77026	-177,81825	-0,37443638	-0,065149233	-0,066290937	-0,078555405
41838	167,19824	-179,72026	-179,74142	-0,37695915	-0,065819964	-0,066781074	-0,079364404
41838	167,69824	-181,67027	-181,66425	-0,38027614	-0,066419542	-0,067435011	-0,080101386
41838	168,19824	-183,62027	-183,63873	-0,38343966	-0,066975385	-0,068188593	-0,080893256
41838	168,69824	-184,44775	-184,58916	-0,3848508	-0,067429259	-0,068398021	-0,081307955
41838	169,19824	-182,49776	-182,46638	-0,382635	-0,066900551	-0,067991458	-0,080710754
41838	169,69824	-180,54776	-180,50874	-0,3803283	-0,066389382	-0,067523539	-0,08007957
41838	170,19824	-178,59775	-178,53767	-0,37780404	-0,065927774	-0,066907726	-0,079407588
41838	170,69824	-176,64775	-176,63441	-0,37477463	-0,065402538	-0,066494226	-0,078838922
41838	171,19824	-174,69775	-174,63794	-0,37276298	-0,06481263	-0,06595505	-0,078152895
41838	171,69824	-172,74776	-172,72804	-0,36955029	-0,064276621	-0,065328099	-0,077550314
41838	172,19824	-170,79776	-170,75706	-0,36702901	-0,063778058	-0,06486769	-0,076883115
41838	172,69824	-168,84775	-168,83344	-0,364393	-0,063201442	-0,064344943	-0,076223314
41838	173,19824	-166,89775	-166,82527	-0,36128759	-0,062607408	-0,063779376	-0,075509772
41838	173,69824	-164,94775	-164,88782	-0,35861433	-0,062123209	-0,063284509	-0,074918374
41838	174,19824	-162,99776	-162,91283	-0,35644919	-0,061515182	-0,062670499	-0,074230649
41838	174,69824	-161,04776	-160,97391	-0,35363883	-0,061027154	-0,062163159	-0,07357277
41838	175,19824	-159,09775	-158,97176	-0,35073012	-0,060408726	-0,061500873	-0,072860986
41838	175,69824	-157,14775	-157,0612	-0,34766644	-0,059903532	-0,061055008	-0,072305836
41838	176,19824	-155,19775	-155,06857	-0,34525096	-0,059358209	-0,06054255	-0,07151331
41838	176,69824	-153,24776	-153,15349	-0,34238994	-0,058812395	-0,059985287	-0,070858687
41838	177,19824	-151,29776	-151,21165	-0,3396228	-0,058247834	-0,059397649	-0,07022097
41838	177,69824	-149,34775	-149,2816	-0,33676773	-0,05761683	-0,058848668	-0,069540724
41838	178,19824	-147,39775	-147,34825	-0,33439398	-0,057110608	-0,058243237	-0,068854004
41838	178,69824	-145,44775	-145,37224	-0,33068359	-0,056506261	-0,057664562	-0,068187043
41838	179,19824	-143,49776	-143,472	-0,32823235	-0,055915669	-0,05705788	-0,06751211
41838	179,69824	-141,54776	-141,46729	-0,32520294	-0,055372477	-0,056527607	-0,066738918
41838	180,19824	-139,59775	-139,5204	-0,32291859	-0,054769665	-0,056041311	-0,066068396
41838	180,69824	-137,64775	-137,58028	-0,31983256	-0,054145575	-0,055385839	-0,065354042
41838	181,19824	-135,69775	-135,62685	-0,31712204	-0,053702846	-0,054856967	-0,064656228
41838	181,69824	-133,74776	-133,69896	-0,31378716	-0,053029224	-0,054307185	-0,063987553
41838	182,19824	-131,79776	-131,70979	-0,31039268	-0,052412212	-0,05370263	-0,06325534
41838	182,69824	-129,84775	-129,76994	-0,30775219	-0,051883757	-0,053169817	-0,062634096
41838	183,19824	-127,89775	-127,77865	-0,30497611	-0,051229313	-0,052553132	-0,061796796
41838	183,69824	-125,94775	-125,87827	-0,30216128	-0,050665483	-0,05206871	-0,06117437
41838	184,19824	-123,99775	-123,89493	-0,29887557	-0,049984783	-0,051425088	-0,060396194
41838	184,69824	-122,04775	-121,97878	-0,29557794	-0,049473777	-0,050853241	-0,059723355
41838	185,19824	-120,09776	-119,98344	-0,29320717	-0,048764229	-0,050230693	-0,058942866
41838	185,69824	-118,14775	-118,08693	-0,29024929	-0,048251748	-0,049668223	-0,058296189
41838	186,19824	-116,19775	-116,0901	-0,28707236	-0,047611728	-0,049048349	-0,057443619
41838	186,69824	-114,24775	-114,19324	-0,28337687	-0,04702279	-0,048520345	-0,056791797
41838	187,19824	-112,29775	-112,21207	-0,28036088	-0,046312615	-0,047945149	-0,056002207
41838	187,69824	-110,34776	-110,32663	-0,27783662	-0,045700192	-0,047352593	-0,055386253
41838	188,19824	-108,39775	-108,31809	-0,27448982	-0,045150861	-0,046756532	-0,054545257
41838	188,69824	-106,44775	-106,37019	-0,27020574	-0,044452056	-0,04609786	-0,053854525
41838	189,19824	-104,49775	-104,39774	-0,26789159	-0,043830395	-0,045516629	-0,053026915
41838	189,69824	-102,54775	-102,46649	-0,26446432	-0,043182701	-0,044977441	-0,052312616
41838	190,19824	-100,59776	-100,52107	-0,2610907	-0,042578787	-0,044324145	-0,051468581
41838	190,69824	-98,647751	-98,546165	-0,25781542	-0,041947663	-0,043774076	-0,050723746
41838	191,19824	-96,697754	-96,596382	-0,25492013	-0,0412312	-0,043111339	-0,049907532
41838	191,69824	-94,747749	-94,640068	-0,25171191	-0,04053551	-0,042609639	-0,049195692
41838	192,19824	-92,797752	-92,688477	-0,24803877	-0,03985399	-0,041983329	-0,048395231
41838	192,69824	-90,847748	-90,74704	-0,24411231	-0,03927213	-0,04141007	-0,047576912
41838	193,19824	-88,897751	-88,802292	-0,2416715	-0,038583919	-0,04073998	-0,04680258
41838	193,69824	-86,947754	-86,866257	-0,23755431	-0,037819326	-0,040167749	-0,045980901
41838	194,19824	-84,997749	-84,928299	-0,23388416	-0,037174881	-0,039510783	-0,045161821
41838	194,69824	-83,047752	-82,96991	-0,23022294	-0,036548898	-0,039067578	-0,044420861
41838	195,19824	-81,097748	-81,034744	-0,22659302	-0,035804883	-0,038368948	-0,043587662
41838	195,69824	-79,147751	-79,067398	-0,22289157	-0,035140961	-0,037804671	-0,042745501
41838	196,19824	-77,197754	-77,139915	-0,21902472	-0,034418225	-0,037109047	-0,04193959
41838	196,69824	-75,247749	-75,17543	-0,21538734	-0,033735886	-0,036628187	-0,04116866
41838	197,19824	-73,297752	-73,242905	-0,21190941	-0,032986805	-0,03588967	-0,040298905
41838	197,69824	-71,347748	-71,260391	-0,2078861	-0,032235488	-0,03527613	-0,03943304
41838	198,19824	-69,397751	-69,357117	-0,20409673	-0,031537443	-0,034620762	-0,038675725
41838	198,69824	-67,447754	-67,346001	-0,20021498	-0,030779928	-0,033903081	-0,037779335
41838	199,19824	-65,497749	-65,412338	-0,19572079	-0,03004773	-0,033290934	-0,036959331
41838	199,69824	-63,547752	-63,420353	-0,19192249	-0,029366165	-0,032651152	-0,036122777
41838	200,19824	-61,597752	-61,475021	-0,18782914	-0,028616473	-0,031930555	-0,03520824
41838	200,69824	-59,647751	-59,599003	-0,1841262	-0,027867451	-0,031312399	-0,034433544
41838	201,19824	-57,69775	-57,568565	-0,17988086	-0,027077064	-0,030667257	-0,03346891
41838	201,69824	-55,747749	-55,65237	-0,17559826	-0,026339173	-0,029894318	-0,032609664
41838	202,19824	-53,797752	-53,677055	-0,17217398	-0,025591955	-0,029359559	-0,031684246
41838	202,69824	-51,847752	-51,789604	-0,16718954	-0,024888828	-0,028511785	-0,030843606
41838	203,19824	-49,897751	-49,824318	-0,16319901	-0,024159163	-0,027903333	-0,02993018
41838	203,69824	-47,94775	-47,905121	-0,1589343	-0,023385987	-0,027203884	-0,029077262
41838	204,19824	-45,997749	-45,945042	-0,1542747	-0,02258338	-0,02639184	-0,028092248
41838	204,69824	-44,047749	-43,999161	-0,14998019	-0,021861017	-0,025827985	-0,02724259
41838	205,19824	-42,097752	-42,024353	-0,14579445	-0,021028519	-0,024976635	-0,026262596
41838	205,69824	-40,147751	-40,095699	-0,14086813	-0,020277053	-0,024202231	-0,025326535
41838	206,19824	-38,19775	-38,146366	-0,13601482	-0,019460022	-0,023470478	-0,024344867
41838	206,69824	-36,247749	-36,239979	-0,13181865	-0,018706739	-0,022774786	-0,023505095
41838	207,19824	-34,297749	-34,19162	-0,12679696	-0,01784426	-0,021948142	-0,022383133
41838	207,69824	-32,347752	-32,307865	-0,12153387	-0,017065763	-0,021276996	-0,021471661
41838	208,19824	-30,397751	-30,327326	-0,11633486	-0,016173378	-0,020325374	-0,020505289
41838	208,69824	-28,44775	-28,357666	-0,11134744	-0,015420362	-0,019514665	-0,019478241
41838	209,19824	-26,497749	-26,410814	-0,10633171	-0,014554903	-0,018607594	-0,018455278
41838	209,69824	-24,54775	-24,44821	-0,10061264	-0,013783976	-0,017815335	-0,017400052
41838	210,19824	-22,59775	-22,523979	-0,095073879	-0,01293169	-0,016969247	-0,016440224
41838	210,69824	-20,647749	-20,567316	-0,088758767	-0,012106478	-0,01595314	-0,015380134
41838	211,19824	-18,69775	-18,615017	-0,083145499	-0,011358485	-0,014982942	-0,014387815
41838	211,69824	-16,747749	-16,653133	-0,077559054	-0,010549754	-0,01399911	-0,013166018
41838	212,19824	-14,79775	-14,772709	-0,071197748	-0,0097380728	-0,01289757	-0,012274502
41838	212,69824	-12,84775	-12,798131	-0,063820183	-0,0089163184	-0,01185168	-0,01108493
41838	213,19824	-10,89775	-10,88345	-0,056658685	-0,0080898851	-0,010705853	-0,010046765
41838	213,69824	-8,9477491	-8,9568892	-0,049288571	-0,0072871596	-0,0095254891	-0,0090052551
41838	214,19824	-6,9977493	-7,5319576	-0,042910874	-0,006768927	-0,0086410306	-0,008147765
41838	214,69824	-5,0477495	-5,1397181	-0,030526519	-0,0058219731	-0,0070642256	-0,0070097838
41838	215,19824	-3,927	-3,8271303	-0,022155046	-0,0051349849	-0,0063152346	-0,0061572231
41838	215,69824	-3,927	-3,7530661	-0,021086633	-0,0049609393	-0,0060368632	-0,0061314944
41838	216,19824	-3,927	-3,7421026	-0,020800531	-0,0050456375	-0,0059188372	-0,005938299
41838	216,69824	-3,927	-3,7550683	-0,02092272	-0,0049127936	-0,0060792929	-0,0059479307
41838	217,19824	-3,927	-3,7866235	-0,021022558	-0,0048970282	-0,0060068183	-0,0059130769
41838	217,69824	-3,927	-3,8116519	-0,02116859	-0,0049367845	-0,005955006	-0,0058539044
41838	218,19824	-3,927	-3,8291142	-0,020878017	-0,0048509389	-0,0058981702	-0,0059355851
41838	218,69824	-3,927	-3,8274527	-0,021088123	-0,0048205554	-0,0058770813	-0,0057641789
41838	219,19824	-3,927	-3,8776398	-0,020882487	-0,0047816783	-0,0058248574	-0,0058936253
41838	219,69824	-3,927	-3,8720183	-0,021030009	-0,0047532618	-0,0058819698	-0,0057826899
41838	220,19824	-3,927	-3,8868468	-0,021709502	-0,0047870129	-0,005818015	-0,0057988111
41838	220,69824	-3,927	-3,8858912	-0,021006167	-0,0047657639	-0,0059050573	-0,0057262331
41838	221,19824	-3,927	-3,9045644	-0,021640956	-0,0047573745	-0,0058021662	-0,0057820734
41838	221,69824	-3,927	-3,8969164	-0,02142936	-0,0047798604	-0,0057118768	-0,0057107285
41838	222,19824	-3,927	-3,9147716	-0,020432472	-0,0047792494	-0,0058834692	-0,005714234
41838	222,69824	-3,927	-3,9127302	-0,021269917	-0,0046665817	-0,0056575667	-0,0056649242
41838	223,19824	-3,927	-3,9313548	-0,021256506	-0,0047287643	-0,0058125518	-0,0057636332
41838	223,69824	-3,927	-3,9309561	-0,021249056	-0,0045946538	-0,0058250572	-0,0057251006
41838	224,19824	-3,927	-3,9138365	-0,020898879	-0,0046978891	-0,0057420786	-0,0056950897
41838	224,69824	-3,927	-3,9170737	-0,020812452	-0,0045957714	-0,0058383108	-0,0056470707
41838	225,19824	-3,927	-3,9121304	-0,021333992	-0,0046608299	-0,0058139507	-0,0056319479
41838	225,69824	-3,927	-3,8903728	-0,02066046	-0,0046721101	-0,0056556538	-0,0056273974
41838	226,19824	-3,927	-3,9343946	-0,020343065	-0,004685998	-0,0057381447	-0,0056310669
41838	226,69824	-3,927	-3,8958564	-0,021202862	-0,0046079159	-0,0056153936	-0,0055451207
41838	227,19824	-3,927	-3,9542243	-0,020372868	-0,0046375543	-0,0057040164	-0,0056417268
41838	227,69824	-3,927	-3,9364676	-0,020386279	-0,0045858771	-0,0057308171	-0,0056112781
41838	228,19824	-3,927	-3,9304607	-0,020596385	-0,0045866221	-0,0057192603	-0,0055739973
41838	228,69824	-3,927	-3,9464831	-0,020602345	-0,0045771748	-0,0057264352	-0,0055891089
41838	229,19824	-3,927	-3,9224272	-0,021357834	-0,0045623332	-0,0056805052	-0,0055614319
41838	229,69824	-3,927	-3,9112344	-0,021052361	-0,0045524836	-0,0057180831	-0,0055505317
41838	230,19824	-3,927	-3,9148946	-0,020517409	-0,0046020448	-0,0056426018	-0,0055583697
41838	230,69824	-3,927	-3,9177184	-0,020031631	-0,0045426786	-0,0056977337	-0,0054901112
41838	231,19824	-3,927	-3,9303284	-0,021018088	-0,0045876354	-0,0056913495	-0,0055482388
41838	231,69824	-3,927	-3,9202924	-0,020328164	-0,0045232028	-0,0056079044	-0,0055087227
41838	232,19824	-3,927	-3,9235744	-0,020371377	-0,0045478046	-0,0056077992	-0,0055027679
41838	232,69824	-3,927	-3,9413199	-0,020293891	-0,0044901073	-0,0056050303	-0,0055182148
41838	233,19824	-3,927	-3,9350038	-0,020875037	-0,0045226663	-0,0056565292	-0,005509343
41838	233,69824	-3,927	-3,9261711	-0,020991266	-0,0044933259	-0,0056058881	-0,0054438263
41838	234,19824	-3,927	-3,9335806	-0,020347536	-0,0044480711	-0,0055777263	-0,005438894
41838	234,69824	-3,927	-3,9431658	-0,02052933	-0,0045647472	-0,0056517385	-0,0054372642
41838	235,19824	-3,927	-3,9185266	-0,021077693	-0,0044538677	-0,0055736438	-0,005431002
41838	235,69824	-3,927	-3,9283595	-0,020174682	-0,0044511259	-0,0055376273	-0,0054569617
41838	236,19824	-3,927	-3,9035027	-0,020354986	-0,0045013875	-0,0055162753	-0,0053670835
41838	236,69824	-3,927	-3,9528515	-0,020700693	-0,004475221	-0,0055596242	-0,0054405313
41838	237,19824	-3,927	-3,9120409	-0,020730495	-0,0043961257	-0,0055813477	-0,0053614546
41838	237,69824	-3,927	-3,9270501	-0,020472705	-0,0045123249	-0,0054983688	-0,0054220762
41838	238,19824	-3,927	-3,9018114	-0,020954013	-0,0045070499	-0,0056125214	-0,0053521749
41838	238,69824	-3,927	-3,9340537	-0,020858645	-0,004425779	-0,0056487648	-0,0053827986
41838	239,19824	-3,927	-3,9045997	-0,020369887	-0,0044707507	-0,0055771507	-0,0053263679
41838	239,69824	-3,927	-3,9569345	-0,020883977	-0,0044834912	-0,0056067239	-0,0053926464
41838	240,19824	-3,927	-3,8869343	-0,020134449	-0,0044352114	-0,0054936521	-0,0053003859
41838	240,69824	-3,927	-3,9296188	-0,020237267	-0,0044855922	-0,0055612065	-0,005418241
41838	241,19824	-3,927	-3,9239433	-0,02028048	-0,0044753551	-0,0055994489	-0,0053638257
41838	241,69824	-3,927	-3,9495714	-0,020000339	-0,0044595301	-0,0055622621	-0,0054014456
41838	242,19824	-3,927	-3,9316211	-0,020675361	-0,0044008344	-0,0055697006	-0,0052906182
41838	242,69824	-3,927	-3,8899388	-0,020253658	-0,0043301135	-0,0054700272	-0,0052765198
41838	243,19824	-3,927	-3,9331839	-0,020417571	-0,0044070035	-0,0055061919	-0,0053109657
41838	243,69824	-3,927	-3,9518623	-0,020299852	-0,0043848902	-0,0054523903	-0,0052834991
41838	244,19824	-3,927	-3,9560051	-0,020252168	-0,0044188201	-0,0054721385	-0,0053472891
41838	244,69824	-3,927	-3,9328375	-0,020131469	-0,0044596046	-0,0055415872	-0,0052646436
41838	245,19824	-4,7268047	-4,3921342	-0,023198128	-0,0045203269	-0,0057198643	-0,005482452
41838	245,69824	-6,676805	-6,1879382	-0,029928982	-0,0051308572	-0,0065377438	-0,0061344933
41838	246,19824	-8,6268053	-8,7325621	-0,040780008	-0,0060228705	-0,0079093771	-0,0070954654
41838	246,69824	-10,576805	-10,824959	-0,049816072	-0,0066808313	-0,0088483877	-0,0079325717
41838	247,19824	-12,526805	-12,763598	-0,055849552	-0,0073684454	-0,0095989183	-0,0087341573
41838	247,69824	-14,476805	-14,691693	-0,06249994	-0,0080379397	-0,010426151	-0,0097080274
41838	248,19824	-16,426805	-16,606434	-0,068579614	-0,0087459385	-0,011395289	-0,010513648
41838	248,69824	-18,376804	-18,581959	-0,074107945	-0,0094316155	-0,012074757	-0,011470562
41838	249,19824	-20,326805	-20,44566	-0,079227984	-0,010192737	-0,012981577	-0,01226416
41838	249,69824	-22,276806	-22,443071	-0,084903836	-0,01082018	-0,013752474	-0,013324632
41838	250,19824	-24,226805	-24,290718	-0,090053678	-0,011554345	-0,014570164	-0,014155921
41838	250,69824	-26,176805	-26,265511	-0,095210969	-0,012222588	-0,015404409	-0,015177708
41838	251,19824	-28,126806	-28,236649	-0,10040402	-0,012994736	-0,016138926	-0,016017174
41838	251,69824	-30,076805	-30,197971	-0,1051113	-0,013847828	-0,016989468	-0,017070655
41838	252,19824	-32,026806	-32,123959	-0,11020154	-0,014424294	-0,0176719	-0,017917905
41838	252,69824	-33,976807	-34,055466	-0,1148507	-0,01515907	-0,018473446	-0,018953677
41838	253,19824	-35,926807	-35,924179	-0,11879355	-0,015882641	-0,019205032	-0,019833576
41838	253,69824	-37,876804	-37,961781	-0,12380481	-0,016626641	-0,020001233	-0,020832049
41838	254,19824	-39,826805	-39,877354	-0,12868941	-0,017367989	-0,020710509	-0,021769203
41838	254,69824	-41,776806	-41,803486	-0,13285726	-0,018075749	-0,021398013	-0,022661343
41838	255,19824	-43,726807	-43,768391	-0,1375705	-0,018817022	-0,022074908	-0,023643108
41838	255,69824	-45,676807	-45,744701	-0,14193356	-0,019626394	-0,022901705	-0,024558974
41838	256,19824	-47,626804	-47,719421	-0,14632195	-0,020308375	-0,023554139	-0,02551214
41838	256,69824	-49,576805	-49,661346	-0,15017688	-0,021022558	-0,024310887	-0,026457317
41838	257,19824	-51,526806	-51,596806	-0,15449822	-0,021830782	-0,025119733	-0,027378913
41838	257,69824	-53,476807	-53,555885	-0,1583457	-0,022463322	-0,025659047	-0,028284105
41838	258,19824	-55,426807	-55,530628	-0,16257763	-0,023241505	-0,026408009	-0,029211678
41838	258,69824	-57,376804	-57,518871	-0,16709119	-0,02387166	-0,02715067	-0,030092172
41838	259,19824	-59,326805	-59,424057	-0,17087907	-0,024700642	-0,027700132	-0,03103504
41838	259,69824	-61,276806	-61,384369	-0,17555952	-0,025471151	-0,028512675	-0,031874303
41838	260,19824	-63,226807	-63,323841	-0,17949492	-0,026191086	-0,029155027	-0,032791503
41838	260,69824	-65,176804	-65,246407	-0,18301755	-0,026854187	-0,029807001	-0,03367893
41838	261,19824	-67,126808	-67,224899	-0,18750727	-0,027580738	-0,030601179	-0,034546755
41838	261,69824	-69,076805	-69,132584	-0,19104928	-0,02826418	-0,031143436	-0,035436083
41838	262,19824	-71,02681	-71,070648	-0,19442439	-0,029033974	-0,031866092	-0,036324505
41838	262,69824	-72,976807	-73,06028	-0,19969493	-0,029744297	-0,032494631	-0,037162717
41838	263,19824	-74,926804	-74,986069	-0,20265728	-0,030479431	-0,033235148	-0,038060807
41838	263,69824	-76,876808	-76,954048	-0,20621419	-0,031051815	-0,033801641	-0,038967002
41838	264,19824	-78,826805	-78,877777	-0,20963252	-0,031752601	-0,034474261	-0,039843872
41838	264,69824	-80,77681	-80,873192	-0,21419227	-0,032510668	-0,035174016	-0,040694408
41838	265,19824	-82,726807	-82,824394	-0,21785498	-0,033202216	-0,03583974	-0,041544113
41838	265,69824	-84,676804	-84,768211	-0,22208244	-0,033950388	-0,036448509	-0,042357385
41838	266,19824	-86,626808	-86,722191	-0,2252534	-0,034597784	-0,037089739	-0,04317515
41838	266,69824	-88,576805	-88,674538	-0,22909194	-0,035348624	-0,037758209	-0,044026583
41838	267,19824	-90,52681	-90,633194	-0,23210347	-0,03599903	-0,038332272	-0,044852637
41838	267,69824	-92,476807	-92,603241	-0,23635924	-0,036763474	-0,039033111	-0,045723438
41838	268,19824	-94,426804	-94,500465	-0,23991615	-0,037357911	-0,039583795	-0,046479158
41838	268,69824	-96,376808	-96,483856	-0,2432242	-0,038180336	-0,040261131	-0,047409091
41838	269,19824	-98,326805	-98,374313	-0,24693012	-0,038762718	-0,040916897	-0,048108675
41838	269,69824	-100,27681	-100,36313	-0,25008023	-0,039478064	-0,041503813	-0,049042173
41838	270,19824	-102,22681	-102,2673	-0,25409311	-0,040148914	-0,042078692	-0,049783263
41838	270,69824	-104,1768	-104,2354	-0,25709271	-0,040783137	-0,042848133	-0,050653182
41838	271,19824	-106,12681	-106,19513	-0,26069283	-0,041471913	-0,043364115	-0,051433194
41838	271,69824	-108,07681	-108,14033	-0,26378632	-0,042245641	-0,044044245	-0,052295178
41838	272,19824	-110,02681	-110,11529	-0,26812702	-0,042891949	-0,044613801	-0,053153139
41838	272,69824	-111,97681	-112,04118	-0,27097911	-0,043558285	-0,045274407	-0,05382501
41838	273,19824	-113,92681	-114,0239	-0,27475655	-0,044161662	-0,046005085	-0,054700196
41838	273,69824	-115,87681	-115,96801	-0,27812868	-0,044839263	-0,046475485	-0,055461448
41838	274,19824	-117,82681	-117,91838	-0,28135031	-0,045566291	-0,047088452	-0,056292236
41838	274,69824	-119,77681	-119,86584	-0,28395802	-0,046109691	-0,047756575	-0,057004072
41838	275,19824	-121,72681	-121,85117	-0,28780103	-0,046837196	-0,048347227	-0,057794522
41838	275,69824	-123,67681	-123,73915	-0,29068738	-0,047382146	-0,049071141	-0,058539767
41838	276,19824	-125,62681	-125,7548	-0,29395372	-0,048115969	-0,04960141	-0,059449118
41838	276,69824	-127,57681	-127,67588	-0,29735863	-0,04872714	-0,050281327	-0,060175266
41838	277,19824	-129,52681	-129,62022	-0,30050725	-0,049470708	-0,050932765	-0,061023645
41838	277,69824	-131,47681	-131,5313	-0,30346513	-0,050008759	-0,051491618	-0,061741304
41838	278,19824	-133,4268	-133,50717	-0,30709356	-0,050713494	-0,052130882	-0,062522486
41838	278,69824	-135,3768	-135,41835	-0,30949116	-0,051259518	-0,052731648	-0,063206449
41838	279,19824	-137,32681	-137,3678	-0,31282306	-0,051938325	-0,053336147	-0,064031467
41838	279,69824	-139,27681	-139,34323	-0,31612962	-0,052556902	-0,0538713	-0,064786784
41838	280,19824	-141,22681	-141,26897	-0,31968951	-0,053242743	-0,054572199	-0,065563172
41838	280,69824	-143,1768	-143,2636	-0,32276958	-0,053923756	-0,055171058	-0,066288263
41838	281,19824	-145,12682	-145,1743	-0,32569021	-0,054456919	-0,055823911	-0,067084208
41838	281,69824	-147,07681	-147,17921	-0,32895803	-0,055130839	-0,056406613	-0,067907497
41838	282,19824	-149,02681	-149,11131	-0,33189207	-0,055673525	-0,056993701	-0,068572655
41838	282,69824	-150,97681	-151,08214	-0,33514798	-0,05638127	-0,057587884	-0,069461003
41838	283,19824	-152,9268	-153,00073	-0,33738613	-0,056927517	-0,058268327	-0,070142329
41838	283,69824	-154,87682	-154,99269	-0,34104586	-0,057551652	-0,058873069	-0,070935391
41838	284,19824	-156,82681	-156,90346	-0,34413487	-0,058241934	-0,059414927	-0,071593553
41838	284,69824	-158,77681	-158,90845	-0,34654438	-0,058865458	-0,060087938	-0,072434068
41838	285,19824	-160,72681	-160,79858	-0,34948289	-0,059487	-0,06059907	-0,073107705
41838	285,69824	-162,6768	-162,70709	-0,3523767	-0,060110271	-0,061236482	-0,073899671
41838	286,19824	-164,62682	-164,66173	-0,35552531	-0,060682505	-0,061840955	-0,074539855
41838	286,69824	-166,57681	-166,61671	-0,3582716	-0,061333299	-0,062398836	-0,075360283
41838	287,19824	-168,52681	-168,54996	-0,36122054	-0,061929777	-0,063039474	-0,076045878
41838	287,69824	-170,47681	-170,50496	-0,36427081	-0,062523037	-0,063675791	-0,076859698
41838	288,19824	-172,4268	-172,44354	-0,36683828	-0,063188493	-0,064164877	-0,077543616
41838	288,69824	-174,37682	-174,4346	-0,37035048	-0,06376633	-0,064981475	-0,078391619
41838	289,19824	-176,32681	-176,35175	-0,37341565	-0,064341351	-0,065476738	-0,079033464
41838	289,69824	-178,27681	-178,3705	-0,37615448	-0,065109178	-0,066117302	-0,079899833
41838	290,19824	-180,22681	-180,25789	-0,37925988	-0,065731034	-0,066772401	-0,080570221
41838	290,69824	-182,1768	-182,21059	-0,38199723	-0,066336274	-0,067260824	-0,081353195
41838	291,19824	-184,12682	-184,16791	-0,38532913	-0,067022756	-0,06795384	-0,082089767
41838	291,69824	-185	-185,03384	-0,38662404	-0,067245275	-0,068298154	-0,082415968
41838	292,19824	-185	-185,06073	-0,38721561	-0,067351088	-0,068324231	-0,082568035
41838	292,69824	-185	-185,0367	-0,38688332	-0,067428365	-0,068382315	-0,08255513
41838	293,19824	-185	-185,05266	-0,38676113	-0,067395002	-0,068431765	-0,082698122
41838	293,69824	-185	-185,04315	-0,38728565	-0,067481846	-0,068544738	-0,082717992
41838	294,19824	-185	-185,06871	-0,38739741	-0,067613497	-0,068608522	-0,082782596
41838	294,69824	-185	-185,0486	-0,38744658	-0,067537859	-0,068528086	-0,082786918
41838	295,19824	-185	-185,02541	-0,38754493	-0,067569375	-0,068583943	-0,082779869
41838	295,69824	-185	-185,02579	-0,38792938	-0,067647532	-0,068555489	-0,082823806
41838	296,19824	-185	-184,98196	-0,3874138	-0,067638487	-0,068666764	-0,082837477
41838	296,69824	-185	-184,9762	-0,38754791	-0,067665607	-0,068693526	-0,082863763
41838	297,19824	-185	-184,97414	-0,38804263	-0,067603707	-0,068646438	-0,08287777
41838	297,69824	-185	-184,9783	-0,38738996	-0,06764473	-0,068657458	-0,082956135
41838	298,19824	-185	-184,9437	-0,38743764	-0,067634284	-0,068699576	-0,082927316
41838	298,69824	-185	-184,99211	-0,38829595	-0,067815661	-0,068712167	-0,08298713
41838	299,19824	-185	-184,96252	-0,38790405	-0,067784056	-0,068740375	-0,082937427
41838	299,69824	-185	-184,99261	-0,38773268	-0,067787141	-0,068782859	-0,083012
41838	300,19824	-185	-184,966	-0,38826168	-0,067837194	-0,068714797	-0,082983717
41838	300,69824	-185	-185,00206	-0,387685	-0,067800134	-0,068822958	-0,08304657
41838	301,19824	-185	-185,02126	-0,38768798	-0,067785069	-0,068811186	-0,08309336
41838	301,69824	-185	-185,00426	-0,3878355	-0,067902893	-0,06883885	-0,083077759
41838	302,19824	-185	-185,04611	-0,38765669	-0,067844734	-0,068896078	-0,083185151
41838	302,69824	-185	-185,01138	-0,38845837	-0,067873955	-0,06884934	-0,083124653
41838	303,19824	-185	-185,04144	-0,38843602	-0,067878664	-0,068973273	-0,083192006
41838	303,69824	-185	-185,01315	-0,38870871	-0,067920849	-0,068832211	-0,083169192
41838	304,19824	-185	-185,02507	-0,3880322	-0,067910492	-0,068982646	-0,083206661
41838	304,69824	-185	-184,98167	-0,38842857	-0,067923054	-0,068970308	-0,083117902
41838	305,19824	-185	-185,01048	-0,38777143	-0,067874759	-0,068910159	-0,083249003
41838	305,69824	-185	-184,92314	-0,38865954	-0,067862734	-0,069000617	-0,083174184
41838	306,19824	-185	-184,98553	-0,38859248	-0,067995414	-0,068995036	-0,083234817
41838	306,69824	-185	-184,94292	-0,38843453	-0,067936003	-0,068924293	-0,083191417
41838	307,19824	-185	-184,99197	-0,38772225	-0,067916691	-0,069039434	-0,083273083
41838	307,69824	-185	-184,96004	-0,38893968	-0,067958429	-0,0689978	-0,083190858
41838	308,19824	-185	-185,02115	-0,38814694	-0,067998886	-0,06907399	-0,083305553
41838	308,69824	-185	-184,9866	-0,38868487	-0,067986459	-0,069017813	-0,083297767
41838	309,19824	-185	-185,02951	-0,38838983	-0,067948073	-0,069031142	-0,083378822
41838	309,69824	-185	-185,00676	-0,38941652	-0,067989781	-0,069102779	-0,083353482
41838	310,19824	-185	-184,99246	-0,3888756	-0,068002701	-0,069010615	-0,083284944
41838	310,69824	-185	-185,02052	-0,38832277	-0,068066791	-0,069061279	-0,083389282
41838	311,19824	-185	-185,00865	-0,38942248	-0,068092838	-0,069119535	-0,083341643
41838	311,69824	-185	-185,02122	-0,38838536	-0,068012163	-0,069054246	-0,083382845
41838	312,19824	-185	-185,00017	-0,38862377	-0,068041146	-0,069043428	-0,083343536
41838	312,69824	-185	-184,99927	-0,38889498	-0,068127275	-0,069113374	-0,083416373
41838	313,19824	-185	-184,96562	-0,38846433	-0,0679501	-0,069001853	-0,083373867
41838	313,69824	-185	-184,97891	-0,38890839	-0,068070412	-0,069066398	-0,083421394
41838	314,19824	-185	-184,94478	-0,3889963	-0,068049952	-0,069033548	-0,083405338
41838	314,69824	-185	-184,98869	-0,38890094	-0,068114638	-0,069013752	-0,083457001
41838	315,19824	-185	-184,95294	-0,38808286	-0,068151146	-0,069086097	-0,083361715
41838	315,69824	-185	-184,99141	-0,38851053	-0,068117455	-0,069058217	-0,083470657
41838	316,19824	-185	-184,94566	-0,3893584	-0,068130493	-0,069123298	-0,083422594
41838	316,69824	-185	-184,95938	-0,38918406	-0,068151742	-0,069162801	-0,083485082
41838	317,19824	-185	-184,98605	-0,38954914	-0,068152443	-0,069154531	-0,08350455
41838	317,69824	-185	-185,00256	-0,38924962	-0,068200618	-0,069119386	-0,083475307
41838	318,19824	-185	-185,02534	-0,38890839	-0,068175018	-0,069088213	-0,083477885
41838	318,69824	-185	-185,01073	-0,38910359	-0,068147525	-0,06917996	-0,083474778
41838	319,19824	-185	-184,98099	-0,3894031	-0,068219885	-0,069125153	-0,083449915
41838	319,69824	-185	-185,0397	-0,38919598	-0,068166196	-0,069107406	-0,083569698
41838	320,19824	-185	-185,01857	-0,38928837	-0,068207249	-0,069097549	-0,083522782
41838	320,69824	-185	-185,00046	-0,38891435	-0,068235189	-0,069295146	-0,083499536
41838	321,19824	-185	-185,00916	-0,38953274	-0,068188176	-0,069174796	-0,083550818
41838	321,69824	-183,65723	-183,64935	-0,38689673	-0,067869112	-0,06887228	-0,083085231
41838	322,19824	-181,15723	-181,05443	-0,38363189	-0,067129463	-0,068077751	-0,082262456
41838	322,69824	-178,65723	-178,50807	-0,38066804	-0,066482618	-0,06745173	-0,081455067
41838	323,19824	-176,15723	-176,05399	-0,37710518	-0,065736398	-0,066756085	-0,080636911
41838	323,69824	-173,65723	-173,5554	-0,3741473	-0,065034509	-0,066039182	-0,079731137
41838	324,19824	-171,15723	-171,05763	-0,37034899	-0,06433703	-0,06536229	-0,078917988
41838	324,69824	-168,65723	-168,55328	-0,36731511	-0,063638255	-0,064769052	-0,078035928
41838	325,19824	-166,15723	-166,06578	-0,36417991	-0,062897086	-0,063958272	-0,077198625
41838	325,69824	-163,65723	-163,56152	-0,35970062	-0,062177688	-0,063298948	-0,076309934
41838	326,19824	-161,15723	-161,08075	-0,35629869	-0,06149815	-0,062573284	-0,07543119
41838	326,69824	-158,65723	-158,59422	-0,35346299	-0,060843825	-0,061922986	-0,074626282
41838	327,19824	-156,15723	-156,08339	-0,3490448	-0,060035944	-0,061247945	-0,073684856
41838	327,69824	-153,65723	-153,57333	-0,34570098	-0,059357986	-0,060332496	-0,072865412
41838	328,19824	-151,15723	-151,05138	-0,34298748	-0,058576033	-0,059649196	-0,071951404
41838	328,69824	-148,65723	-148,59605	-0,33877492	-0,057906419	-0,059013184	-0,071099997
41838	329,19824	-146,15723	-146,04453	-0,33517182	-0,057123542	-0,058159579	-0,070164278
41838	329,69824	-143,65723	-143,58638	-0,33123046	-0,056332171	-0,057594467	-0,069399014
41838	330,19824	-141,15723	-141,04021	-0,32780915	-0,055587739	-0,056743454	-0,068371519
41838	330,69824	-138,65723	-138,56091	-0,32407492	-0,05480957	-0,056062546	-0,067555964
41838	331,19824	-136,15723	-136,0265	-0,32085776	-0,054066569	-0,055438485	-0,066557512
41838	331,69824	-133,65723	-133,54007	-0,31665862	-0,053324774	-0,0545532	-0,065647334
41838	332,19824	-131,15723	-131,06602	-0,31265467	-0,052499756	-0,053871933	-0,064789385
41838	332,69824	-128,65723	-128,52464	-0,30939728	-0,05177097	-0,053173617	-0,063772932
41838	333,19824	-126,15723	-126,06967	-0,30543506	-0,051040053	-0,052388046	-0,062955707
41838	333,69824	-123,65723	-123,57895	-0,30156225	-0,050243288	-0,051680941	-0,061981626
41838	334,19824	-121,15723	-121,07804	-0,29819757	-0,049468547	-0,050853293	-0,061086003
41838	334,69824	-118,65723	-118,59039	-0,29325336	-0,048609987	-0,050146554	-0,060154084
41838	335,19824	-116,15723	-116,06782	-0,28964132	-0,047838911	-0,049488954	-0,059169654
41838	335,69824	-113,65723	-113,59966	-0,28601736	-0,047074914	-0,04863121	-0,058234841
41838	336,19824	-111,15723	-111,08548	-0,28158873	-0,046218738	-0,047856458	-0,057222284
41838	336,69824	-108,65723	-108,61457	-0,27729124	-0,045435071	-0,047220796	-0,056318533
41838	337,19824	-106,15723	-106,08212	-0,27305782	-0,044615403	-0,046332881	-0,055314425
41838	337,69824	-103,65723	-103,59286	-0,26913583	-0,043735281	-0,045608692	-0,054340102
41838	338,19824	-101,15723	-101,05762	-0,26478767	-0,043006405	-0,044959649	-0,05333069
41838	338,69824	-98,657227	-98,561333	-0,26057363	-0,042061374	-0,044080425	-0,052350201
41838	339,19824	-96,157227	-96,040993	-0,25638044	-0,041226342	-0,043284357	-0,051347859
41838	339,69824	-93,657227	-93,581604	-0,25261343	-0,040370464	-0,04253988	-0,050303124
41838	340,19824	-91,157227	-91,070854	-0,24764985	-0,039536685	-0,041794356	-0,049359016
41838	340,69824	-88,657227	-88,559288	-0,24348348	-0,038657278	-0,041144244	-0,048238516
41838	341,19824	-86,157227	-86,041824	-0,23863465	-0,037741229	-0,04024234	-0,047168966
41838	341,69824	-83,657227	-83,560173	-0,23517311	-0,036847129	-0,039479852	-0,046160802
41838	342,19824	-81,157227	-81,050186	-0,22848547	-0,035905033	-0,038646895	-0,045075424
41838	342,69824	-78,657227	-78,589912	-0,22468567	-0,035072625	-0,037884906	-0,044100109
41838	343,19824	-76,157227	-76,085373	-0,22038668	-0,034150541	-0,037125953	-0,042986967
41838	343,69824	-73,657227	-73,59465	-0,21523386	-0,033199161	-0,036275912	-0,041950591
41838	344,19824	-71,157227	-71,105171	-0,21010339	-0,032252654	-0,035522234	-0,040893205
41838	344,69824	-68,657227	-68,586517	-0,20581037	-0,0314022	-0,034706745	-0,039805021
41838	345,19824	-66,157227	-66,116371	-0,2001971	-0,030412719	-0,033816349	-0,038705993
41838	345,69824	-63,657227	-63,61591	-0,19533634	-0,02952446	-0,032969411	-0,037606005
41838	346,19824	-61,157227	-61,081131	-0,1898095	-0,02853857	-0,032122798	-0,036434505
41838	346,69824	-58,657227	-58,584164	-0,18436313	-0,027580574	-0,031276304	-0,035309553
41838	347,19824	-56,157227	-56,104279	-0,17913282	-0,026623204	-0,030426104	-0,034230005
41838	347,69824	-53,657227	-53,579807	-0,17365366	-0,02556996	-0,029428147	-0,032973431
41838	348,19824	-51,157227	-51,048729	-0,16842484	-0,0246512	-0,028534289	-0,031857584
41838	348,69824	-48,657227	-48,567005	-0,16296804	-0,023652136	-0,027637322	-0,030608719
41838	349,19824	-46,157227	-46,117386	-0,15753061	-0,022729531	-0,026759259	-0,029502263
41838	349,69824	-43,657227	-43,57058	-0,15151054	-0,02165927	-0,025837934	-0,028254084
41838	350,19824	-41,157227	-41,111168	-0,14601946	-0,020648822	-0,024871413	-0,02701853
41838	350,69824	-38,657227	-38,53384	-0,13942719	-0,019641355	-0,023900261	-0,025770796
41838	351,19824	-36,157227	-36,101528	-0,13337284	-0,01861155	-0,022922037	-0,024500389
41838	351,69824	-33,657227	-33,563961	-0,12668073	-0,017550945	-0,021872206	-0,023219777
41838	352,19824	-31,157227	-31,070274	-0,12158304	-0,016489074	-0,020835239	-0,021881741
41838	352,69824	-28,657227	-28,537596	-0,11436492	-0,01543279	-0,019795567	-0,020608129
41838	353,19824	-26,157227	-26,042704	-0,10821968	-0,014402032	-0,018764146	-0,019203959
41838	353,69824	-23,657227	-23,587324	-0,1002714	-0,013354346	-0,017560463	-0,017943365
41838	354,19824	-21,157227	-21,058729	-0,093103945	-0,01224412	-0,016330728	-0,016497521
41838	354,69824	-18,657227	-18,624651	-0,085397065	-0,011241958	-0,015129655	-0,015164657
41838	355,19824	-16,157227	-16,221651	-0,078445673	-0,010269061	-0,013864839	-0,013770913
41838	355,69824	-13,657227	-13,661124	-0,068922341	-0,0092196614	-0,01252137	-0,012232477
41838	356,19824	-11,157227	-11,160403	-0,060629845	-0,0081680119	-0,011138646	-0,010814505
41838	356,69824	-8,6572266	-8,6751051	-0,04952848	-0,0071907192	-0,0096002603	-0,0093907136
41838	357,19824	-6,1572266	-6,8206286	-0,041227043	-0,0063957423	-0,0084560029	-0,0082803462
41838	357,69824	-3,927	-4,0568767	-0,026609004	-0,0053031296	-0,0067121447	-0,006721111
41838	358,19824	-3,927	-3,8872416	-0,024358928	-0,0050240755	-0,006327657	-0,0065023303
41838	358,69824	-3,927	-3,7884042	-0,023792684	-0,005003795	-0,0062847296	-0,0063054059
41838	359,19824	-3,927	-3,8132648	-0,023713708	-0,0048706383	-0,0062256204	-0,0062956735
41838	359,69824	-3,927	-3,7767832	-0,023169816	-0,0049094111	-0,0061088917	-0,0061355792
41838	360,19824	-3,927	-3,8206186	-0,022806227	-0,0048719347	-0,0061748005	-0,0062775165
41838	360,69824	-3,927	-3,8007033	-0,023807585	-0,0048551559	-0,0061065042	-0,0061104354
41838	361,19824	-3,927	-3,8540065	-0,023007393	-0,004798457	-0,0061999718	-0,0061673801
41838	361,69824	-3,927	-3,8296432	-0,022934377	-0,0048521161	-0,0061635221	-0,0060742218
41838	362,19824	-3,927	-3,8800185	-0,023131073	-0,0048306435	-0,0060143708	-0,0061101317
41838	362,69824	-3,927	-3,8714056	-0,022920966	-0,00477992	-0,0060752733	-0,0060581267
41838	363,19824	-3,927	-3,9011295	-0,023171306	-0,0047542155	-0,006128984	-0,0061138999
41838	363,69824	-3,927	-3,8903804	-0,023193657	-0,0046985	-0,0060717771	-0,0060073398
41838	364,19824	-3,927	-3,920691	-0,023469329	-0,0047482401	-0,0060922769	-0,0060689338
41838	364,69824	-3,927	-3,9125309	-0,022494793	-0,0047422051	-0,0060703531	-0,0060203075
41838	365,19824	-3,927	-3,9440374	-0,023151934	-0,0046987981	-0,0059393747	-0,0059911348
41838	365,69824	-3,927	-3,9100647	-0,022751093	-0,0046940148	-0,0060192668	-0,0059864875
41838	366,19824	-3,927	-3,9140098	-0,023168325	-0,0046057999	-0,0059148213	-0,0059998445
41838	366,69824	-3,927	-3,9253514	-0,022406876	-0,0046565086	-0,005981578	-0,0059567168
41838	367,19824	-3,927	-3,9082022	-0,022867322	-0,0046772808	-0,0059642969	-0,0059548449
41838	367,69824	-4,6887188	-4,3344851	-0,024612248	-0,0047957003	-0,0060478924	-0,0061054192
41838	368,19824	-6,6387191	-6,0631838	-0,031892955	-0,0052802116	-0,0069774417	-0,0067402087
41838	368,69824	-8,5887194	-8,6287851	-0,044076145	-0,0061443001	-0,0082052918	-0,0077920705
41838	369,19824	-10,538719	-10,684724	-0,052027404	-0,0068290085	-0,0090588201	-0,0086035654
41838	369,69824	-12,488719	-12,624452	-0,05864799	-0,0075315684	-0,010002666	-0,0095282774
41838	370,19824	-14,438719	-14,547371	-0,065484643	-0,0081285834	-0,010800179	-0,01040544
41838	370,69824	-16,38872	-16,534578	-0,07019341	-0,0089060515	-0,011760136	-0,011386077
41838	371,19824	-18,338718	-18,44273	-0,076252222	-0,0096025765	-0,01265977	-0,012306113
41838	371,69824	-20,288719	-20,346247	-0,082524121	-0,010289744	-0,01329199	-0,013206635
41838	372,19824	-22,23872	-22,306311	-0,087665021	-0,010969743	-0,014158791	-0,014204651
41838	372,69824	-24,188719	-24,214989	-0,092639029	-0,011752307	-0,014977229	-0,01512827
41838	373,19824	-26,13872	-26,256474	-0,097629428	-0,012430683	-0,01574932	-0,016132221
41838	373,69824	-28,08872	-28,231438	-0,10307878	-0,013188154	-0,016633198	-0,017060503
41838	374,19824	-30,038719	-30,147491	-0,10751188	-0,01396206	-0,017272983	-0,018050259
41838	374,69824	-31,98872	-32,024624	-0,11303276	-0,014654145	-0,018078538	-0,018974416
41838	375,19824	-33,938721	-33,984997	-0,117746	-0,015426815	-0,018970221	-0,019967847
41838	375,69824	-35,888721	-35,953686	-0,12198538	-0,016149387	-0,019645477	-0,020920957
41838	376,19824	-37,838718	-37,933048	-0,12653768	-0,016918629	-0,020435929	-0,021868356
41838	376,69824	-39,788719	-39,863586	-0,13124049	-0,017631471	-0,021011375	-0,022804677
41838	377,19824	-41,73872	-41,791386	-0,13581812	-0,018350676	-0,021885831	-0,023827428
41838	377,69824	-43,688721	-43,740707	-0,1401037	-0,019062296	-0,022564366	-0,024663629
41838	378,19824	-45,638721	-45,739826	-0,14496446	-0,019874334	-0,023300417	-0,025671287
41838	378,69824	-47,588718	-47,668678	-0,1494512	-0,020558253	-0,023986407	-0,026629517
41838	379,19824	-49,538719	-49,661209	-0,15374571	-0,02132827	-0,024755863	-0,027586699
41838	379,69824	-51,48872	-51,534546	-0,15707612	-0,022113591	-0,025427999	-0,028473048
41838	380,19824	-53,438721	-53,539581	-0,1620546	-0,022859931	-0,02613757	-0,029486408
41838	380,69824	-55,388721	-55,464485	-0,16558915	-0,023510113	-0,026748143	-0,030354094
41838	381,19824	-57,338718	-57,434032	-0,17056018	-0,024239644	-0,027435988	-0,031285293
41838	381,69824	-59,288719	-59,361374	-0,17391294	-0,024984613	-0,0281763	-0,032143977
41838	382,19824	-61,23872	-61,285378	-0,1783818	-0,02569212	-0,028814174	-0,033038683
41838	382,69824	-63,188721	-63,297962	-0,18170774	-0,026423171	-0,02962354	-0,034014523
41838	383,19824	-65,138718	-65,175369	-0,18567592	-0,027125597	-0,030271763	-0,034834482
41838	383,69824	-67,088722	-67,170441	-0,18930137	-0,02784355	-0,0308848	-0,035749201
41838	384,19824	-69,038719	-69,121735	-0,19414723	-0,028490037	-0,031598132	-0,036586501
41838	384,69824	-70,988724	-71,04895	-0,19821972	-0,029190555	-0,032223415	-0,037461586
41838	385,19824	-72,938721	-73,030525	-0,20184219	-0,030027062	-0,032943793	-0,038415812
41838	385,69824	-74,888718	-74,925415	-0,20474643	-0,0306191	-0,033515159	-0,039199654
41838	386,19824	-76,838722	-76,903404	-0,20940006	-0,031442389	-0,0343256	-0,040155344
41838	386,69824	-78,788719	-78,874901	-0,21338463	-0,032126904	-0,034958668	-0,041013815
41838	387,19824	-80,738724	-80,810997	-0,21698922	-0,032758936	-0,035522684	-0,041802801
41838	387,69824	-82,688721	-82,821457	-0,22021979	-0,033572674	-0,036221929	-0,042687103
41838	388,19824	-84,638718	-84,698524	-0,22413582	-0,034207404	-0,036849581	-0,04354687
41838	388,69824	-86,588722	-86,635208	-0,22785068	-0,034947544	-0,037513155	-0,044341512
41838	389,19824	-88,538719	-88,61322	-0,23128241	-0,035561472	-0,038136296	-0,045250624
41838	389,69824	-90,488724	-90,547737	-0,23481548	-0,036282808	-0,038811088	-0,046039425
41838	390,19824	-92,438721	-92,563164	-0,23929477	-0,037028164	-0,039404377	-0,046996348
41838	390,69824	-94,388718	-94,482521	-0,24240315	-0,037639067	-0,040042456	-0,047755033
41838	391,19824	-96,338722	-96,390457	-0,24576187	-0,038421109	-0,040642861	-0,048559401
41838	391,69824	-98,288719	-98,365051	-0,24962723	-0,03905715	-0,041307759	-0,049428653
41838	392,19824	-100,23872	-100,27824	-0,25308132	-0,039679632	-0,042014521	-0,050258581
41838	392,69824	-102,18872	-102,24712	-0,25670826	-0,040346816	-0,042546023	-0,051029198
41838	393,19824	-104,13872	-104,1896	-0,25924146	-0,04109475	-0,043185901	-0,051903494
41838	393,69824	-106,08872	-106,12541	-0,26388615	-0,041791648	-0,043876134	-0,052686229
41838	394,19824	-108,03872	-108,09933	-0,26644915	-0,042428821	-0,044438731	-0,053460218
41838	394,69824	-109,98872	-110,1158	-0,26991963	-0,043140531	-0,045035299	-0,054349527
41838	395,19824	-111,93872	-112,00716	-0,27396679	-0,043860406	-0,04569507	-0,055118393
41838	395,69824	-113,88873	-113,93436	-0,27728975	-0,044439673	-0,046340473	-0,055860899
41838	396,19824	-115,83872	-115,90389	-0,28071105	-0,045106277	-0,046950553	-0,056667596
41838	396,69824	-117,78872	-117,93221	-0,28345138	-0,045773223	-0,047511015	-0,057533808
41838	397,19824	-119,73872	-119,82865	-0,28721392	-0,046435744	-0,048161466	-0,058307465
41838	397,69824	-121,68872	-121,76936	-0,29018968	-0,047045678	-0,048785485	-0,059081394
41838	398,19824	-123,63873	-123,66768	-0,29370189	-0,047705442	-0,049442444	-0,059826367
41838	398,69824	-125,58872	-125,6934	-0,29662997	-0,048412457	-0,050066583	-0,060624953
41838	399,19824	-127,53872	-127,64316	-0,30023158	-0,049032182	-0,050653461	-0,061434142
41838	399,69824	-129,48872	-129,57436	-0,30297935	-0,049682304	-0,051303018	-0,062208008
41838	400,19824	-131,43872	-131,51447	-0,30693114	-0,050321653	-0,051845517	-0,062976867
41838	400,69824	-133,38872	-133,48727	-0,30959547	-0,05098854	-0,052587476	-0,063696593
41838	401,19824	-135,33871	-135,46832	-0,31224936	-0,051608652	-0,053069323	-0,064503685
41838	401,69824	-137,28873	-137,39555	-0,31563342	-0,052278325	-0,053768959	-0,065291964
41838	402,19824	-139,23872	-139,32083	-0,318712	-0,052805096	-0,054348912	-0,066013299
41838	402,69824	-141,18872	-141,24846	-0,32161623	-0,053498685	-0,054870751	-0,066797867
41838	403,19824	-143,13872	-143,17917	-0,32444447	-0,05410558	-0,05560923	-0,067541316
41838	403,69824	-145,08873	-145,10159	-0,32806844	-0,054776832	-0,056110028	-0,068278551
41838	404,19824	-147,03873	-147,12703	-0,33075213	-0,055336908	-0,056795415	-0,069090292
41838	404,69824	-148,98872	-149,04926	-0,33422112	-0,055972919	-0,057415999	-0,069842368
41838	405,19824	-150,93872	-150,97214	-0,33681244	-0,056610093	-0,057882182	-0,070500404
41838	405,69824	-152,88872	-152,94795	-0,33951998	-0,057304531	-0,058620851	-0,07126832
41838	406,19824	-154,83873	-154,92502	-0,34317374	-0,057889178	-0,059203584	-0,072134286
41838	406,69824	-156,78873	-156,89519	-0,34580529	-0,058490589	-0,059859242	-0,072883427
41838	407,19824	-158,73872	-158,81628	-0,34931004	-0,059157208	-0,06043987	-0,073626012
41838	407,69824	-160,68872	-160,80365	-0,35189539	-0,059758097	-0,060975149	-0,074370511
41838	408,19824	-162,63872	-162,73018	-0,35561174	-0,060404733	-0,061577424	-0,075055309
41838	408,69824	-164,58873	-164,71124	-0,35786778	-0,060997888	-0,062138628	-0,075909317
41838	409,19824	-166,53873	-166,65585	-0,36133975	-0,06163168	-0,062799864	-0,076671585
41838	409,69824	-168,48872	-168,57787	-0,36384761	-0,062186837	-0,063447982	-0,077373505
41838	410,19824	-170,43872	-170,51659	-0,36697984	-0,062838107	-0,064110853	-0,078102067
41838	410,69824	-172,38872	-172,45671	-0,36958456	-0,063479498	-0,064673275	-0,07880839
41838	411,19824	-174,33873	-174,42419	-0,37265718	-0,063989311	-0,065102607	-0,079502136
41838	411,69824	-176,28873	-176,3718	-0,37531555	-0,064677998	-0,065767825	-0,080371492
41838	412,19824	-178,23872	-178,31407	-0,37803799	-0,065219507	-0,066392921	-0,081104979
41838	412,69824	-180,18872	-180,22707	-0,38134456	-0,06581071	-0,067001678	-0,081768855
41838	413,19824	-182,13872	-182,19496	-0,38401037	-0,06653516	-0,067552529	-0,082598172
41838	413,69824	-184,08873	-184,16699	-0,386931	-0,067075253	-0,068248972	-0,08325953
41838	414,19824	-186,03873	-186,09462	-0,39035976	-0,067636371	-0,068830259	-0,083951809
41838	414,69824	-187,98872	-188,05435	-0,39282888	-0,068311453	-0,069438413	-0,084715888
41838	415,19824	-189,93872	-190,01152	-0,3954187	-0,068910509	-0,06996946	-0,085492089
41838	415,69824	-191,88872	-191,98874	-0,39834976	-0,069562092	-0,070611052	-0,086295038
41838	416,19824	-193,83873	-193,95084	-0,40142387	-0,07022348	-0,071291097	-0,087063961
41838	416,69824	-195,78873	-195,86858	-0,40474534	-0,070946649	-0,071814485	-0,087816559
41838	417,19824	-197,73872	-197,82784	-0,40759593	-0,07152994	-0,072594941	-0,088549942
41838	417,69824	-199,68872	-199,6757	-0,41042715	-0,072140113	-0,073178343	-0,089279085
41838	418,19824	-201,63872	-201,65506	-0,4127875	-0,072777987	-0,07371553	-0,090003826
41838	418,69824	-203,58873	-203,60901	-0,4158929	-0,073469505	-0,074493662	-0,090799525
41838	419,19824	-205,53873	-205,57109	-0,418818	-0,074135825	-0,075075097	-0,091611952
41838	419,69824	-207,48872	-207,54736	-0,4217118	-0,074787945	-0,075815961	-0,09247987
41838	420,19824	-209,43872	-209,54584	-0,42503625	-0,075519562	-0,076379113	-0,093279429
41838	420,69824	-211,38872	-211,44563	-0,42794347	-0,076260597	-0,077193737	-0,094074965
41838	421,19824	-213,33873	-213,41005	-0,43052733	-0,07683523	-0,077850677	-0,094937965
41838	421,69824	-215,28873	-215,33408	-0,43344349	-0,077618167	-0,078529485	-0,095670104
41838	422,19824	-217,23872	-217,25592	-0,43636709	-0,078264326	-0,079249546	-0,096440673
41838	422,69824	-219,18872	-219,24509	-0,44020116	-0,079037994	-0,079929009	-0,097327717
41838	423,19824	-221,13872	-221,18715	-0,44241697	-0,079726934	-0,080676816	-0,098188058
41838	423,69824	-223,08873	-223,14888	-0,44558346	-0,080372453	-0,081335969	-0,099039279
41838	424,19824	-225,03873	-225,12164	-0,4490599	-0,081116199	-0,082165949	-0,099860132
41838	424,69824	-226,98872	-227,05623	-0,45193732	-0,081887692	-0,082845286	-0,10069109
41838	425,19824	-228,93872	-228,99866	-0,45493096	-0,082612485	-0,083525673	-0,10154071
41838	425,69824	-230,88872	-230,8981	-0,45788139	-0,083305687	-0,084235884	-0,10238253
41838	426,19824	-232,83873	-232,75781	-0,46063662	-0,084008068	-0,084974028	-0,10321737
41838	426,69824	-234,78873	-234,76337	-0,46456754	-0,084765077	-0,085767552	-0,10412264
41838	427,19824	-236,73872	-236,72499	-0,46760291	-0,08553037	-0,086497203	-0,1049128
41838	427,69824	-238,68872	-238,69473	-0,47029555	-0,086245939	-0,087266244	-0,10581711
41838	428,19824	-240,63872	-240,68295	-0,47324002	-0,087023124	-0,087920785	-0,10668357
41838	428,69824	-242,58873	-242,60263	-0,47620386	-0,087730929	-0,088625409	-0,10755161
41838	429,19824	-244,53873	-244,57312	-0,47975779	-0,088537514	-0,089483224	-0,10847104
41838	429,69824	-246,48872	-246,59435	-0,48265904	-0,089326069	-0,090244107	-0,10932193
41838	430,19824	-248,43872	-248,50938	-0,48529208	-0,090061605	-0,091007218	-0,11022862
41838	430,69824	-250,38872	-250,48026	-0,48880577	-0,090898663	-0,091799982	-0,11112721
41838	431,19824	-252,33873	-252,39284	-0,49208552	-0,091604769	-0,092597567	-0,11200742
41838	431,69824	-254,28873	-254,32076	-0,49490631	-0,092414096	-0,093312182	-0,11294637
41838	432,19824	-256,23874	-256,31766	-0,49729496	-0,093116224	-0,094077058	-0,11379941
41838	432,69824	-258,18872	-258,25061	-0,50098449	-0,093942165	-0,094928533	-0,11472639
41838	433,19824	-260,13873	-260,15549	-0,5045563	-0,094722122	-0,095657304	-0,11553386
41838	433,69824	-262,08871	-262,07886	-0,50694048	-0,095383883	-0,096366018	-0,11640072
41838	434,19824	-264,03873	-264,0325	-0,51013827	-0,096173726	-0,097115837	-0,1173114
41838	434,69824	-265,98874	-266,03043	-0,51281899	-0,09692952	-0,098002009	-0,11818074
41838	435,19824	-267,93872	-268,06155	-0,51631629	-0,097760208	-0,098796666	-0,11911413
41838	435,69824	-269,88873	-269,99307	-0,5195871	-0,098534845	-0,099571764	-0,11996607
41838	436,19824	-271,83871	-271,94617	-0,52174926	-0,099325359	-0,10035538	-0,12091133
41838	436,69824	-273,78873	-273,82843	-0,5254209	-0,10009641	-0,10104804	-0,12174182
41838	437,19824	-275,73874	-275,84323	-0,52810013	-0,10087603	-0,10192295	-0,12267656
41838	437,69824	-277,68872	-277,79779	-0,53164214	-0,10170367	-0,10268039	-0,1235581
41838	438,19824	-279,63873	-279,68109	-0,53467304	-0,10239375	-0,10350751	-0,12441475
41838	438,69824	-281,58871	-281,66528	-0,53760558	-0,10326254	-0,10427133	-0,1253511
41838	439,19824	-283,53873	-283,59622	-0,54002404	-0,10402166	-0,10507835	-0,12627062
41838	439,69824	-285,48874	-285,55032	-0,54364353	-0,10483228	-0,10592123	-0,12717736
41838	440,19824	-287,43872	-287,49686	-0,54642558	-0,10558358	-0,10662238	-0,128057
41838	440,69824	-289,38873	-289,42419	-0,5501017	-0,10634185	-0,10747775	-0,12901506
41838	441,19824	-291,33871	-291,41238	-0,55277795	-0,10718744	-0,10835718	-0,12995327
41838	441,69824	-293,28873	-293,29388	-0,55637062	-0,10794241	-0,10913539	-0,1308319
41838	442,19824	-295,23874	-295,29031	-0,55935532	-0,10877038	-0,1100393	-0,13179281
41838	442,69824	-297,18872	-297,22922	-0,56266338	-0,10955089	-0,11083452	-0,13271275
41838	443,19824	-299,13873	-299,17398	-0,56548864	-0,11033794	-0,11162155	-0,13363886
41838	443,69824	-301,08871	-301,16266	-0,56891292	-0,11111743	-0,112505	-0,13460332
41838	444,19824	-303,03873	-303,11743	-0,57142675	-0,11189915	-0,11326389	-0,13551171
41838	444,69824	-304,98874	-305,09299	-0,57432503	-0,11279299	-0,11418113	-0,1364713
41838	445,19824	-306,93872	-307,0184	-0,57751238	-0,11361375	-0,11494334	-0,13738817
41838	445,69824	-308,88873	-308,94766	-0,58090836	-0,11437363	-0,11577676	-0,13829425
41838	446,19824	-310,83871	-310,879	-0,58415681	-0,11519524	-0,11659428	-0,13921641
41838	446,69824	-312,78873	-312,89252	-0,58741868	-0,11601623	-0,1175669	-0,14023161
41838	447,19824	-314,73874	-314,8298	-0,59006959	-0,11679613	-0,11839768	-0,14116803
41838	447,69824	-316,68872	-316,7897	-0,59375912	-0,11763391	-0,11929952	-0,14212963
41838	448,19824	-318,63873	-318,7868	-0,59698075	-0,11845908	-0,12005845	-0,14312004
41838	448,69824	-320,58871	-320,64233	-0,59988052	-0,11924824	-0,1208306	-0,14399327
41838	449,19824	-322,53873	-322,59424	-0,60280114	-0,12002696	-0,12170162	-0,14494428
41838	449,69824	-324,48874	-324,52173	-0,60567707	-0,12084614	-0,12250877	-0,14584908
41838	450,19824	-326,43872	-326,40161	-0,60942173	-0,12166367	-0,1234541	-0,14684567
41838	450,69824	-328,38873	-328,41528	-0,61277598	-0,12248469	-0,12427247	-0,14780702
41838	451,19824	-330,33871	-330,39029	-0,61523616	-0,12333382	-0,12514295	-0,14874688
41838	451,69824	-332,28873	-332,36703	-0,61831027	-0,12412116	-0,12603474	-0,14972451
41838	452,19824	-334,23874	-334,29205	-0,62216967	-0,12494057	-0,12684898	-0,15072691
41838	452,69824	-336,18872	-336,22986	-0,6250456	-0,12585196	-0,12774543	-0,15168291
41838	453,19824	-338,13873	-338,1521	-0,62786788	-0,12660173	-0,12857905	-0,15264878
41838	453,69824	-340,08871	-340,10855	-0,63077509	-0,12750351	-0,12954864	-0,15369034
41838	454,19824	-342,03873	-342,08597	-0,63443929	-0,12835875	-0,13039562	-0,15467998
41838	454,69824	-343,98874	-344,02884	-0,6380558	-0,12919593	-0,13115223	-0,1555889
41838	455,19824	-345,93872	-346,01877	-0,64065754	-0,13005595	-0,13215901	-0,15658271
41838	455,69824	-347,88873	-347,93796	-0,64366013	-0,13087754	-0,13299206	-0,15758222
41838	456,19824	-349,83871	-349,92044	-0,64762384	-0,13170254	-0,13388912	-0,15862507
41838	456,69824	-351,78873	-351,89447	-0,65014213	-0,13263862	-0,13488869	-0,15962514
41838	457,19824	-353,73874	-353,80725	-0,65401047	-0,13338234	-0,13569722	-0,16066572
41838	457,69824	-355,68872	-355,7887	-0,65728277	-0,13432789	-0,13666992	-0,16167912
41838	458,19824	-357,63873	-357,69891	-0,66072643	-0,13510004	-0,13748568	-0,16263458
41838	458,69824	-359,58871	-359,66251	-0,66335946	-0,1359572	-0,13846162	-0,16363198
41838	459,19824	-361,53873	-361,60522	-0,66699386	-0,13685378	-0,13935882	-0,16470513
41838	459,69824	-363,48874	-363,57797	-0,67028552	-0,13769545	-0,14037423	-0,16570431
41838	460,19824	-365,43872	-365,54172	-0,67318082	-0,13855408	-0,14122556	-0,1667518
41838	460,69824	-367,38873	-367,42029	-0,67608356	-0,13945563	-0,14215422	-0,16776359
41838	461,19824	-369,33871	-369,40491	-0,67976415	-0,14031218	-0,14314345	-0,16884238
41838	461,69824	-371,28873	-371,33801	-0,68284124	-0,14124706	-0,14395836	-0,1698474
41838	462,19824	-373,23874	-373,31107	-0,68670958	-0,142152	-0,1448836	-0,17092204
41838	462,69824	-375,18872	-375,27954	-0,68983883	-0,14297998	-0,14582026	-0,17198104
41838	463,19824	-377,13873	-377,16092	-0,69299638	-0,14390644	-0,14681786	-0,1729793
41838	463,69824	-379,08871	-379,15979	-0,69642961	-0,14473316	-0,1476806	-0,17400602
41838	464,19824	-381,03873	-381,06345	-0,69931746	-0,14573751	-0,14866526	-0,17508021
41838	464,69824	-382,98874	-383,09586	-0,70266426	-0,1466058	-0,14962387	-0,17624104
41838	465,19824	-384,93872	-385,04599	-0,70603043	-0,14744182	-0,15045859	-0,17731166
41838	465,69824	-386,88873	-386,98923	-0,70973188	-0,14841956	-0,15149787	-0,1783348
41838	466,19824	-388,83871	-388,88885	-0,71295798	-0,14926767	-0,15244183	-0,17939168
41838	466,69824	-390,78873	-390,86899	-0,71672499	-0,15026604	-0,15345286	-0,18050885
41838	467,19824	-392,73874	-392,82782	-0,71983635	-0,15105656	-0,15432799	-0,18147728
41838	467,69824	-394,68872	-394,73972	-0,72302967	-0,15203354	-0,15526287	-0,18256721
41838	468,19824	-396,63873	-396,68033	-0,72683245	-0,15293911	-0,15628919	-0,18366766
41838	468,69824	-398,58871	-398,66876	-0,73038191	-0,15389235	-0,15719089	-0,18479487
41838	469,19824	-400,53873	-400,61362	-0,73322356	-0,15481421	-0,15824269	-0,18601775
41838	469,69824	-402,48874	-402,51147	-0,73619932	-0,15574133	-0,15927014	-0,18711117
41838	470,19824	-404,43872	-404,55359	-0,74059367	-0,15678297	-0,16022785	-0,18818736
41838	470,69824	-406,38873	-406,45914	-0,74349493	-0,15768558	-0,16131824	-0,18936831
41838	471,19824	-408,33871	-408,4202	-0,74723363	-0,15861319	-0,16222002	-0,19058618
41838	471,69824	-410,28873	-410,33673	-0,75038224	-0,15964827	-0,16329977	-0,19167617
41838	472,19824	-412,23874	-412,34171	-0,75430274	-0,1605933	-0,16431494	-0,19284192
41838	472,69824	-414,18872	-414,20816	-0,75738132	-0,16151518	-0,16528977	-0,19400117
41838	473,19824	-416,13873	-416,20483	-0,76089352	-0,1625849	-0,16631867	-0,19524202
41838	473,69824	-418,08871	-418,10928	-0,76463521	-0,16360572	-0,16737801	-0,1954174
41838	474,19824	-420,03873	-420,0759	-0,76816678	-0,16471377	-0,16841494	-0,19645086
41838	474,69824	-421,98874	-421,96436	-0,77220798	-0,16565777	-0,16954774	-0,19754344
41838	475,19824	-423,93872	-423,95731	-0,77551156	-0,16671982	-0,17060438	-0,19875363
41838	475,69824	-425,88873	-425,94577	-0,77951998	-0,16779579	-0,17165257	-0,19997928
41838	476,19824	-427,83871	-427,87582	-0,78303516	-0,16880578	-0,17262086	-0,20118621
41838	476,69824	-429,78873	-429,78598	-0,78693479	-0,16987348	-0,17374237	-0,20241046
41838	477,19824	-431,73874	-431,84964	-0,79101771	-0,17104277	-0,17489992	-0,20370242
41838	477,69824	-433,68872	-433,75266	-0,79441667	-0,17205608	-0,17600593	-0,20491585
41838	478,19824	-435,63873	-435,69284	-0,79826266	-0,17319506	-0,17703907	-0,20621499
41838	478,69824	-437,58871	-437,67386	-0,80174059	-0,17422622	-0,17812967	-0,20750758
41838	479,19824	-439,53873	-439,6059	-0,80563277	-0,17534856	-0,17926414	-0,20874989
41838	479,69824	-441,48874	-441,51956	-0,80944598	-0,17652309	-0,18032321	-0,21006462
41838	480,19824	-443,43872	-443,47903	-0,81332028	-0,17765367	-0,18155549	-0,21142659
41838	480,69824	-445,38873	-445,44089	-0,81799328	-0,17878219	-0,18251482	-0,2127848
41838	481,19824	-447,33871	-447,39999	-0,82149208	-0,18000157	-0,18373188	-0,2141425
41838	481,69824	-449,28873	-449,35083	-0,82487911	-0,18117279	-0,18491392	-0,21561936
41838	482,19824	-451,23874	-451,29303	-0,82917213	-0,18242984	-0,18603896	-0,21701372
41838	482,69824	-453,18872	-453,23047	-0,83360821	-0,183604	-0,18728657	-0,21847388
41838	483,19824	-455,13873	-455,20154	-0,8374095	-0,18485855	-0,18830547	-0,2199502
41838	483,69824	-457,08875	-457,09772	-0,84157735	-0,18607005	-0,18963587	-0,22130868
41838	484,19824	-459,03873	-459,07504	-0,84519237	-0,18734771	-0,19076158	-0,22285932
41838	484,69824	-460,98874	-461,04938	-0,84960163	-0,18858141	-0,19202748	-0,22431263
41838	485,19824	-462,93872	-462,99268	-0,85422099	-0,1898436	-0,19316666	-0,22588587
41838	485,69824	-464,88873	-464,90811	-0,85813254	-0,19108909	-0,19447079	-0,22746643
41838	486,19824	-466,83875	-466,91641	-0,86266994	-0,19250384	-0,19599627	-0,22903141
41838	486,69824	-468,78873	-468,84158	-0,86728781	-0,19378242	-0,19726089	-0,23072046
41838	487,19824	-470,73874	-470,81534	-0,87216645	-0,19515753	-0,19866185	-0,23250526
41838	487,69824	-472,68872	-472,72333	-0,87667555	-0,19665202	-0,19996476	-0,23433656
41838	488,19824	-474,63873	-474,71387	-0,88211447	-0,19822159	-0,20145409	-0,23585743
41838	488,69824	-476,58875	-476,65131	-0,88673085	-0,19976711	-0,2029431	-0,23740938
41838	489,19824	-478,53873	-478,60971	-0,89227557	-0,20128743	-0,20448945	-0,23935297
41838	489,69824	-480,48874	-480,57843	-0,89675784	-0,20291002	-0,2059534	-0,24139237
41838	490,19824	-482,43872	-482,51938	-0,90247989	-0,20453766	-0,20751813	-0,24347416
41838	490,69824	-484,38873	-484,43375	-0,90753436	-0,20609315	-0,20902386	-0,24553686
41838	491,19824	-486,33875	-486,38779	-0,9130612	-0,20773593	-0,21059105	-0,24774665
41838	491,69824	-488,28873	-488,3259	-0,91920495	-0,20958088	-0,21216479	-0,25005224
41838	492,19824	-490,23874	-490,29712	-0,92471391	-0,21138905	-0,21405677	-0,25251767
41838	492,69824	-492,18872	-492,22528	-0,93133301	-0,21319436	-0,21568897	-0,25533506
41838	493,19824	-494,13873	-494,19464	-0,93753338	-0,21507281	-0,21767393	-0,25831717
41838	493,69824	-496,08875	-496,12427	-0,94542801	-0,21715894	-0,21946706	-0,26139557
41838	494,19824	-498,03873	-498,07474	-0,95386356	-0,21941721	-0,22153309	-0,26470605
41838	494,69824	-499,98874	-500,01022	-0,96143186	-0,22178361	-0,22375931	-0,2683889
41838	495,19824	-501,93872	-501,97491	-0,97198784	-0,22457546	-0,22618106	-0,27265134
41838	495,69824	-503,88873	-503,84195	-0,98363012	-0,22750501	-0,22920316	-0,27774528
41838	496,19824	-505,83875	-505,77576	-1,0003328	-0,23132113	-0,23307455	-0,28570646
41838	496,69824	-507,78873	-507,29141	-1,0324373	-0,2399752	-0,24041602	-0,30641702
41838	497,19824	0	0,081248581	2,971977	-0,028252095	-0,017248003	-0,033340059

Datenerfassung						Zeit:	497,40332	s	18.07.2014 11:48:40
Ch 1 Kraft	Ch 1 W2TK Mittel	1944 A	1944 B	1281068
kN	mm	mm	mm	mm
0,22882223	2,0349212	0,00030537322	8,2880259e-05	0,01740999
-507,3591	2,0347631	-0,00033760723	-0,24669711	-0,24370761
