MTS793|MPT|DEU|1|2|,|.|:|49|1|1|A

Bediener Information						Zeit:	26,391602	s	08.04.2014 09:54:10
Datum : 	8.4.2014
Prüfer : 	Machura, Be
Probenbezeichnung :  	SL51 28d 11.03.14 Probe2
Bemerkungen	Kraftgeregelt 3,9 kN/s
Masse :	3903
Durchmesser :	98,7
Länge :	298,1
Bediener Information Ende

Datenerfassung						Zeit:	225,92578	s	08.04.2014 09:57:30
Datum	Laufzeit	Ch 1 Kraft Sollwert	Ch 1 Kraft	Ch 1 Weg	1944 A	1944 B	1281068
d	s	kN	kN	mm	mm	mm	mm
41737	26,900391	-1	-0,98393488	-0,067031384	0,092751369	0,043028254	0,031349823
41737	27,400391	-1	-0,96406227	-0,067109987	0,092684776	0,043022532	0,031391699
41737	27,900391	-1	-0,96002221	-0,066720694	0,092753142	0,043031838	0,031413376
41737	28,400391	-1	-0,95169431	-0,066548213	0,092796206	0,043094855	0,031284705
41737	28,900391	-1	-0,9599086	-0,067109242	0,092720404	0,043065641	0,031350009
41737	29,400391	-1	-0,97919071	-0,067179278	0,092764989	0,043118265	0,031384155
41737	29,900391	-1	-0,97842515	-0,066981092	0,092733756	0,043115791	0,031364236
41737	30,400391	-1	-0,99144876	-0,066847354	0,092655659	0,043136988	0,031400193
41737	30,900391	-1	-0,99160707	-0,067038834	0,092747152	0,043082912	0,031427182
41737	31,400391	-1	-1,0091178	-0,066711381	0,092743009	0,043079149	0,031277929
41737	31,900391	-1	-0,98523867	-0,066965818	0,092753828	0,043127511	0,031399515
41737	32,400391	-1	-0,96861833	-0,067144632	0,092865169	0,043086778	0,031452019
41737	32,900391	-1	-0,97283351	-0,067261234	0,092825718	0,043144662	0,031368598
41737	33,400391	-1	-0,96080452	-0,067130849	0,092791222	0,043130178	0,031319544
41737	33,900391	-1	-0,96486694	-0,066979602	0,092789978	0,043095384	0,031435154
41737	34,400391	-1	-0,98383242	-0,066875666	0,092798024	0,043101642	0,031383399
41737	34,900391	-1	-0,98504126	-0,066727027	0,092795894	0,04307254	0,03145862
41737	35,400391	-1	-0,98975188	-0,066847354	0,092741653	0,043077935	0,031411853
41737	35,900391	-1	-0,99477732	-0,067158043	0,092760161	0,04315054	0,031331379
41737	36,400391	-1	-1,0013654	-0,06675832	0,092789181	0,043080803	0,031311516
41737	36,900391	-2,7786133	-2,648037	-0,01328662	-0,00097787008	-0,0008649677	-0,001837567
41737	37,400391	-4,7286134	-3,8903708	-0,023968518	-0,0018289238	-0,0013872012	-0,0034096073
41737	37,900391	-6,6786132	-6,5663028	-0,044608861	-0,003778249	-0,0025465712	-0,0063813571
41737	38,400391	-8,6286135	-8,5134754	-0,057810172	-0,0053853132	-0,0033854172	-0,0083961468
41737	38,900391	-10,578613	-10,715777	-0,070939958	-0,0070800371	-0,0046541169	-0,010670372
41737	39,400391	-12,528613	-12,745174	-0,082598999	-0,0087370425	-0,0058889613	-0,012565213
41737	39,900391	-14,478614	-14,671231	-0,09310022	-0,010214273	-0,0071000755	-0,014290166
41737	40,400391	-16,428614	-16,594997	-0,10279082	-0,011795942	-0,0082916766	-0,01617733
41737	40,900391	-18,378614	-18,530041	-0,1124993	-0,013286335	-0,0096380413	-0,017807446
41737	41,400391	-20,328613	-20,44293	-0,12198314	-0,014820632	-0,011017166	-0,019445214
41737	41,900391	-22,278614	-22,395262	-0,13115555	-0,016333049	-0,012317054	-0,021262713
41737	42,400391	-24,228613	-24,354254	-0,13984069	-0,017882893	-0,013743699	-0,022835881
41737	42,900391	-26,178614	-26,292597	-0,14841892	-0,019490786	-0,015163951	-0,024505705
41737	43,400391	-28,128614	-28,210314	-0,15700497	-0,021107459	-0,016495764	-0,026219897
41737	43,900391	-30,078613	-30,173574	-0,16571321	-0,022637239	-0,017889269	-0,027882069
41737	44,400391	-32,028614	-32,117416	-0,17390549	-0,024245655	-0,019339107	-0,029598005
41737	44,900391	-33,978615	-34,096951	-0,1821354	-0,025775727	-0,02078902	-0,031232748
41737	45,400391	-35,928616	-36,07209	-0,190337	-0,027424047	-0,02224382	-0,032828026
41737	45,900391	-37,878613	-37,992332	-0,19807704	-0,02894765	-0,023607001	-0,034487043
41737	46,400391	-39,828613	-39,89603	-0,20629168	-0,030426964	-0,025072206	-0,036148902
41737	46,900391	-41,778614	-41,828598	-0,21391213	-0,031956099	-0,026441731	-0,037744019
41737	47,400391	-43,728615	-43,803875	-0,22244453	-0,033484913	-0,027992129	-0,039419241
41737	47,900391	-45,678616	-45,748955	-0,23002326	-0,035147578	-0,0294201	-0,041162588
41737	48,400391	-47,628613	-47,725113	-0,23750812	-0,036645506	-0,030832104	-0,042797644
41737	48,900391	-49,578613	-49,683254	-0,24485849	-0,0381549	-0,03230973	-0,044421408
41737	49,400391	-51,528614	-51,614742	-0,25285035	-0,039657395	-0,033794958	-0,046141803
41737	49,900391	-53,478615	-53,531647	-0,26048607	-0,041217271	-0,03519924	-0,047691371
41737	50,400391	-55,428616	-55,443768	-0,2679255	-0,042642411	-0,036717966	-0,049260743
41737	50,900391	-57,378616	-57,440933	-0,275464	-0,044262469	-0,038157441	-0,051007487
41737	51,400391	-59,328613	-59,404247	-0,2835229	-0,045843057	-0,039688945	-0,052562814
41737	51,900391	-61,278614	-61,345127	-0,2906099	-0,047359444	-0,041164573	-0,054209236
41737	52,400391	-63,228615	-63,30167	-0,29770917	-0,048990045	-0,042663932	-0,055918869
41737	52,900391	-65,178612	-65,233414	-0,3051661	-0,050530311	-0,044162028	-0,057512149
41737	53,400391	-67,128616	-67,202576	-0,31243974	-0,052024424	-0,045642171	-0,059126019
41737	53,900391	-69,078613	-69,158463	-0,32009667	-0,053641703	-0,047221377	-0,060867205
41737	54,400391	-71,028618	-71,102531	-0,32757446	-0,055064578	-0,04867506	-0,062419444
41737	54,900391	-72,978615	-73,090202	-0,33495203	-0,056683641	-0,050345086	-0,064106129
41737	55,400391	-74,928612	-74,950653	-0,34218991	-0,058150087	-0,051760722	-0,065675937
41737	55,900391	-76,878616	-76,893898	-0,34859926	-0,059761412	-0,053302739	-0,067296185
41737	56,400391	-77,98867	-78,18512	-0,35440251	-0,060849212	-0,054290719	-0,068353273
41737	56,900391	-76,038673	-76,155952	-0,34856385	-0,059681848	-0,053058997	-0,06710504
41737	57,400391	-74,088676	-74,217522	-0,34301654	-0,058465835	-0,051942524	-0,065932758
41737	57,900391	-72,138672	-72,206741	-0,33711568	-0,057138652	-0,050566304	-0,064430512
41737	58,400391	-70,188675	-70,20195	-0,33106768	-0,055873606	-0,049319603	-0,063157856
41737	58,900391	-68,23867	-68,203873	-0,32519662	-0,054558173	-0,04797408	-0,061797298
41737	59,400391	-66,288673	-66,261688	-0,31874514	-0,053267386	-0,046624292	-0,060347416
41737	59,900391	-64,338676	-64,326035	-0,31252539	-0,051954497	-0,045296453	-0,058877081
41737	60,400391	-62,388672	-62,348988	-0,30612534	-0,050656226	-0,04397307	-0,057544813
41737	60,900391	-60,438671	-60,38715	-0,30006319	-0,049273625	-0,042589057	-0,056064032
41737	61,400391	-58,488674	-58,444607	-0,29384905	-0,047971115	-0,041271973	-0,054623052
41737	61,900391	-56,538673	-56,486263	-0,28732866	-0,046652239	-0,039967272	-0,053183388
41737	62,400391	-54,588673	-54,525612	-0,28078258	-0,045329712	-0,038517188	-0,051794983
41737	62,900391	-52,638672	-52,596462	-0,274048	-0,043918472	-0,037192993	-0,05020811
41737	63,400391	-50,688671	-50,626949	-0,26779884	-0,042578951	-0,03577939	-0,048752602
41737	63,900391	-48,738674	-48,671837	-0,26111269	-0,041218765	-0,03444808	-0,047354437
41737	64,400391	-46,788673	-46,711998	-0,25418624	-0,039742935	-0,033033542	-0,045750082
41737	64,900391	-44,838673	-44,74662	-0,2468694	-0,038423344	-0,031648766	-0,044171501
41737	65,400391	-42,888672	-42,80254	-0,24010986	-0,036975235	-0,03022198	-0,042672358
41737	65,900391	-40,938671	-40,82056	-0,2322562	-0,035430457	-0,028898936	-0,040955309
41737	66,400391	-38,988674	-38,882645	-0,22509433	-0,034077048	-0,027577039	-0,039378338
41737	66,900391	-37,038673	-36,950718	-0,21741912	-0,032651655	-0,026162513	-0,037758384
41737	67,400391	-35,088673	-35,021198	-0,21063276	-0,031077549	-0,024833918	-0,036122289
41737	67,900391	-33,138672	-33,087952	-0,20250492	-0,029663835	-0,023524612	-0,034597188
41737	68,400391	-31,188673	-31,120384	-0,19433647	-0,028040752	-0,022083513	-0,032836691
41737	68,900391	-29,238672	-29,132545	-0,18573552	-0,026473733	-0,020704955	-0,031110805
41737	69,400391	-27,288671	-27,186018	-0,17813146	-0,024843602	-0,019331455	-0,029456146
41737	69,900391	-25,338673	-25,272017	-0,16971119	-0,023211213	-0,017941743	-0,027723059
41737	70,400391	-23,388672	-23,283976	-0,16120858	-0,021544876	-0,016533419	-0,025939412
41737	70,900391	-21,438671	-21,364754	-0,15206635	-0,019956274	-0,015223838	-0,024343979
41737	71,400391	-19,488672	-19,424654	-0,14323182	-0,018321557	-0,013838641	-0,022439081
41737	71,900391	-17,538671	-17,470856	-0,13394579	-0,016557658	-0,012369066	-0,020611387
41737	72,400391	-15,588672	-15,508792	-0,12431964	-0,014934897	-0,010935366	-0,018855404
41737	72,900391	-13,638672	-13,551172	-0,11433512	-0,01331939	-0,0095990747	-0,017039459
41737	73,400391	-11,688672	-11,608354	-0,10409728	-0,011520874	-0,008195281	-0,015136275
41737	73,900391	-9,7386713	-9,6639709	-0,093659014	-0,0098671913	-0,0068069622	-0,0134102
41737	74,400391	-7,7886715	-7,7274814	-0,082474202	-0,0082306489	-0,0055331811	-0,011394561
41737	74,900391	-5,8386717	-5,7746248	-0,070235506	-0,0066319294	-0,0042306781	-0,0093620848
41737	75,400391	-3,8886716	-4,2873788	-0,059151277	-0,005210761	-0,0034330711	-0,0075787203
41737	75,900391	-1,9386716	-2,024766	-0,039359182	-0,0032356083	-0,002396673	-0,0045678336
41737	76,400391	-1,994043	-1,3170484	-0,02871789	-0,002539508	-0,0021456182	-0,0031494014
41737	76,900391	-3,9440432	-3,4794044	-0,047894567	-0,0043008737	-0,0026186481	-0,0060626473
41737	77,400391	-5,894043	-5,0917716	-0,059336424	-0,0055842139	-0,003347829	-0,0077719288
41737	77,900391	-7,8440433	-7,7216997	-0,075793266	-0,0077222921	-0,0048090219	-0,010426006
41737	78,400391	-9,7940435	-9,8053322	-0,086916983	-0,0092801191	-0,0061862394	-0,012257337
41737	78,900391	-11,744043	-11,771451	-0,097410008	-0,010764599	-0,0076423138	-0,014024288
41737	79,400391	-13,694043	-13,721595	-0,10693185	-0,012357105	-0,0089366734	-0,015653402
41737	79,900391	-15,644043	-15,693974	-0,11661053	-0,013956347	-0,010359846	-0,017359812
41737	80,400391	-17,594044	-17,655499	-0,12548268	-0,015478291	-0,011823043	-0,019072868
41737	80,900391	-19,544043	-19,61059	-0,13457015	-0,017106434	-0,013244621	-0,020720456
41737	81,400391	-21,494043	-21,549572	-0,14341101	-0,018704178	-0,014575772	-0,022286188
41737	81,900391	-23,444044	-23,491697	-0,15164502	-0,020330237	-0,016036265	-0,024042856
41737	82,400391	-25,394043	-25,448441	-0,16033575	-0,021870429	-0,017378859	-0,025772557
41737	82,900391	-27,344044	-27,4062	-0,16911663	-0,02343611	-0,018928908	-0,027270611
41737	83,400391	-29,294044	-29,38658	-0,17729811	-0,025062706	-0,020370416	-0,02904927
41737	83,900391	-31,244043	-31,314396	-0,18540621	-0,026566463	-0,021709934	-0,030595042
41737	84,400391	-33,194042	-33,250053	-0,19310527	-0,028074382	-0,023219757	-0,032232516
41737	84,900391	-35,144043	-35,227356	-0,2006188	-0,029673286	-0,024648361	-0,033945814
41737	85,400391	-37,094044	-37,167213	-0,20867623	-0,031165477	-0,026091561	-0,035519876
41737	85,900391	-39,044044	-39,095749	-0,21598041	-0,032612775	-0,027420539	-0,037126169
41737	86,400391	-40,994045	-41,063171	-0,2234526	-0,034187224	-0,028920773	-0,03872934
41737	86,900391	-42,944042	-43,033909	-0,23104884	-0,035702519	-0,030333787	-0,040437732
41737	87,400391	-44,894043	-44,975227	-0,23827255	-0,037180208	-0,03174904	-0,041894883
41737	87,900391	-46,844044	-46,90752	-0,24602897	-0,03862416	-0,033181198	-0,043567013
41737	88,400391	-48,794044	-48,840027	-0,25309324	-0,040037386	-0,034521244	-0,045157336
41737	88,900391	-50,744045	-50,799839	-0,26008373	-0,041434139	-0,035955746	-0,046720535
41737	89,400391	-52,694046	-52,743301	-0,26700199	-0,042842209	-0,037367895	-0,048375364
41737	89,900391	-54,644043	-54,715851	-0,27431512	-0,044438601	-0,038778242	-0,049826492
41737	90,400391	-56,594044	-56,702713	-0,28151274	-0,045820612	-0,040200047	-0,051401481
41737	90,900391	-58,544044	-58,61488	-0,28811359	-0,047246687	-0,04159867	-0,05302316
41737	91,400391	-60,494045	-60,567852	-0,29522443	-0,048637062	-0,043178819	-0,054438647
41737	91,900391	-62,444046	-62,523106	-0,30250549	-0,050050162	-0,044530962	-0,055977572
41737	92,400391	-64,394043	-64,42997	-0,3088426	-0,051537465	-0,045935128	-0,057581164
41737	92,900391	-66,344048	-66,409607	-0,31568521	-0,05283222	-0,047355786	-0,059110641
41737	93,400391	-68,294044	-68,40274	-0,32283103	-0,054350141	-0,048766557	-0,060592867
41737	93,900391	-70,244041	-70,33783	-0,32926315	-0,055755407	-0,050247345	-0,062159985
41737	94,400391	-72,194046	-72,290642	-0,33649653	-0,057144184	-0,05167396	-0,063652441
41737	94,900391	-74,144043	-74,174263	-0,34265184	-0,05851293	-0,05296706	-0,06512934
41737	95,400391	-76,094048	-76,12429	-0,34984574	-0,059953693	-0,054399706	-0,0667108
41737	95,900391	-76,771584	-76,989769	-0,35311729	-0,060774691	-0,055230122	-0,067457967
41737	96,400391	-74,821587	-74,91407	-0,34723097	-0,05949457	-0,05395421	-0,065941595
41737	96,900391	-72,871582	-72,955208	-0,34196341	-0,058257457	-0,052622054	-0,06479837
41737	97,400391	-70,921585	-70,973518	-0,33559799	-0,056926306	-0,051295154	-0,063449085
41737	97,900391	-68,971581	-69,020424	-0,32933539	-0,055644214	-0,050027102	-0,061995745
41737	98,400391	-67,021584	-67,045403	-0,32332426	-0,054328732	-0,048619036	-0,060603991
41737	98,900391	-65,071587	-65,04792	-0,31701922	-0,052939601	-0,047309246	-0,059201106
41737	99,400391	-63,121582	-63,087582	-0,31107628	-0,051606115	-0,046001632	-0,057768933
41737	99,900391	-61,171581	-61,09869	-0,30431896	-0,050258193	-0,044522829	-0,056199711
41737	100,40039	-59,221584	-59,151569	-0,29823631	-0,048898626	-0,043303724	-0,05485633
41737	100,90039	-57,271584	-57,270023	-0,29236749	-0,047626734	-0,041957416	-0,053559415
41737	101,40039	-55,321583	-55,333515	-0,28575435	-0,046316363	-0,040546749	-0,051996797
41737	101,90039	-53,371582	-53,377842	-0,27894562	-0,044967923	-0,039197508	-0,050518971
41737	102,40039	-51,421581	-51,415771	-0,27222484	-0,043570589	-0,037816029	-0,049015146
41737	102,90039	-49,471584	-49,480972	-0,26573092	-0,042207289	-0,036368541	-0,0474419
41737	103,40039	-47,521584	-47,489582	-0,25872886	-0,040793568	-0,034956165	-0,045984726
41737	103,90039	-45,571583	-45,522957	-0,25211051	-0,03936585	-0,033620875	-0,04453719
41737	104,40039	-43,621582	-43,579308	-0,24493486	-0,037942931	-0,032211784	-0,042842127
41737	104,90039	-41,671581	-41,61969	-0,23770444	-0,036514379	-0,030852683	-0,041372888
41737	105,40039	-39,721584	-39,658424	-0,23030639	-0,035062298	-0,029477384	-0,039755091
41737	105,90039	-37,771584	-37,708282	-0,22315271	-0,033490337	-0,028100636	-0,038173653
41737	106,40039	-35,821583	-35,72393	-0,21484569	-0,031975441	-0,02669045	-0,036455795
41737	106,90039	-33,871582	-33,836624	-0,20752922	-0,030491721	-0,025377337	-0,0347667
41737	107,40039	-31,921583	-31,886028	-0,1996994	-0,028983682	-0,023878023	-0,033135016
41737	107,90039	-29,971582	-29,948919	-0,19132458	-0,027404629	-0,022572838	-0,031608451
41737	108,40039	-28,021582	-27,962408	-0,18323585	-0,025712179	-0,021274365	-0,029754564
41737	108,90039	-26,071583	-25,986582	-0,1748696	-0,024001036	-0,01974418	-0,028066665
41737	109,40039	-24,121582	-24,052299	-0,16630888	-0,022493573	-0,018424936	-0,026390761
41737	109,90039	-22,171581	-22,106789	-0,1577612	-0,020792963	-0,017026104	-0,024522346
41737	110,40039	-20,221582	-20,16884	-0,14901124	-0,01902906	-0,015628047	-0,022927478
41737	110,90039	-18,271582	-18,211584	-0,13958216	-0,017309166	-0,01414559	-0,021210093
41737	111,40039	-16,321583	-16,287565	-0,13047643	-0,015746951	-0,012725368	-0,019361988
41737	111,90039	-14,371582	-14,324206	-0,12038201	-0,014039252	-0,011303172	-0,017494738
41737	112,40039	-12,421582	-12,368264	-0,11027306	-0,012362309	-0,0098761022	-0,015789721
41737	112,90039	-10,471581	-10,441275	-0,099835917	-0,010741562	-0,008474879	-0,013956348
41737	113,40039	-8,5215816	-8,5237122	-0,089178607	-0,0090125427	-0,007072866	-0,012107062
41737	113,90039	-6,5715818	-6,5525045	-0,077407435	-0,0073380582	-0,005666554	-0,010166605
41737	114,40039	-4,6215816	-4,7008471	-0,064806268	-0,005776383	-0,0045789182	-0,0081530996
41737	114,90039	-2,6715817	-3,2280664	-0,053089857	-0,0043950789	-0,0036977753	-0,0062925238
41737	115,40039	-1	-1,0062121	-0,028432906	-0,0024878234	-0,0028550625	-0,0030254219
41737	115,90039	-1	-0,82024002	-0,02412647	-0,0023011789	-0,0027300119	-0,0027236184
41737	116,40039	-1	-0,83138978	-0,023353845	-0,0022456646	-0,0026831105	-0,0024949713
41737	116,90039	-1	-0,81635827	-0,023290142	-0,0021905974	-0,0026519746	-0,002411888
41737	117,40039	-1	-0,82721937	-0,023244694	-0,0020838417	-0,0026315525	-0,0024498962
41737	117,90039	-1	-0,87917411	-0,023835525	-0,0020606071	-0,0025659055	-0,002494704
41737	118,40039	-1	-0,88345444	-0,023515895	-0,0021089017	-0,0026114434	-0,0024322085
41737	118,90039	-1	-0,92695653	-0,023815781	-0,0021432452	-0,0025575981	-0,0024680495
41737	119,40039	-1	-0,96007061	-0,024452433	-0,0021189265	-0,0025171041	-0,0024983659
41737	119,90039	-1	-0,95159	-0,024514645	-0,0020514466	-0,0025725514	-0,0025687916
41737	120,40039	-1	-0,95615911	-0,024380162	-0,0021088682	-0,0025452152	-0,0025123581
41737	120,90039	-1	-0,97372383	-0,02432242	-0,0020233132	-0,0025450662	-0,0025383653
41737	121,40039	-1	-0,9688046	-0,024276227	-0,0020765029	-0,0024943054	-0,002442224
41737	121,90039	-1	-0,98844433	-0,024373457	-0,0019798949	-0,002527684	-0,0025026947
41737	122,40039	-1	-0,97868592	-0,024296343	-0,0020165294	-0,0024622679	-0,0024907552
41737	122,90039	-1	-0,97429192	-0,024195388	-0,0020036176	-0,0024207905	-0,0023746844
41737	123,40039	-1	-1,0050852	-0,024008751	-0,0020008497	-0,0024173483	-0,0024612378
41737	123,90039	-1	-1,0073017	-0,023995712	-0,0020093173	-0,0023692325	-0,0024455432
41737	124,40039	-1	-0,98777187	-0,024071336	-0,0019413419	-0,002432473	-0,0023637125
41737	124,90039	-1	-0,97672081	-0,024102628	-0,0019536614	-0,0023917407	-0,0024503889
41737	125,40039	-1	-0,9836424	-0,024170429	-0,0019145012	-0,0023319945	-0,0024175495
41737	125,90039	-1	-0,97284651	-0,023749843	-0,0019121133	-0,0023371503	-0,002302682
41737	126,40039	-1	-0,98943341	-0,023822859	-0,0019030236	-0,0023898259	-0,0024707783
41737	126,90039	-1	-0,99590051	-0,023945048	-0,0018442869	-0,0023173317	-0,0024150703
41737	127,40039	-1	-0,98801029	-0,023700669	-0,001850538	-0,002342999	-0,0023031328
41737	127,90039	-1	-0,99550748	-0,0239335	-0,0018476546	-0,0023505688	-0,0024145646
41737	128,40039	-1	-0,99884719	-0,023854524	-0,0018785745	-0,0023486987	-0,0023173289
41737	128,90039	-1	-0,99667907	-0,023961812	-0,0018593483	-0,0023201406	-0,0023131203
41737	129,40039	-1	-0,97538716	-0,023771077	-0,0018104576	-0,0022569522	-0,0022892561
41737	129,90039	-1	-0,99082106	-0,023670495	-0,0017509945	-0,0022754371	-0,0022807373
41737	130,40039	-1	-0,9816941	-0,023619458	-0,0017539486	-0,0023265406	-0,0022410005
41737	130,90039	-1	-0,99118614	-0,023300946	-0,0017780289	-0,0022881851	-0,0022296952
41737	131,40039	-1	-0,9886604	-0,023691729	-0,0017603822	-0,0023066476	-0,0022845138
41737	131,90039	-1	-0,99348462	-0,023443624	-0,0017726906	-0,0022163615	-0,0021983795
41737	132,40039	-1	-1,0098871	-0,023691729	-0,0017827004	-0,0023180619	-0,002206496
41737	132,90039	-1	-0,99412352	-0,023334473	-0,0017110184	-0,0022793487	-0,0022944966
41737	133,40039	-1	-0,98144823	-0,023328513	-0,0016960949	-0,0022890791	-0,0021413229
41737	133,90039	-1	-0,97196174	-0,023255497	-0,0016167946	-0,0022434071	-0,0021882989
41737	134,40039	-1	-0,96316451	-0,023324043	-0,0017169714	-0,0022371858	-0,0021612672
41737	134,90039	-1	-0,96651727	-0,023399666	-0,0017053932	-0,0021993592	-0,0022155112
41737	135,40039	-1	-0,97963583	-0,023077056	-0,0017692745	-0,0022710562	-0,0022816407
41737	135,90039	-1	-0,99227953	-0,022995099	-0,0016827844	-0,0022527203	-0,0021317797
41737	136,40039	-1	-1,0005068	-0,023166835	-0,0017050803	-0,002211675	-0,0021616183
41737	136,90039	-1	-0,97544307	-0,023361668	-0,0016246326	-0,0021606907	-0,0021734759
41737	137,40039	-1	-0,99567324	-0,023017079	-0,0016961098	-0,0021673143	-0,0021914598
41737	137,90039	-1	-1,0034274	-0,022780895	-0,0016446002	-0,0022354051	-0,0021685502
41737	138,40039	-1	-0,99410677	-0,022850558	-0,0016036294	-0,0021432117	-0,0021614116
41737	138,90039	-1	-0,9803288	-0,023369119	-0,0016906559	-0,0021789819	-0,0021583997
41737	139,40039	-1	-0,97239947	-0,022730976	-0,0015499033	-0,0021835268	-0,0020752857
41737	139,90039	-1	-0,97135079	-0,023070723	-0,0015664846	-0,002149649	-0,0021041539
41737	140,40039	-1	-0,95715749	-0,022934005	-0,0015580095	-0,0020795092	-0,0021282798
41737	140,90039	-1	-0,98056161	-0,022774935	-0,0015639924	-0,0021378919	-0,0020336453
41737	141,40039	-1	-0,97900259	-0,022793189	-0,0016917661	-0,0021601841	-0,0020743469
41737	141,90039	-1	-0,98917449	-0,022763759	-0,0015828274	-0,0021679774	-0,0021596197
41737	142,40039	-1	-0,98594654	-0,022713467	-0,0015745573	-0,002162084	-0,0020625144
41737	142,90039	-1	-1,010416	-0,022573397	-0,0016124286	-0,0020752028	-0,0020463597
41737	143,40039	-1	-0,98014063	-0,022836402	-0,0015706159	-0,0020634755	-0,0020904206
41737	143,90039	-1	-0,95452553	-0,022750348	-0,0016121604	-0,0021157041	-0,0020057382
41737	144,40039	-1	-0,95449573	-0,02281256	-0,0014510639	-0,0020893067	-0,0020634225
41737	144,90039	-1	-0,9733271	-0,022593513	-0,0015216358	-0,0021264479	-0,0021030633
41737	145,40039	-1,2513672	-1,0079463	-0,023135915	-0,0015235543	-0,0021310225	-0,0020558313
41737	145,90039	-3,2013671	-3,0536969	-0,041842461	-0,0031282194	-0,0026906952	-0,0047773831
41737	146,40039	-5,1513672	-4,3004808	-0,051859021	-0,0042846724	-0,0032096207	-0,0063045844
41737	146,90039	-7,1013675	-6,9802327	-0,069175661	-0,0063145459	-0,0047421455	-0,008879344
41737	147,40039	-9,0513678	-8,9636078	-0,081287697	-0,0079711005	-0,0059095472	-0,010781956
41737	147,90039	-11,001368	-11,138042	-0,092789903	-0,0097124875	-0,0074279234	-0,012731736
41737	148,40039	-12,951367	-13,182334	-0,10319985	-0,011405554	-0,0089509711	-0,014427529
41737	148,90039	-14,901367	-15,086423	-0,11251941	-0,012868183	-0,01028394	-0,016039208
41737	149,40039	-16,851368	-16,991755	-0,12189746	-0,014453024	-0,011780195	-0,017773625
41737	149,90039	-18,801367	-18,903763	-0,13083853	-0,016111966	-0,013156772	-0,01945376
41737	150,40039	-20,751368	-20,856489	-0,13976917	-0,017673165	-0,014627852	-0,021099295
41737	150,90039	-22,701368	-22,78545	-0,14896058	-0,019245682	-0,016071826	-0,022824664
41737	151,40039	-24,651367	-24,722692	-0,15731975	-0,020912049	-0,017493583	-0,02443824
41737	151,90039	-26,601368	-26,674225	-0,16583167	-0,022553638	-0,01897189	-0,026124772
41737	152,40039	-28,551369	-28,621441	-0,17417967	-0,024131577	-0,020366706	-0,027859349
41737	152,90039	-30,501368	-30,5616	-0,18222108	-0,025779502	-0,021798149	-0,029429924
41737	153,40039	-32,451366	-32,524918	-0,18989854	-0,027252344	-0,023298003	-0,030974664
41737	153,90039	-34,401367	-34,499973	-0,19859113	-0,028824903	-0,0247721	-0,03272799
41737	154,40039	-36,351368	-36,449677	-0,20601414	-0,030431088	-0,026202224	-0,034431711
41737	154,90039	-38,301369	-38,376511	-0,21362528	-0,031944305	-0,027650073	-0,035924997
41737	155,40039	-40,251369	-40,308399	-0,22132322	-0,033373088	-0,029006232	-0,037596617
41737	155,90039	-42,201366	-42,219559	-0,22835732	-0,034916341	-0,030468013	-0,039192289
41737	156,40039	-44,151367	-44,181515	-0,23632497	-0,036419034	-0,031931795	-0,040744029
41737	156,90039	-46,101368	-46,16996	-0,24386011	-0,0378864	-0,033430632	-0,042375032
41737	157,40039	-48,051369	-48,115967	-0,25113225	-0,039471142	-0,034874473	-0,044125944
41737	157,90039	-50,001369	-50,083996	-0,25818571	-0,040864356	-0,036220938	-0,045620717
41737	158,40039	-51,95137	-52,055546	-0,26527232	-0,042278934	-0,037660886	-0,047121312
41737	158,90039	-53,901367	-53,977375	-0,27256161	-0,043760598	-0,039139856	-0,048780359
41737	159,40039	-55,851368	-55,894039	-0,27934536	-0,045143392	-0,04053339	-0,050259613
41737	159,90039	-57,801369	-57,864601	-0,28653479	-0,046607651	-0,041932404	-0,051861487
41737	160,40039	-59,751369	-59,834511	-0,29367244	-0,048137333	-0,043441869	-0,0533957
41737	160,90039	-61,70137	-61,802258	-0,30060893	-0,049529273	-0,044940788	-0,054888453
41737	161,40039	-63,651367	-63,74765	-0,30736923	-0,050907176	-0,046326701	-0,056483656
41737	161,90039	-65,601372	-65,618317	-0,31385347	-0,052356455	-0,047756083	-0,05803144
41737	162,40039	-67,551369	-67,606445	-0,32082236	-0,053661622	-0,049185596	-0,059529506
41737	162,90039	-69,501366	-69,5429	-0,32802224	-0,055163007	-0,050692011	-0,061068058
41737	163,40039	-71,45137	-71,536263	-0,33491439	-0,056642961	-0,052037481	-0,062633149
41737	163,90039	-73,401367	-73,482239	-0,34149587	-0,058046341	-0,053464033	-0,064157754
41737	164,40039	-75,351372	-75,483345	-0,34821814	-0,05950398	-0,054857317	-0,065694593
41737	164,90039	-77,301369	-77,362389	-0,35475975	-0,060962357	-0,056339525	-0,067132585
41737	165,40039	-77,400002	-77,517868	-0,35564825	-0,061151952	-0,056530163	-0,067368768
41737	165,90039	-77,400002	-77,449348	-0,35570824	-0,061121274	-0,056551088	-0,06742546
41737	166,40039	-77,400002	-77,457787	-0,35649538	-0,06124248	-0,056670792	-0,067466848
41737	166,90039	-77,400002	-77,448303	-0,3567338	-0,061272316	-0,05671528	-0,06757579
41737	167,40039	-77,400002	-77,447266	-0,35693234	-0,061326895	-0,056730546	-0,06765189
41737	167,90039	-77,400002	-77,458214	-0,35704041	-0,061370611	-0,056837901	-0,067700028
41737	168,40039	-77,400002	-77,451706	-0,35715514	-0,061423402	-0,05692558	-0,067780614
41737	168,90039	-77,400002	-77,385696	-0,35707468	-0,061392445	-0,056889303	-0,067709655
41737	169,40039	-77,400002	-77,434456	-0,35760105	-0,061492842	-0,056940317	-0,067771621
41737	169,90039	-77,400002	-77,473495	-0,3579151	-0,061638128	-0,05701245	-0,067795537
41737	170,40039	-77,400002	-77,424072	-0,35793	-0,061570108	-0,057056785	-0,06774731
41737	170,90039	-77,400002	-77,415833	-0,35818553	-0,061595947	-0,057072684	-0,067809328
41737	171,40039	-77,400002	-77,420898	-0,35818219	-0,061612599	-0,05703041	-0,067964122
41737	171,90039	-77,400002	-77,378799	-0,3582485	-0,061623495	-0,05710052	-0,067878328
41737	172,40039	-77,400002	-77,397171	-0,35866126	-0,0617228	-0,05711735	-0,067953855
41737	172,90039	-77,400002	-77,409393	-0,35874659	-0,061704099	-0,057133783	-0,068040013
41737	173,40039	-77,400002	-77,39045	-0,35868847	-0,06172004	-0,057192191	-0,068036072
41737	173,90039	-77,400002	-77,424583	-0,3586989	-0,06180419	-0,05724882	-0,068010204
41737	174,40039	-77,400002	-77,408852	-0,35840386	-0,061758779	-0,057224855	-0,068020552
41737	174,90039	-77,400002	-77,376358	-0,35879314	-0,061804693	-0,05724477	-0,068088189
41737	175,40039	-77,400002	-77,363342	-0,35874546	-0,061835356	-0,057259537	-0,06807968
41737	175,90039	-77,400002	-77,433502	-0,35943016	-0,061940249	-0,057363879	-0,068224095
41737	176,40039	-77,400002	-77,427567	-0,35960191	-0,061965853	-0,0573726	-0,068215922
41737	176,90039	-77,400002	-77,431145	-0,35913363	-0,06194789	-0,057414301	-0,068240009
41737	177,40039	-77,400002	-77,43644	-0,35979971	-0,061962266	-0,057426315	-0,068311825
41737	177,90039	-77,400002	-77,366158	-0,35947785	-0,062067419	-0,057476059	-0,068194732
41737	178,40039	-77,400002	-77,348473	-0,35936534	-0,061977848	-0,057405747	-0,068161979
41737	178,90039	-77,400002	-77,339569	-0,35955125	-0,062065348	-0,057421852	-0,068329588
41737	179,40039	-77,400002	-77,368851	-0,35979337	-0,062066346	-0,057472318	-0,068333253
41737	179,90039	-77,400002	-77,420914	-0,36024153	-0,062069945	-0,057459339	-0,068288691
41737	180,40039	-77,400002	-77,45417	-0,36002064	-0,062141523	-0,05753158	-0,068389855
41737	180,90039	-77,400002	-77,39254	-0,3597852	-0,06208463	-0,057549372	-0,068375774
41737	181,40039	-77,400002	-77,382851	-0,36001319	-0,062057197	-0,057503529	-0,068350337
41737	181,90039	-77,400002	-77,384438	-0,36047065	-0,062110253	-0,05763717	-0,068560623
41737	182,40039	-77,400002	-77,363754	-0,36001429	-0,06217429	-0,0576034	-0,068339258
41737	182,90039	-77,400002	-77,400902	-0,36044902	-0,062193513	-0,057649344	-0,06843321
41737	183,40039	-77,400002	-77,401497	-0,36080852	-0,062229536	-0,057645038	-0,068500489
41737	183,90039	-77,400002	-77,353676	-0,36031306	-0,06217543	-0,05763182	-0,068447039
41737	184,40039	-77,400002	-77,368607	-0,36042705	-0,06220495	-0,057683729	-0,068486854
41737	184,90039	-77,400002	-77,359558	-0,3603	-0,062194843	-0,057611693	-0,068551011
41737	185,40039	-77,400002	-77,348846	-0,3608104	-0,062228478	-0,057720646	-0,068491966
41737	185,90039	-77,400002	-77,350594	-0,36051458	-0,062260654	-0,057746351	-0,0685101
41737	186,40039	-77,400002	-77,385803	-0,36117172	-0,062246993	-0,057715774	-0,068600044
41737	186,90039	-77,400002	-77,369827	-0,36081225	-0,062297791	-0,057642519	-0,068565309
41737	187,40039	-77,400002	-77,413177	-0,36105478	-0,062310528	-0,057728507	-0,068629503
41737	187,90039	-77,400002	-77,379295	-0,36087596	-0,062325012	-0,057699978	-0,068555959
41737	188,40039	-77,400002	-77,417397	-0,36133304	-0,062358201	-0,057801403	-0,068567075
41737	188,90039	-77,400002	-77,356972	-0,3608849	-0,062335022	-0,057758484	-0,068625331
41737	189,40039	-77,400002	-77,373772	-0,36109164	-0,062349182	-0,05776675	-0,068644591
41737	189,90039	-77,400002	-77,365059	-0,36119968	-0,062333673	-0,057822496	-0,0687721
41737	190,40039	-77,400002	-77,3592	-0,36122316	-0,06240318	-0,057804316	-0,068674654
41737	190,90039	-77,400002	-77,358139	-0,36126411	-0,06235455	-0,05785241	-0,06865032
41737	191,40039	-77,400002	-77,369423	-0,36144519	-0,062455237	-0,057886217	-0,06872616
41737	191,90039	-77,400002	-77,384018	-0,3614459	-0,062481955	-0,057828747	-0,068845741
41737	192,40039	-77,400002	-77,356323	-0,36150813	-0,062505484	-0,057850093	-0,068709455
41737	192,90039	-77,400002	-77,384598	-0,36154205	-0,062442712	-0,057904705	-0,068723321
41737	193,40039	-77,400002	-77,337715	-0,36143288	-0,062466275	-0,057845391	-0,068831824
41737	193,90039	-77,400002	-77,372101	-0,36173314	-0,062460966	-0,05789724	-0,068726689
41737	194,40039	-77,400002	-77,399948	-0,36181062	-0,062570453	-0,057929054	-0,068894207
41737	194,90039	-77,400002	-77,345856	-0,36129916	-0,062602863	-0,057936415	-0,068790868
41737	195,40039	-75,061134	-75,129181	-0,35468155	-0,061049543	-0,056437574	-0,067178614
41737	195,90039	-72,561134	-72,573082	-0,34705734	-0,059332706	-0,05472964	-0,065548092
41737	196,40039	-70,061134	-70,067322	-0,33932889	-0,057637211	-0,053064194	-0,063765503
41737	196,90039	-67,561134	-67,564461	-0,33145064	-0,05604174	-0,051295191	-0,061892249
41737	197,40039	-65,061134	-65,059387	-0,32351202	-0,054246403	-0,049580205	-0,060182698
41737	197,90039	-62,561134	-62,535553	-0,31532234	-0,052592054	-0,047846548	-0,058290191
41737	198,40039	-60,061134	-60,00312	-0,30688608	-0,050823137	-0,046066463	-0,05638627
41737	198,90039	-57,561134	-57,487137	-0,29895341	-0,049033739	-0,044291325	-0,054502316
41737	199,40039	-55,061134	-54,968029	-0,29001719	-0,047260303	-0,042596869	-0,052633289
41737	199,90039	-52,561134	-52,469044	-0,28153992	-0,045490328	-0,04071337	-0,050686195
41737	200,40039	-50,061134	-49,982357	-0,27334654	-0,043717597	-0,038977955	-0,048901048
41737	200,90039	-47,561134	-47,489468	-0,26436561	-0,04200042	-0,037187565	-0,04687522
41737	201,40039	-45,061134	-45,004509	-0,25558436	-0,040159307	-0,035421185	-0,044927351
41737	201,90039	-42,561134	-42,502163	-0,24610423	-0,038300466	-0,033681992	-0,04299318
41737	202,40039	-40,061134	-40,022106	-0,2366323	-0,036492743	-0,031806134	-0,040840775
41737	202,90039	-37,561134	-37,485912	-0,22722781	-0,034544248	-0,03006772	-0,038706284
41737	203,40039	-35,061134	-34,972721	-0,21716245	-0,032503493	-0,028354842	-0,036708433
41737	203,90039	-32,561134	-32,484047	-0,20725578	-0,030516898	-0,026496846	-0,034507327
41737	204,40039	-30,061134	-30,01996	-0,19681342	-0,028449606	-0,02462405	-0,032378696
41737	204,90039	-27,561134	-27,491829	-0,18676706	-0,026393333	-0,022875614	-0,030310147
41737	205,40039	-25,061134	-24,976582	-0,17538741	-0,024240751	-0,021025933	-0,027926788
41737	205,90039	-22,561134	-22,469128	-0,16443804	-0,022019602	-0,019163325	-0,025723863
41737	206,40039	-20,061134	-19,986214	-0,1524169	-0,019843774	-0,017250881	-0,023554407
41737	206,90039	-17,561134	-17,507511	-0,14060885	-0,017696671	-0,015387401	-0,021177094
41737	207,40039	-15,061134	-14,967738	-0,12819469	-0,015478645	-0,013538264	-0,018860742
41737	207,90039	-12,561134	-12,515338	-0,1154013	-0,013204543	-0,011688508	-0,016690765
41737	208,40039	-10,061134	-10,010633	-0,10213517	-0,011136647	-0,0097618327	-0,014302974
41737	208,90039	-7,5611343	-7,5185661	-0,087539852	-0,0089013912	-0,0078979433	-0,011875185
41737	209,40039	-5,0611343	-5,0731635	-0,071654841	-0,0068239868	-0,006226033	-0,009319176
41737	209,90039	-2,5611343	-3,2969265	-0,057831034	-0,005202163	-0,0051050931	-0,0072193462
41737	210,40039	-1	-0,84022248	-0,029435381	-0,0029333122	-0,0041074231	-0,0037017623
41737	210,90039	-1	-0,73941422	-0,026973709	-0,0027596913	-0,0040104464	-0,0032349853
41737	211,40039	-1	-0,77196211	-0,026458502	-0,0027046502	-0,0039089248	-0,0032287175
41737	211,90039	-1	-0,77337396	-0,025904551	-0,0026571862	-0,0038648546	-0,0030445149
41737	212,40039	-1	-0,77667463	-0,026282668	-0,0025877468	-0,0037762821	-0,0031179981
41737	212,90039	-1	-0,8211993	-0,026763603	-0,0025026016	-0,0037642792	-0,0031854296
41737	213,40039	-1	-0,87862462	-0,026894733	-0,0025385246	-0,0037273243	-0,0030450709
41737	213,90039	-1	-0,90345925	-0,02720058	-0,0024605989	-0,0037903711	-0,0031513823
41737	214,40039	-1	-0,9297151	-0,027284399	-0,0025343522	-0,0036974177	-0,0031474913
41737	214,90039	-1	-0,97631848	-0,027389824	-0,0025438443	-0,0037029088	-0,0030848691
41737	215,40039	-1	-0,96993518	-0,027322024	-0,0024884753	-0,0036218539	-0,0030974094
41737	215,90039	-1	-0,97048843	-0,027376786	-0,0024215244	-0,0036222562	-0,0031331982
41737	216,40039	-1	-0,98994744	-0,027759746	-0,0023739375	-0,0036722571	-0,0030807443
41737	216,90039	-1	-1,0157768	-0,028123707	-0,0024088137	-0,003639847	-0,0030968674
41737	217,40039	-1	-0,99020267	-0,02749823	-0,0024096146	-0,0036453307	-0,0031352174
41737	217,90039	-1	-1,0093768	-0,027818605	-0,0023628399	-0,0036010295	-0,0030450765
41737	218,40039	-1	-1,0233204	-0,027279183	-0,0023512021	-0,0036177263	-0,0029830048
41737	218,90039	-1	-0,98259747	-0,027563795	-0,0022855736	-0,0035667047	-0,0031207921
41737	219,40039	-1	-0,97777879	-0,027153641	-0,0023036785	-0,003540121	-0,0030767797
41737	219,90039	-1	-0,99887699	-0,027296692	-0,0022484474	-0,0035425499	-0,00297732
41737	220,40039	-1	-1,005698	-0,027280301	-0,0022562519	-0,0034658536	-0,0030392744
41737	220,90039	-1	-1,0057818	-0,027276203	-0,0022839196	-0,0035276636	-0,0030353088
41737	221,40039	-1	-1,0226741	-0,027233735	-0,0022915043	-0,0034712031	-0,0028684279
41737	221,90039	-1	-0,99558568	-0,027195737	-0,0022685416	-0,0034591258	-0,0029494623
41737	222,40039	-1	-0,99630654	-0,026987121	-0,0022594109	-0,0035082623	-0,0028870972
41737	222,90039	-1	-0,99275076	-0,02704598	-0,0022450686	-0,0034639314	-0,0030026129
41737	223,40039	-1	-0,993954	-0,02717264	-0,0022199191	-0,0034505501	-0,002845942
41737	223,90039	-1	-0,98017418	-0,02707243	-0,0021217428	-0,0034237877	-0,0029071951
41737	224,40039	-1	-0,99987161	-0,026855245	-0,0021537952	-0,0033719018	-0,002873552
41737	224,90039	-1	-0,99897385	-0,026585907	-0,0021354631	-0,0033428818	-0,0028131446
41737	225,40039	-1	-0,98527783	-0,026827678	-0,0021205544	-0,003392607	-0,0029133679
41737	225,90039	0	-0,02066046	4,6386085	-0,0031376332	-0,0049983785	-0,0013943627

Datenerfassung						Zeit:	225,93555	s	08.04.2014 09:57:30
Ch 1 Kraft	Ch 1 W2TK Mittel	1944 A	1944 B	1281068
kN	mm	mm	mm	mm
0,02810359	0	0,09303987	0,043254945	0,031604815
-78,566887	0	-0,062663615	-0,058091514	-0,068971321
