MTS793|MPT|DEU|1|2|,|.|:|49|1|1|A

Bediener Information						Zeit:	33,796875	s	01.09.2014 13:25:39
Datum : 	01.09.2014
Prüfer : 	Kh
Probenbezeichnung :  	BA-Losert E-Modul 28d v. 04.08.14 Probe 4
Bemerkungen	Kraftgeregelt 3,9 kN/s
Masse :	5342
Durchmesser :	98,6
Länge :	300,3
Bediener Information Ende

Datenerfassung						Zeit:	320,02344	s	01.09.2014 13:30:25
Datum	Laufzeit	Ch 1 Kraft Sollwert	Ch 1 Kraft	Ch 1 Weg	1944 B	1281068	2157
d	s	kN	kN	mm	mm	mm	mm
41883	34,306641	-1	-1,0232348	-5,6224585	0,085229494	0,037092578	-0,79244101
41883	34,806641	-1	-1,0453091	-5,6236596	0,085212208	0,037296478	-0,79241711
41883	35,306641	-1	-0,91094339	-5,6222143	0,085342363	0,037207074	-0,79233092
41883	35,806641	-1	-0,94377434	-5,6218681	0,085337736	0,037148945	-0,79230875
41883	36,306641	-1	-1,0764748	-5,6234002	0,085244186	0,037227105	-0,79235226
41883	36,806641	-1	-0,96552444	-5,6231589	0,085283622	0,037165865	-0,79239815
41883	37,306641	-1	-0,97854066	-5,6229234	0,085274197	0,037239604	-0,79238087
41883	37,806641	-1	-1,065297	-5,6224794	0,085280322	0,037168842	-0,79239917
41883	38,306641	-1	-0,95949322	-5,6230068	0,085301325	0,037149988	-0,7922827
41883	38,806641	-1	-0,95583129	-5,6234837	0,085370615	0,03731532	-0,79228735
41883	39,306641	-1	-1,0767653	-5,6221218	0,085269555	0,037259463	-0,79238957
41883	39,806641	-1	-1,0035355	-5,6225867	0,085327424	0,037296679	-0,79235232
41883	40,306641	-1	-0,96815264	-5,6225033	0,085364588	0,037263729	-0,79231107
41883	40,806641	-1	-1,0823067	-5,6227713	0,085270807	0,037246976	-0,79234833
41883	41,306641	-1	-0,96729583	-5,6227355	0,085345052	0,037285198	-0,79226923
41883	41,806641	-1	-0,93512797	-5,6229739	0,08538124	0,037221674	-0,79230845
41883	42,306641	-1	-1,0555423	-5,6226611	0,085302114	0,037335735	-0,79240739
41883	42,806641	-1	-1,0567046	-5,6231499	0,085336827	0,037222136	-0,79242349
41883	43,306641	-1	-0,93075633	-5,6224198	0,085403003	0,037222531	-0,79224002
41883	43,806641	-1	-1,021158	-5,6232481	0,085333757	0,037308075	-0,79225731
41883	44,306641	-2,7748048	-2,5771651	-0,008264184	-0,0006441921	-0,00034864375	-0,0006232392
41883	44,806641	-4,7248049	-4,2003951	-0,01642704	-0,0014577657	-0,0005855292	-0,0012726914
41883	45,306641	-6,6748047	-6,1250291	-0,025257468	-0,0022159144	-0,0010481008	-0,0019382965
41883	45,806641	-8,6248045	-8,6241064	-0,035321712	-0,0034185275	-0,0015572783	-0,0027597863
41883	46,306641	-10,574805	-10,508576	-0,043642521	-0,0042642057	-0,0020522412	-0,0034238808
41883	46,806641	-12,524805	-12,631419	-0,050801039	-0,0050876364	-0,002629187	-0,0041712113
41883	47,306641	-14,474805	-14,847228	-0,058802962	-0,0059407577	-0,0032203046	-0,0050323661
41883	47,806641	-16,424805	-16,639069	-0,0641644	-0,0067056492	-0,003858242	-0,0057914499
41883	48,306641	-18,374805	-18,455898	-0,071659684	-0,0074142143	-0,0043754769	-0,0064316746
41883	48,806641	-20,324804	-20,540012	-0,075635314	-0,0082429871	-0,0050171418	-0,0072098449
41883	49,306641	-22,274805	-22,427122	-0,081685185	-0,0089900792	-0,0055646449	-0,0079560112
41883	49,806641	-24,224806	-24,240097	-0,087851286	-0,0096371174	-0,0061969492	-0,0087433904
41883	50,306641	-26,174805	-26,28405	-0,092980266	-0,010475427	-0,0068709548	-0,0095200241
41883	50,806641	-28,124805	-28,23559	-0,097954273	-0,011090308	-0,0075164591	-0,01025586
41883	51,306641	-30,074806	-30,036171	-0,10375977	-0,011883304	-0,0081507657	-0,011035234
41883	51,806641	-32,024807	-32,067318	-0,10885596	-0,012552172	-0,0088760564	-0,011883428
41883	52,306641	-33,974804	-34,15509	-0,11450052	-0,013412185	-0,0095505556	-0,012730425
41883	52,806641	-35,924805	-35,840023	-0,12046397	-0,014032647	-0,01012503	-0,013389071
41883	53,306641	-37,874805	-37,843113	-0,12457073	-0,014767043	-0,010799471	-0,014152283
41883	53,806641	-39,824806	-40,025135	-0,12991726	-0,015587881	-0,011564792	-0,015096585
41883	54,306641	-41,774807	-41,751907	-0,13475418	-0,01620999	-0,012290212	-0,015733004
41883	54,806641	-43,724804	-43,662758	-0,14049709	-0,016897671	-0,012828605	-0,016553227
41883	55,306641	-45,674805	-45,845192	-0,14451146	-0,017745011	-0,013645158	-0,017471001
41883	55,806641	-47,624805	-47,651268	-0,14871955	-0,018441901	-0,014281363	-0,018146362
41883	56,306641	-49,574806	-49,453438	-0,15422702	-0,019099876	-0,014975729	-0,018928122
41883	56,806641	-51,524807	-51,70042	-0,15964806	-0,019950472	-0,015821187	-0,019890442
41883	57,306641	-53,474808	-53,530109	-0,16514659	-0,020651586	-0,016456475	-0,020623762
41883	57,806641	-55,424805	-55,321712	-0,17000735	-0,021266468	-0,017184747	-0,021323115
41883	58,306641	-57,374805	-57,434624	-0,17411113	-0,022118211	-0,017856712	-0,02228228
41883	58,806641	-59,324806	-59,46582	-0,17862618	-0,022864796	-0,018649926	-0,023134913
41883	59,306641	-61,274807	-61,229816	-0,18291175	-0,023549773	-0,019348886	-0,0238728
41883	59,806641	-63,224808	-63,187134	-0,18876493	-0,024233676	-0,019997885	-0,024626613
41883	60,306641	-65,174805	-65,374367	-0,19352138	-0,025173813	-0,02089607	-0,025632665
41883	60,806641	-67,124809	-67,133423	-0,19708872	-0,025780097	-0,02150026	-0,02627689
41883	61,306641	-69,074806	-69,047745	-0,20339191	-0,026519738	-0,022222323	-0,027081138
41883	61,806641	-71,024803	-71,18515	-0,20706058	-0,027302593	-0,023056298	-0,027938332
41883	62,306641	-72,974808	-73,03215	-0,21170378	-0,027999774	-0,023679469	-0,028834088
41883	62,806641	-74,924805	-74,83284	-0,21603107	-0,02875283	-0,024413561	-0,029556949
41883	63,306641	-76,874809	-77,00811	-0,22067726	-0,029564645	-0,025224879	-0,030423826
41883	63,806641	-78,824806	-78,880394	-0,2257973	-0,030299328	-0,025913382	-0,031259637
41883	64,306641	-80,774803	-80,738724	-0,230667	-0,031046174	-0,026808219	-0,032115314
41883	64,806641	-82,724808	-82,741089	-0,23444593	-0,0317504	-0,027315522	-0,03288532
41883	65,306641	-84,674805	-84,737221	-0,23920536	-0,032587562	-0,028295865	-0,033759467
41883	65,806641	-86,624809	-86,585693	-0,24386346	-0,033253126	-0,028826147	-0,034544539
41883	66,306641	-88,574806	-88,58419	-0,24799705	-0,034007668	-0,029657137	-0,035473291
41883	66,806641	-90,524803	-90,623718	-0,25359392	-0,034777448	-0,030373842	-0,036224332
41883	67,306641	-92,474808	-92,448425	-0,25777519	-0,035537817	-0,031220729	-0,037022553
41883	67,806641	-94,424805	-94,467125	-0,26005805	-0,036302645	-0,032033488	-0,037951034
41883	68,306641	-96,374809	-96,48616	-0,26640892	-0,037025627	-0,032597337	-0,038794965
41883	68,806641	-98,324806	-98,315559	-0,27120113	-0,037786365	-0,033382948	-0,039568618
41883	69,306641	-100,27481	-100,24236	-0,27555227	-0,038435675	-0,034150589	-0,040437009
41883	69,806641	-102,22481	-102,40585	-0,27958155	-0,039334148	-0,034934592	-0,041321732
41883	70,306641	-104,1748	-104,20782	-0,28516352	-0,040065121	-0,035706215	-0,042170972
41883	70,806641	-106,12481	-106,02352	-0,28936565	-0,040826704	-0,036366008	-0,042902257
41883	71,306641	-108,07481	-108,11717	-0,29332638	-0,041554678	-0,037229739	-0,04381609
41883	71,806641	-110,02481	-110,13428	-0,29723942	-0,042441614	-0,038028408	-0,044712055
41883	72,306641	-111,97481	-111,90081	-0,30103922	-0,043136675	-0,038744692	-0,045506049
41883	72,806641	-113,9248	-113,93132	-0,30629635	-0,043884903	-0,039472546	-0,046322204
41883	73,306641	-115,87481	-115,95615	-0,31081438	-0,044661514	-0,040301315	-0,047191627
41883	73,806641	-117,82481	-117,82201	-0,31547546	-0,045472421	-0,041071337	-0,048047796
41883	74,306641	-119,77481	-119,81879	-0,31888783	-0,046240438	-0,041818365	-0,04890357
41883	74,806641	-121,72481	-121,86502	-0,32316744	-0,047097143	-0,042695366	-0,049758762
41883	75,306641	-123,6748	-123,66223	-0,32664835	-0,047848161	-0,04336578	-0,050513931
41883	75,806641	-125,62481	-125,63165	-0,33209622	-0,04858885	-0,044250004	-0,051472664
41883	76,306641	-127,57481	-127,70975	-0,33627152	-0,049458221	-0,045080893	-0,052371543
41883	76,806641	-129,52481	-129,53882	-0,34041703	-0,050138436	-0,045842856	-0,053155921
41883	77,306641	-131,47481	-131,42278	-0,34431815	-0,050929349	-0,046538919	-0,053953677
41883	77,806641	-133,4248	-133,59546	-0,34924448	-0,051799249	-0,047359787	-0,054928809
41883	78,306641	-135,3748	-135,41301	-0,35299361	-0,052525569	-0,04821093	-0,055761173
41883	78,806641	-137,32481	-137,23068	-0,35728812	-0,053352091	-0,049053509	-0,056547213
41883	79,306641	-139,27481	-139,36031	-0,3616333	-0,054142017	-0,049831592	-0,057407342
41883	79,806641	-141,22481	-141,32545	-0,3657788	-0,054938946	-0,050658822	-0,058453456
41883	80,306641	-143,1748	-143,11026	-0,36973357	-0,05577464	-0,051331092	-0,059167936
41883	80,806641	-145,1248	-145,19109	-0,37411749	-0,05653033	-0,052166227	-0,060076348
41883	81,306641	-146,94287	-147,16052	-0,37801266	-0,057330433	-0,05309521	-0,060990196
41883	81,806641	-144,99287	-145,10025	-0,37645996	-0,056747682	-0,052360322	-0,060456127
41883	82,306641	-143,04288	-143,15359	-0,37183166	-0,056229819	-0,051963031	-0,059794821
41883	82,806641	-141,09286	-141,32515	-0,3701061	-0,055782009	-0,051304635	-0,059262507
41883	83,306641	-139,14287	-139,20227	-0,36625564	-0,055031385	-0,050695866	-0,058578886
41883	83,806641	-137,19287	-137,1467	-0,36233962	-0,054400697	-0,050082184	-0,057862639
41883	84,306641	-135,24287	-135,39401	-0,35945475	-0,053915691	-0,049430415	-0,057216492
41883	84,806641	-133,29288	-133,36661	-0,35586357	-0,053316418	-0,048874654	-0,056663077
41883	85,306641	-131,34286	-131,32301	-0,35286844	-0,052709129	-0,048101433	-0,055914544
41883	85,806641	-129,39287	-129,51489	-0,34887493	-0,052011453	-0,047520213	-0,055263542
41883	86,306641	-127,44287	-127,47747	-0,34569204	-0,05143863	-0,046866406	-0,05453261
41883	86,806641	-125,49287	-125,40679	-0,34177601	-0,050765052	-0,046165761	-0,053868473
41883	87,306641	-123,54287	-123,6616	-0,33788383	-0,050146777	-0,045603771	-0,05317235
41883	87,806641	-121,59287	-121,62236	-0,33560693	-0,049512565	-0,044851087	-0,052482471
41883	88,306641	-119,64287	-119,55235	-0,33040047	-0,048862897	-0,044188414	-0,051832173
41883	88,806641	-117,69287	-117,7374	-0,32756031	-0,048230123	-0,043575987	-0,051092558
41883	89,306641	-115,74287	-115,76952	-0,32313466	-0,047692392	-0,042840496	-0,050352708
41883	89,806641	-113,79287	-113,73295	-0,32000244	-0,046908233	-0,042193376	-0,049681954
41883	90,306641	-111,84287	-111,83855	-0,316149	-0,046292353	-0,041464943	-0,049000651
41883	90,806641	-109,89287	-109,94492	-0,31231344	-0,045608282	-0,040853556	-0,04828959
41883	91,306641	-107,94287	-107,89827	-0,30868948	-0,045006145	-0,04012309	-0,04761076
41883	91,806641	-105,99287	-105,97148	-0,3043592	-0,044328041	-0,03947676	-0,046843957
41883	92,306641	-104,04287	-104,09767	-0,30116439	-0,04362626	-0,038822349	-0,046128117
41883	92,806641	-102,09287	-102,01766	-0,29695928	-0,042986538	-0,038124733	-0,045445949
41883	93,306641	-100,14287	-100,06443	-0,29286742	-0,042321764	-0,037492897	-0,044733077
41883	93,806641	-98,192871	-98,254066	-0,28901696	-0,04173534	-0,036881059	-0,043994997
41883	94,306641	-96,242867	-96,181107	-0,28575361	-0,040928025	-0,036098097	-0,043235242
41883	94,806641	-94,29287	-94,207611	-0,28114915	-0,040344466	-0,035496786	-0,042551391
41883	95,306641	-92,342873	-92,461441	-0,27674437	-0,03969653	-0,034827195	-0,041830521
41883	95,806641	-90,392868	-90,346001	-0,27332008	-0,038955286	-0,034146026	-0,041034594
41883	96,306641	-88,442871	-88,339973	-0,27001202	-0,038272012	-0,033460483	-0,040306732
41883	96,806641	-86,492867	-86,534088	-0,2648145	-0,037562869	-0,032749955	-0,039569266
41883	97,306641	-84,54287	-84,555458	-0,26198924	-0,036929019	-0,032228451	-0,038815886
41883	97,806641	-82,592873	-82,445801	-0,25697947	-0,036201835	-0,031430837	-0,037995998
41883	98,306641	-80,642868	-80,61544	-0,25195181	-0,035524484	-0,030791694	-0,037238017
41883	98,806641	-78,692871	-78,748482	-0,24947822	-0,034861151	-0,030112116	-0,036600471
41883	99,306641	-76,742867	-76,627296	-0,24559796	-0,034140196	-0,029308397	-0,035724454
41883	99,806641	-74,79287	-74,740753	-0,2393961	-0,033447504	-0,028682567	-0,034942925
41883	100,30664	-72,842873	-72,958206	-0,23641288	-0,032801598	-0,028074138	-0,034290094
41883	100,80664	-70,892868	-70,764694	-0,23177564	-0,031989649	-0,027318748	-0,033385463
41883	101,30664	-68,942871	-68,826881	-0,22743642	-0,031341288	-0,026757015	-0,03257221
41883	101,80664	-66,992867	-67,104355	-0,22366047	-0,030716285	-0,026087735	-0,031894442
41883	102,30664	-65,04287	-64,978683	-0,21964014	-0,029917073	-0,025371393	-0,031061986
41883	102,80664	-63,092869	-62,942005	-0,21419823	-0,029138975	-0,02462022	-0,030141305
41883	103,30664	-61,142868	-61,254738	-0,21036565	-0,028515778	-0,024071392	-0,029526103
41883	103,80664	-59,192867	-59,093067	-0,20561516	-0,02772405	-0,023424391	-0,028627297
41883	104,30664	-57,24287	-57,065838	-0,20062625	-0,026922822	-0,022599416	-0,027711505
41883	104,80664	-55,29287	-55,360413	-0,19688606	-0,026397362	-0,022071965	-0,027070487
41883	105,30664	-53,342869	-53,311028	-0,19162297	-0,025521442	-0,021317659	-0,026217889
41883	105,80664	-51,392868	-51,230911	-0,18677115	-0,024766639	-0,020727247	-0,025325626
41883	106,30664	-49,442867	-49,416641	-0,18196404	-0,024055392	-0,020036461	-0,024579253
41883	106,80664	-47,49287	-47,501328	-0,17744601	-0,023283236	-0,019233186	-0,023765424
41883	107,30664	-45,54287	-45,40155	-0,17182231	-0,02251979	-0,01858367	-0,022822823
41883	107,80664	-43,592869	-43,560757	-0,16749799	-0,021763824	-0,017880272	-0,022141777
41883	108,30664	-41,642868	-41,717987	-0,162673	-0,021060161	-0,017324738	-0,021297518
41883	108,80664	-39,692867	-39,541458	-0,15650094	-0,020191409	-0,016532386	-0,020292349
41883	109,30664	-37,742867	-37,672127	-0,15308857	-0,019397423	-0,015880061	-0,019567683
41883	109,80664	-35,79287	-35,839035	-0,14637709	-0,018771455	-0,015298889	-0,018745258
41883	110,30664	-33,842869	-33,725414	-0,14113784	-0,017881282	-0,014466184	-0,017821208
41883	110,80664	-31,892868	-31,793669	-0,13616383	-0,017068319	-0,013804281	-0,017079618
41883	111,30664	-29,942867	-30,033318	-0,13044178	-0,016425356	-0,013137606	-0,016237963
41883	111,80664	-27,992868	-27,91992	-0,12516081	-0,015535787	-0,012475061	-0,015284891
41883	112,30664	-26,042868	-25,942932	-0,11947155	-0,014782839	-0,011788731	-0,01450186
41883	112,80664	-24,092869	-24,148191	-0,11332929	-0,013920054	-0,011076218	-0,013663458
41883	113,30664	-22,142868	-22,162407	-0,10772645	-0,013083637	-0,01041245	-0,012770521
41883	113,80664	-20,192867	-20,08143	-0,10228455	-0,012256958	-0,0096177543	-0,011828959
41883	114,30664	-18,242868	-18,286423	-0,095689297	-0,011446543	-0,0090211304	-0,011128023
41883	114,80664	-16,292868	-16,318926	-0,090447068	-0,010576293	-0,0084193973	-0,010197243
41883	115,30664	-14,342868	-14,257138	-0,083640218	-0,0096860752	-0,0075579747	-0,0092237182
41883	115,80664	-12,392868	-12,343479	-0,076767802	-0,0088167787	-0,0068043806	-0,0083949994
41883	116,30664	-10,442867	-10,54903	-0,070104003	-0,007894434	-0,0062157558	-0,007646095
41883	116,80664	-8,4928675	-8,4044847	-0,061392784	-0,006925039	-0,005522653	-0,0067178216
41883	117,30664	-6,5428677	-6,4862781	-0,052759051	-0,0059916079	-0,0048862905	-0,0058246944
41883	117,80664	-4,5928674	-4,7466307	-0,042971969	-0,0050942674	-0,0042286334	-0,0051541105
41883	118,30664	-5,195262	-4,6969094	-0,041654706	-0,0049249902	-0,0041573462	-0,0049744342
41883	118,80664	-7,1452618	-6,7838302	-0,050327182	-0,0057456568	-0,0046291016	-0,0055809282
41883	119,30664	-9,0952616	-9,0320292	-0,058937073	-0,0067360178	-0,0053431434	-0,0064299367
41883	119,80664	-11,045262	-10,914794	-0,064578652	-0,0074865222	-0,00595462	-0,0070467051
41883	120,30664	-12,995262	-12,791394	-0,071522593	-0,0082063749	-0,0065292846	-0,0077377036
41883	120,80664	-14,945262	-14,927726	-0,077643991	-0,0089848116	-0,0072592478	-0,0085351933
41883	121,30664	-16,895262	-16,947847	-0,083124638	-0,0097420141	-0,0079483604	-0,0093523469
41883	121,80664	-18,845263	-18,735416	-0,090587139	-0,010365762	-0,0085116997	-0,0099867098
41883	122,30664	-20,795261	-20,781536	-0,096642971	-0,011152565	-0,0092603005	-0,010762876
41883	122,80664	-22,745262	-22,876221	-0,10066926	-0,01191619	-0,0099305529	-0,011582974
41883	123,30664	-24,695263	-24,642477	-0,10634065	-0,012633651	-0,010576514	-0,012211798
41883	123,80664	-26,645262	-26,621841	-0,11246502	-0,013319135	-0,01137004	-0,013043286
41883	124,30664	-28,595263	-28,758512	-0,11768937	-0,014164299	-0,011988401	-0,0138698
41883	124,80664	-30,545263	-30,54508	-0,12256801	-0,014789544	-0,012639445	-0,01453181
41883	125,30664	-32,495262	-32,414722	-0,12763441	-0,015444085	-0,013313358	-0,015260734
41883	125,80664	-34,445263	-34,562195	-0,1329571	-0,016320877	-0,014069213	-0,016136345
41883	126,30664	-36,395264	-36,446922	-0,13785362	-0,01691974	-0,01469486	-0,016838204
41883	126,80664	-38,345264	-38,279694	-0,14357269	-0,017584495	-0,015317597	-0,017501634
41883	127,30664	-40,295261	-40,415092	-0,14861226	-0,018400043	-0,01616657	-0,018474929
41883	127,80664	-42,245262	-42,351116	-0,15280843	-0,01913552	-0,016871676	-0,019154642
41883	128,30664	-44,195263	-44,159355	-0,15817881	-0,019833729	-0,017528294	-0,019871717
41883	128,80664	-46,145264	-46,210331	-0,16164184	-0,020583525	-0,018193999	-0,020691033
41883	129,30664	-48,095264	-48,233028	-0,16725063	-0,021207318	-0,018966673	-0,021564823
41883	129,80664	-50,045261	-50,027477	-0,17230809	-0,021986246	-0,019611862	-0,022204282
41883	130,30664	-51,995262	-51,997055	-0,17645061	-0,022647493	-0,020224122	-0,023052454
41883	130,80664	-53,945263	-54,100674	-0,18199086	-0,02339562	-0,021035325	-0,023954611
41883	131,30664	-55,895264	-55,92688	-0,18538833	-0,024146281	-0,021749862	-0,024622431
41883	131,80664	-57,845264	-57,790371	-0,1898706	-0,024816103	-0,02234886	-0,025354536
41883	132,30664	-59,795261	-59,979523	-0,19390285	-0,025582939	-0,023116428	-0,02631955
41883	132,80664	-61,745262	-61,81081	-0,20029545	-0,026216254	-0,023775887	-0,027013013
41883	133,30664	-63,695263	-63,61969	-0,20437241	-0,026950344	-0,024438646	-0,02771089
41883	133,80664	-65,645264	-65,760414	-0,20851493	-0,02768144	-0,025242515	-0,028568985
41883	134,30664	-67,595261	-67,673584	-0,21385849	-0,028384514	-0,025837343	-0,029359512
41883	134,80664	-69,545265	-69,486099	-0,2176404	-0,029081386	-0,026559254	-0,030019645
41883	135,30664	-71,495262	-71,548233	-0,22194982	-0,02977556	-0,027202174	-0,030919787
41883	135,80664	-73,445267	-73,526657	-0,22700727	-0,030541185	-0,028031131	-0,031672332
41883	136,30664	-75,395264	-75,354118	-0,23086667	-0,031212721	-0,028563498	-0,032409616
41883	136,80664	-77,345261	-77,335991	-0,23447573	-0,031859096	-0,029269414	-0,033250954
41883	137,30664	-79,295265	-79,406807	-0,23944974	-0,032622918	-0,030142004	-0,034059815
41883	137,80664	-81,245262	-81,245438	-0,24465024	-0,033323206	-0,030671084	-0,034818824
41883	138,30664	-83,195267	-83,202293	-0,24870634	-0,034080602	-0,03144148	-0,03563609
41883	138,80664	-85,145264	-85,259094	-0,25194287	-0,03480731	-0,032147583	-0,036368757
41883	139,30664	-87,095261	-87,132484	-0,25701523	-0,035390083	-0,032793526	-0,037136666
41883	139,80664	-89,045265	-88,980461	-0,26155412	-0,036055382	-0,033528283	-0,037939247
41883	140,30664	-90,995262	-91,085838	-0,26600361	-0,03687194	-0,034203287	-0,038811989
41883	140,80664	-92,945267	-93,009422	-0,26951432	-0,037602007	-0,034921765	-0,039517105
41883	141,30664	-94,895264	-94,850784	-0,2737999	-0,03820375	-0,03560134	-0,04026635
41883	141,80664	-96,845261	-96,934837	-0,27784407	-0,038960069	-0,036337119	-0,041094165
41883	142,30664	-98,795265	-98,87043	-0,28155148	-0,039631139	-0,037023563	-0,041864991
41883	142,80664	-100,74526	-100,72993	-0,28686523	-0,040327236	-0,037611287	-0,042585738
41883	143,30664	-102,69527	-102,703	-0,28961897	-0,041043554	-0,038469266	-0,043430552
41883	143,80664	-104,64526	-104,75124	-0,29533803	-0,041693382	-0,039189529	-0,044159543
41883	144,30664	-106,59526	-106,61172	-0,29832423	-0,042445891	-0,039809216	-0,04497027
41883	144,80664	-108,54527	-108,49849	-0,30266941	-0,043162607	-0,04053802	-0,045737311
41883	145,30664	-110,49526	-110,62195	-0,30863583	-0,043887764	-0,041299049	-0,046577625
41883	145,80664	-112,44527	-112,4662	-0,31164885	-0,044562388	-0,041971382	-0,047328588
41883	146,30664	-114,39526	-114,35606	-0,31432509	-0,045249183	-0,04263673	-0,048077568
41883	146,80664	-116,34527	-116,40413	-0,31905174	-0,045990173	-0,043430731	-0,048775196
41883	147,30664	-118,29527	-118,34002	-0,32348037	-0,046612479	-0,044206783	-0,049659342
41883	147,80664	-120,24526	-120,21009	-0,32798052	-0,04733957	-0,044890676	-0,050329909
41883	148,30664	-122,19527	-122,23695	-0,33155978	-0,04807277	-0,045623921	-0,05114384
41883	148,80664	-124,14526	-124,2082	-0,33532381	-0,04875445	-0,046270784	-0,051954307
41883	149,30664	-126,09527	-126,05128	-0,33873022	-0,049402326	-0,04700508	-0,052684985
41883	149,80664	-128,04526	-128,09966	-0,34337342	-0,050117809	-0,047884785	-0,053419806
41883	150,30664	-129,99527	-130,08192	-0,34683645	-0,050892297	-0,0484626	-0,054295212
41883	150,80664	-131,94527	-131,91585	-0,35144389	-0,051548056	-0,049217984	-0,054946862
41883	151,30664	-133,89526	-133,89206	-0,35450161	-0,052316464	-0,049920045	-0,055782154
41883	151,80664	-135,84526	-135,96353	-0,35925806	-0,053064287	-0,05078366	-0,056547724
41883	152,30664	-137,79526	-137,76579	-0,36304295	-0,053651199	-0,051467154	-0,057241499
41883	152,80664	-139,74527	-139,72202	-0,36694705	-0,054415699	-0,052031897	-0,05815056
41883	153,30664	-141,69527	-141,7982	-0,37086904	-0,055103421	-0,05293398	-0,05892913
41883	153,80664	-143,64526	-143,64732	-0,37533343	-0,055838346	-0,05358338	-0,059750069
41883	154,30664	-145,59526	-145,519	-0,37875175	-0,056551211	-0,054429553	-0,060447998
41883	154,80664	-144,47275	-144,74304	-0,37872791	-0,056381255	-0,054155532	-0,060331225
41883	155,30664	-142,52275	-142,68599	-0,37375987	-0,055778205	-0,053644951	-0,05971802
41883	155,80664	-140,57275	-140,53206	-0,37053525	-0,055221479	-0,052897964	-0,058945131
41883	156,30664	-138,62276	-138,7272	-0,36676228	-0,054652035	-0,052277334	-0,0584324
41883	156,80664	-136,67276	-136,76892	-0,36481023	-0,053918451	-0,051710963	-0,057683252
41883	157,30664	-134,72275	-134,72044	-0,3608942	-0,053332295	-0,05098927	-0,057044718
41883	157,80664	-132,77275	-132,75287	-0,35631657	-0,052756041	-0,050451346	-0,056323513
41883	158,30664	-130,82275	-130,95831	-0,35341978	-0,052174218	-0,049910918	-0,055750027
41883	158,80664	-128,87276	-128,84601	-0,3502965	-0,051487956	-0,049110878	-0,054982308
41883	159,30664	-126,92275	-126,84613	-0,34563243	-0,050829168	-0,0484921	-0,054276515
41883	159,80664	-124,97276	-125,05359	-0,34264624	-0,050340176	-0,047814406	-0,053709626
41883	160,30664	-123,02275	-122,99048	-0,34024715	-0,049567092	-0,047245219	-0,052927859
41883	160,80664	-121,07275	-121,02388	-0,33605695	-0,0489778	-0,046497572	-0,052319013
41883	161,30664	-119,12276	-119,18481	-0,3323555	-0,048381936	-0,045845363	-0,051618218
41883	161,80664	-117,17275	-117,15176	-0,32820106	-0,047711823	-0,045178607	-0,050847284
41883	162,30664	-115,22276	-115,12369	-0,32474399	-0,047015276	-0,044563513	-0,05020415
41883	162,80664	-113,27275	-113,32063	-0,32047629	-0,046420649	-0,043893822	-0,049498953
41883	163,30664	-111,32275	-111,35201	-0,31753778	-0,045771938	-0,043223575	-0,048838392
41883	163,80664	-109,37275	-109,27326	-0,31350553	-0,045095347	-0,04243423	-0,048046313
41883	164,30664	-107,42275	-107,46533	-0,30838251	-0,044462424	-0,041839365	-0,047353148
41883	164,80664	-105,47276	-105,51431	-0,30683279	-0,043797508	-0,04117135	-0,046726666
41883	165,30664	-103,52275	-103,41904	-0,30262768	-0,043138683	-0,040488318	-0,045951068
41883	165,80664	-101,57275	-101,55331	-0,29805005	-0,042543579	-0,039760377	-0,04521548
41883	166,30664	-99,622749	-99,676743	-0,29553473	-0,04176959	-0,039123558	-0,044588979
41883	166,80664	-97,672752	-97,583282	-0,2913475	-0,041132417	-0,038512658	-0,043747503
41883	167,30664	-95,722755	-95,661949	-0,28663278	-0,040438544	-0,037775815	-0,043075312
41883	167,80664	-93,772751	-93,818863	-0,28296411	-0,039807726	-0,037163936	-0,04236225
41883	168,30664	-91,822754	-91,789749	-0,27814507	-0,039122902	-0,036457408	-0,041644271
41883	168,80664	-89,872749	-89,79866	-0,27461052	-0,038493026	-0,035767771	-0,040841531
41883	169,30664	-87,922752	-87,969246	-0,27039945	-0,037768971	-0,035200194	-0,040126711
41883	169,80664	-85,972755	-85,977715	-0,26758015	-0,037177343	-0,034459416	-0,03942024
41883	170,30664	-84,022751	-83,898369	-0,26261508	-0,036462229	-0,033759568	-0,03860639
41883	170,80664	-82,072754	-82,1521	-0,25878847	-0,035806451	-0,033103276	-0,037930436
41883	171,30664	-80,122749	-80,124733	-0,25467873	-0,03507245	-0,032473426	-0,037097126
41883	171,80664	-78,172752	-78,054024	-0,24991632	-0,034288969	-0,031707097	-0,036349509
41883	172,30664	-76,222755	-76,312103	-0,24601817	-0,033740684	-0,031017944	-0,035702743
41883	172,80664	-74,272751	-74,2882	-0,24163127	-0,032988701	-0,03034064	-0,034826193
41883	173,30664	-72,322754	-72,209984	-0,23781061	-0,032232188	-0,029623266	-0,03397315
41883	173,80664	-70,372749	-70,357658	-0,23347139	-0,031642683	-0,029090777	-0,033293966
41883	174,30664	-68,422752	-68,505035	-0,22844076	-0,030940048	-0,028416123	-0,032529373
41883	174,80664	-66,472755	-66,366882	-0,22517145	-0,030223891	-0,027595924	-0,031583067
41883	175,30664	-64,522751	-64,486427	-0,21966994	-0,029477339	-0,026915137	-0,030912492
41883	175,80664	-62,57275	-62,686729	-0,215289	-0,028816115	-0,026286433	-0,030088158
41883	176,30664	-60,622753	-60,575542	-0,21125972	-0,028073229	-0,025603976	-0,029149454
41883	176,80664	-58,672752	-58,633785	-0,20603836	-0,027361743	-0,025003552	-0,028475666
41883	177,30664	-56,722752	-56,774094	-0,20158887	-0,026625916	-0,024204815	-0,027633514
41883	177,80664	-54,772751	-54,743507	-0,19726157	-0,025824837	-0,023552185	-0,02682288
41883	178,30664	-52,82275	-52,719242	-0,19215643	-0,025126696	-0,022722077	-0,025975585
41883	178,80664	-50,872753	-50,945641	-0,18774569	-0,024351485	-0,022196088	-0,025192879
41883	179,30664	-48,922752	-48,984798	-0,18191636	-0,02368249	-0,021518871	-0,024417786
41883	179,80664	-46,972752	-46,879597	-0,17836988	-0,022822164	-0,020698469	-0,023552567
41883	180,30664	-45,022751	-45,019291	-0,17314553	-0,022151835	-0,02002429	-0,02270958
41883	180,80664	-43,07275	-43,154659	-0,16753376	-0,021374263	-0,019346828	-0,021987163
41883	181,30664	-41,122753	-41,010422	-0,1624763	-0,020553239	-0,018600941	-0,020987103
41883	181,80664	-39,172752	-39,150284	-0,15726388	-0,019833788	-0,017967019	-0,020223251
41883	182,30664	-37,222752	-37,270203	-0,15280545	-0,019096896	-0,017171087	-0,019399475
41883	182,80664	-35,272751	-35,233105	-0,14696717	-0,018277779	-0,016463781	-0,018628556
41883	183,30664	-33,32275	-33,259354	-0,14163852	-0,01746697	-0,015703769	-0,017735567
41883	183,80664	-31,372751	-31,49128	-0,13731718	-0,016815908	-0,015083387	-0,016899973
41883	184,30664	-29,42275	-29,417439	-0,13180375	-0,016000785	-0,014359802	-0,016102875
41883	184,80664	-27,472752	-27,380932	-0,12634993	-0,015095636	-0,013569374	-0,015146016
41883	185,30664	-25,522751	-25,610489	-0,11992455	-0,014380865	-0,012914838	-0,014466811
41883	185,80664	-23,57275	-23,573856	-0,11492968	-0,01353319	-0,01209194	-0,013531446
41883	186,30664	-21,622751	-21,516401	-0,10803342	-0,012721203	-0,01139318	-0,012586927
41883	186,80664	-19,67275	-19,72711	-0,10142028	-0,011899546	-0,010799149	-0,011807412
41883	187,30664	-17,722752	-17,766268	-0,095537305	-0,011051632	-0,0098569319	-0,01091975
41883	187,80664	-15,772751	-15,741875	-0,089070201	-0,010250971	-0,0091485139	-0,010072038
41883	188,30664	-13,822751	-13,878119	-0,083419681	-0,0094264001	-0,0084870439	-0,0092191119
41883	188,80664	-11,87275	-11,93886	-0,076115131	-0,0085409656	-0,0077478378	-0,0084218793
41883	189,30664	-9,9227505	-9,8371801	-0,068965554	-0,0075940341	-0,0068565318	-0,0075050294
41883	189,80664	-7,9727507	-7,9464207	-0,061374903	-0,0067289621	-0,0061998139	-0,0067504961
41883	190,30664	-6,0227504	-6,1474552	-0,051876903	-0,0057744756	-0,005603753	-0,006052088
41883	190,80664	-4,0727506	-4,0504746	-0,041460991	-0,0048025548	-0,0047365059	-0,0051119104
41883	191,30664	-3,927	-3,7408304	-0,039941072	-0,0045652166	-0,0044968543	-0,0049549155
41883	191,80664	-3,927	-3,9119105	-0,039616227	-0,0045642927	-0,0046445192	-0,0049250573
41883	192,30664	-3,927	-3,8800688	-0,039166212	-0,0044852421	-0,004427636	-0,0048089791
41883	192,80664	-3,927	-3,942456	-0,039467216	-0,0044819564	-0,0045070439	-0,0049011018
41883	193,30664	-3,927	-4,00842	-0,039771199	-0,0044693425	-0,0044612745	-0,0048761535
41883	193,80664	-3,927	-4,0090141	-0,040301681	-0,0044695288	-0,0044870903	-0,004862804
41883	194,30664	-3,927	-3,8855803	-0,038418174	-0,0043871775	-0,0044702003	-0,0047215521
41883	194,80664	-3,927	-3,8751607	-0,039559603	-0,004358314	-0,0042682751	-0,0047528297
41883	195,30664	-3,927	-3,8053803	-0,037768483	-0,0042809024	-0,0044546262	-0,0047214627
41883	195,80664	-3,927	-3,737267	-0,038263202	-0,0042267442	-0,0043046004	-0,004610002
41883	196,30664	-3,927	-3,8639083	-0,038412213	-0,0042677745	-0,0043265675	-0,0047619976
41883	196,80664	-3,927	-3,9000418	-0,039616227	-0,0042776614	-0,00441238	-0,0046581086
41883	197,30664	-3,927	-3,8249121	-0,038397312	-0,0042068735	-0,0042503052	-0,0046967212
41883	197,80664	-3,927	-3,8643758	-0,038132071	-0,0042472631	-0,0042783143	-0,004625449
41883	198,30664	-3,927	-3,95016	-0,038403273	-0,0042841956	-0,004279417	-0,0046636146
41883	198,80664	-3,927	-3,8438923	-0,038382411	-0,0041855201	-0,0043603177	-0,0046877321
41883	199,30664	-3,927	-3,8632712	-0,037878752	-0,0042205676	-0,0042677601	-0,0045754537
41883	199,80664	-3,927	-3,992321	-0,038769841	-0,0042866319	-0,0043783044	-0,0046852212
41883	200,30664	-3,927	-3,8975422	-0,03875792	-0,0042352229	-0,0043654153	-0,0045467466
41883	200,80664	-3,927	-3,8998816	-0,037735701	-0,0041734725	-0,0042603537	-0,0046368763
41883	201,30664	-3,927	-3,9528329	-0,038567185	-0,0042196363	-0,0044530705	-0,004672097
41883	201,80664	-3,927	-3,9243698	-0,038298965	-0,0041164011	-0,0042699371	-0,004525274
41883	202,30664	-3,927	-3,8556848	-0,03823936	-0,0040644333	-0,0043071844	-0,0046234522
41883	202,80664	-3,927	-3,9638896	-0,038838387	-0,0041393936	-0,0043147136	-0,0045900736
41883	203,30664	-3,927	-3,9973016	-0,038313866	-0,0041361079	-0,0042591989	-0,0045808014
41883	203,80664	-3,927	-3,8614385	-0,038132071	-0,0041406229	-0,0041838195	-0,0045276843
41883	204,30664	-3,927	-3,8949008	-0,038954616	-0,0040147379	-0,0041812728	-0,0045065749
41883	204,80664	-3,927	-4,0286183	-0,038763881	-0,0041438043	-0,0042302436	-0,0046120174
41883	205,30664	-3,927	-3,8976221	-0,039160252	-0,004107289	-0,0042931759	-0,0045137294
41883	205,80664	-3,927	-3,8937573	-0,038674474	-0,0041275173	-0,0042230468	-0,0045303404
41883	206,30664	-3,927	-4,0127654	-0,037679076	-0,0041170418	-0,0043084691	-0,0045729727
41883	206,80664	-3,927	-3,9044673	-0,037270784	-0,0040412918	-0,0042086537	-0,0044633057
41883	207,30664	-3,927	-3,8672817	-0,039103627	-0,0040565133	-0,0041946452	-0,0045411065
41883	207,80664	-3,927	-3,9712172	-0,039049983	-0,0040833429	-0,0042970283	-0,0045714471
41883	208,30664	-3,927	-3,9121361	-0,037810206	-0,0040381998	-0,004212541	-0,0044984072
41883	208,80664	-3,927	-3,8814042	-0,037914515	-0,0040245876	-0,0042240564	-0,0045437682
41883	209,30664	-3,927	-3,9707441	-0,03798604	-0,00404533	-0,0041147391	-0,0045196749
41883	209,80664	-3,927	-3,9753578	-0,038352609	-0,0041101351	-0,0042864666	-0,0045212191
41883	210,30664	-3,927	-3,8740878	-0,037819147	-0,0039744601	-0,0041370485	-0,0044711567
41883	210,80664	-3,927	-3,8998499	-0,038287044	-0,0039510727	-0,0040898197	-0,0044618715
41883	211,30664	-3,927	-4,017817	-0,038215518	-0,0040437654	-0,0042302972	-0,0045585856
41883	211,80664	-3,927	-3,8515182	-0,038161874	-0,0039941892	-0,0041319435	-0,0043650363
41883	212,30664	-3,927	-3,9016752	-0,038826466	-0,004071191	-0,004146195	-0,0044888351
41883	212,80664	-3,927	-3,9881673	-0,038298965	-0,0039942861	-0,0041052429	-0,0045169611
41883	213,30664	-3,927	-3,902426	-0,037425756	-0,003962785	-0,0041394858	-0,0043649282
41883	213,80664	-3,927	-3,8583224	-0,037500262	-0,0039980263	-0,004163085	-0,0044099167
41883	214,30664	-3,927	-3,9398298	-0,038537383	-0,0039959848	-0,0041142409	-0,0044055395
41883	214,80664	-3,927	-3,9111469	-0,037720799	-0,004002139	-0,004133739	-0,0044556335
41883	215,30664	-3,927	-3,8378258	-0,037834048	-0,003923811	-0,0041580265	-0,0043608751
41883	215,80664	-3,927	-3,9477479	-0,037372112	-0,0040154308	-0,0041120322	-0,0044501256
41883	216,30664	-3,927	-3,9191637	-0,037944317	-0,0038820952	-0,0041308948	-0,0044242777
41883	216,80664	-3,927	-3,8473904	-0,037589669	-0,0039343461	-0,0040542549	-0,0044005401
41883	217,30664	-3,927	-3,8814936	-0,03849566	-0,0039330423	-0,0041241925	-0,0043913834
41883	217,80664	-3,927	-3,9855838	-0,037631392	-0,0039223805	-0,0041594375	-0,0045011621
41883	218,30664	-3,927	-3,8274136	-0,038045645	-0,003827177	-0,004125786	-0,004395349
41883	218,80664	-3,927	-3,9277375	-0,037872791	-0,0039484054	-0,0041423785	-0,0044748113
41883	219,30664	-3,927	-3,9987712	-0,038123131	-0,0039185807	-0,0041025416	-0,0044012032
41883	219,80664	-3,927	-3,8806741	-0,038021803	-0,0039422438	-0,0041726371	-0,0043802448
41883	220,30664	-3,927	-3,8758461	-0,036841631	-0,0039104745	-0,0042237197	-0,0043887831
41883	220,80664	-3,927	-3,9686112	-0,036302209	-0,0038970038	-0,0040253848	-0,0044025946
41883	221,30664	-5,7018046	-5,4566674	-0,043413043	-0,0045463368	-0,004647979	-0,0049951896
41883	221,80664	-7,6518049	-6,6514926	-0,048169494	-0,0050693899	-0,0049249097	-0,0053026248
41883	222,30664	-9,6018047	-9,7625828	-0,059747696	-0,0063196123	-0,00595523	-0,0064227004
41883	222,80664	-11,551805	-11,745171	-0,066748261	-0,0070885643	-0,0066112992	-0,0071424674
41883	223,30664	-13,501805	-13,524386	-0,073769689	-0,0077677071	-0,0072271968	-0,00772807
41883	223,80664	-15,451805	-15,584297	-0,080212951	-0,0085321367	-0,0080097616	-0,0085705742
41883	224,30664	-17,401806	-17,557259	-0,085836649	-0,0093410015	-0,0085951248	-0,0093163401
41883	224,80664	-19,351805	-19,364899	-0,091719627	-0,010071613	-0,0093031842	-0,0099248979
41883	225,30664	-21,301805	-21,349339	-0,097319484	-0,010794491	-0,0099265575	-0,010806238
41883	225,80664	-23,251804	-23,377817	-0,10191202	-0,011500351	-0,010780447	-0,011526266
41883	226,30664	-25,201805	-25,217978	-0,1077503	-0,012226723	-0,011333889	-0,012277381
41883	226,80664	-27,151806	-27,165764	-0,11229515	-0,012877695	-0,012077222	-0,013025975
41883	227,30664	-29,101805	-29,186823	-0,11916161	-0,013687126	-0,012822225	-0,013826158
41883	227,80664	-31,051805	-31,098961	-0,12403429	-0,01442045	-0,013453503	-0,014574606
41883	228,30664	-33,001804	-32,9356	-0,1287967	-0,01515092	-0,014172183	-0,015403789
41883	228,80664	-34,951805	-35,00005	-0,13410151	-0,015922882	-0,015000375	-0,016159113
41883	229,30664	-36,901806	-36,965252	-0,13955534	-0,016639799	-0,015554666	-0,01699567
41883	229,80664	-38,851807	-38,820515	-0,14354289	-0,017355502	-0,016318509	-0,017759528
41883	230,30664	-40,801807	-40,848042	-0,14889836	-0,018116079	-0,016956622	-0,018558873
41883	230,80664	-42,751804	-42,834576	-0,15410781	-0,018847726	-0,017772427	-0,019364512
41883	231,30664	-44,701805	-44,71431	-0,15812814	-0,0194747	-0,018408358	-0,020129275
41883	231,80664	-46,651806	-46,643925	-0,16335249	-0,020239264	-0,019049378	-0,02088438
41883	232,30664	-48,601807	-48,716465	-0,1683861	-0,020982444	-0,019879587	-0,021737805
41883	232,80664	-50,551807	-50,579002	-0,17351508	-0,021725118	-0,020542907	-0,022524998
41883	233,30664	-52,501804	-52,482914	-0,17727315	-0,022390425	-0,021238148	-0,023303978
41883	233,80664	-54,451805	-54,576477	-0,18185079	-0,023135953	-0,021970129	-0,024108198
41883	234,30664	-56,401806	-56,491905	-0,18694699	-0,023884639	-0,022719095	-0,024983395
41883	234,80664	-58,351807	-58,282013	-0,19242764	-0,024566308	-0,023326907	-0,025680549
41883	235,30664	-60,301807	-60,389683	-0,19633174	-0,025306843	-0,024099458	-0,026508525
41883	235,80664	-62,251804	-62,320408	-0,20156801	-0,026093274	-0,024817619	-0,027286729
41883	236,30664	-64,201805	-64,153664	-0,20566583	-0,026681051	-0,025481967	-0,028007504
41883	236,80664	-66,15181	-66,234566	-0,20938516	-0,027472414	-0,026302503	-0,028984096
41883	237,30664	-68,101807	-68,189804	-0,21478534	-0,028242689	-0,026967075	-0,029662056
41883	237,80664	-70,051804	-70,049492	-0,21861196	-0,028858636	-0,027583279	-0,030440208
41883	238,30664	-72,001808	-72,027351	-0,2240628	-0,029656131	-0,028404603	-0,031307295
41883	238,80664	-73,951805	-74,069702	-0,22824705	-0,030347489	-0,029066693	-0,032131836
41883	239,30664	-75,90181	-75,956581	-0,23300052	-0,031074621	-0,029782381	-0,032846093
41883	239,80664	-77,851807	-77,849693	-0,23674071	-0,031717129	-0,030493641	-0,033701487
41883	240,30664	-79,801804	-79,924583	-0,24183393	-0,032520141	-0,031212615	-0,034467682
41883	240,80664	-81,751808	-81,831551	-0,24546683	-0,033214781	-0,031975951	-0,035228439
41883	241,30664	-83,701805	-83,710434	-0,24964809	-0,033858143	-0,03259249	-0,036032051
41883	241,80664	-85,65181	-85,762978	-0,25371611	-0,034682445	-0,033345602	-0,036866851
41883	242,30664	-87,601807	-87,735374	-0,25960803	-0,035413995	-0,034023456	-0,03764531
41883	242,80664	-89,551804	-89,535568	-0,26270747	-0,036043935	-0,034813393	-0,038347371
41883	243,30664	-91,501808	-91,514488	-0,26730299	-0,036791164	-0,035490442	-0,039128937
41883	243,80664	-93,451805	-93,598404	-0,27235448	-0,037557289	-0,036253661	-0,040030368
41883	244,30664	-95,40181	-95,425369	-0,27681887	-0,038255099	-0,036947541	-0,040726624
41883	244,80664	-97,351807	-97,343872	-0,27882457	-0,038847033	-0,037557639	-0,041522924
41883	245,30664	-99,301804	-99,446762	-0,28511286	-0,03965712	-0,038457163	-0,042397171
41883	245,80664	-101,25181	-101,27298	-0,28889775	-0,040299613	-0,039002482	-0,043043293
41883	246,30664	-103,20181	-103,19527	-0,29266775	-0,040996451	-0,039718993	-0,043870911
41883	246,80664	-105,15181	-105,28268	-0,29751956	-0,041795589	-0,040583279	-0,044725694
41883	247,30664	-107,10181	-107,16776	-0,30112267	-0,042427391	-0,04109541	-0,045466594
41883	247,80664	-109,0518	-109,03668	-0,30483007	-0,043107532	-0,041880749	-0,046244785
41883	248,30664	-111,00181	-111,05456	-0,30839741	-0,043788347	-0,042669337	-0,046996254
41883	248,80664	-112,95181	-113,04996	-0,31379759	-0,044542037	-0,043329146	-0,047871053
41883	249,30664	-114,90181	-114,91312	-0,31633079	-0,045247465	-0,044020206	-0,048542641
41883	249,80664	-116,85181	-116,86183	-0,32087266	-0,04591731	-0,044654228	-0,049267467
41883	250,30664	-118,80181	-118,92809	-0,3256917	-0,046723776	-0,045570888	-0,050165422
41883	250,80664	-120,75181	-120,74265	-0,3297925	-0,047387153	-0,046287905	-0,050862692
41883	251,30664	-122,70181	-122,69091	-0,33273101	-0,048031893	-0,046964437	-0,051603839
41883	251,80664	-124,65181	-124,77475	-0,3377974	-0,048798461	-0,04774718	-0,052420001
41883	252,30664	-126,60181	-126,56745	-0,34184754	-0,049434572	-0,048406519	-0,053113557
41883	252,80664	-128,5518	-128,56978	-0,34433901	-0,050155409	-0,049126945	-0,053989023
41883	253,30664	-130,5018	-130,63179	-0,35010874	-0,05087452	-0,049938519	-0,054736864
41883	253,80664	-132,45181	-132,49026	-0,35372078	-0,051607136	-0,050519936	-0,055538766
41883	254,30664	-134,40181	-134,34363	-0,35715997	-0,052258022	-0,051311817	-0,056230064
41883	254,80664	-136,35181	-136,45865	-0,36089122	-0,052940812	-0,05206259	-0,057063509
41883	255,30664	-138,3018	-138,35718	-0,36484003	-0,053695776	-0,052719407	-0,057867408
41883	255,80664	-140,2518	-140,20471	-0,36788583	-0,054327857	-0,053489491	-0,058583707
41883	256,30664	-142,20181	-142,28906	-0,37155747	-0,055109859	-0,054161444	-0,059401333
41883	256,80664	-144,15181	-144,18971	-0,37532747	-0,055817738	-0,055123229	-0,060139246
41883	257,30664	-146	-145,99449	-0,37975907	-0,056446768	-0,055677142	-0,060824402
41883	257,80664	-146	-146,14615	-0,38113892	-0,056603439	-0,055902835	-0,061084032
41883	258,30664	-146	-146,11621	-0,38082898	-0,056685764	-0,055880096	-0,061098948
41883	258,80664	-146	-145,96782	-0,38112402	-0,056692608	-0,055837616	-0,061122689
41883	259,30664	-146	-146,05412	-0,38223267	-0,056765143	-0,055954378	-0,061218448
41883	259,80664	-146	-146,06416	-0,38245618	-0,056853902	-0,055989619	-0,061244279
41883	260,30664	-146	-145,96494	-0,38147271	-0,056812223	-0,056027737	-0,061254993
41883	260,80664	-146	-145,9874	-0,38126111	-0,056933962	-0,056036964	-0,061344389
41883	261,30664	-146	-146,09483	-0,38204789	-0,056944918	-0,056139164	-0,061338816
41883	261,80664	-146	-145,97386	-0,38197637	-0,057015043	-0,056136053	-0,061387591
41883	262,30664	-146	-145,95114	-0,38147271	-0,056967892	-0,056120921	-0,061436221
41883	262,80664	-146	-146,09402	-0,38197637	-0,057025868	-0,056141272	-0,061425015
41883	263,30664	-146	-145,98093	-0,38313568	-0,057095729	-0,056220148	-0,061494432
41883	263,80664	-146	-145,9097	-0,38229227	-0,057035491	-0,056193694	-0,061479405
41883	264,30664	-146	-146,09734	-0,38268566	-0,057144687	-0,056338076	-0,061619554
41883	264,80664	-146	-146,01717	-0,38258731	-0,05714057	-0,056301724	-0,061593398
41883	265,30664	-146	-145,90959	-0,38280785	-0,057091609	-0,0562892	-0,061551541
41883	265,80664	-146	-146,06288	-0,38241148	-0,057208721	-0,056362759	-0,061700601
41883	266,30664	-146	-146,00217	-0,38292706	-0,05719788	-0,056287773	-0,061700724
41883	266,80664	-146	-145,9248	-0,3826648	-0,057143737	-0,056469277	-0,061631694
41883	267,30664	-146	-145,97876	-0,38283467	-0,057250492	-0,056439832	-0,061728507
41883	267,80664	-146	-146,07256	-0,38365126	-0,057285748	-0,05647184	-0,06170816
41883	268,30664	-146	-145,96519	-0,3832072	-0,057281144	-0,056349855	-0,061767042
41883	268,80664	-146	-145,97861	-0,3828913	-0,057351824	-0,056530323	-0,061804965
41883	269,30664	-146	-146,11098	-0,3839761	-0,057381731	-0,056593347	-0,061853483
41883	269,80664	-146	-145,96661	-0,38392842	-0,05737545	-0,056502502	-0,061866991
41883	270,30664	-146	-145,93108	-0,38285553	-0,057374887	-0,056564365	-0,061826535
41883	270,80664	-146	-146,09676	-0,38229525	-0,057474598	-0,056635622	-0,061897501
41883	271,30664	-146	-145,98131	-0,38350224	-0,057444021	-0,056605771	-0,061957523
41883	271,80664	-146	-145,92094	-0,38323998	-0,057404343	-0,056547571	-0,061840817
41883	272,30664	-146	-146,10182	-0,38431585	-0,057508342	-0,056647699	-0,061976485
41883	272,80664	-146	-145,98538	-0,38312078	-0,057525247	-0,056756526	-0,061977386
41883	273,30664	-146	-145,93188	-0,38402677	-0,057471678	-0,056607489	-0,061906733
41883	273,80664	-146	-146,04776	-0,3840059	-0,057508431	-0,056682378	-0,06204059
41883	274,30664	-146	-146,02998	-0,38544536	-0,057576805	-0,056688681	-0,061993115
41883	274,80664	-146	-145,90532	-0,38336515	-0,05747946	-0,056655288	-0,061950751
41883	275,30664	-146	-146,06235	-0,38456321	-0,057619985	-0,056759916	-0,062114827
41883	275,80664	-146	-146,04747	-0,3852874	-0,057619773	-0,056747295	-0,062103562
41883	276,30664	-146	-145,92049	-0,38391054	-0,05756294	-0,056717664	-0,062012956
41883	276,80664	-146	-146,02139	-0,38510561	-0,05768019	-0,056802567	-0,062182434
41883	277,30664	-146	-146,06575	-0,38423836	-0,057621751	-0,056826726	-0,062152445
41883	277,80664	-146	-145,95836	-0,38557649	-0,057632726	-0,056842793	-0,062148139
41883	278,30664	-146	-145,99744	-0,38479269	-0,057737119	-0,056794085	-0,062167823
41883	278,80664	-146	-146,0918	-0,38528144	-0,057796981	-0,056972645	-0,062207535
41883	279,30664	-146	-145,95399	-0,38531125	-0,057598513	-0,05674779	-0,062155411
41883	279,80664	-146	-145,95772	-0,38463473	-0,057745006	-0,056884464	-0,062237255
41883	280,30664	-146	-146,08525	-0,38585365	-0,057832092	-0,05697703	-0,062265381
41883	280,80664	-146	-145,97162	-0,38572252	-0,057742264	-0,056887694	-0,062235527
41883	281,30664	-146	-145,95935	-0,38482845	-0,057777084	-0,05697529	-0,062242113
41883	281,80664	-146	-146,07498	-0,38483739	-0,05780543	-0,056956034	-0,062285058
41883	282,30664	-146	-145,99591	-0,38460195	-0,057809334	-0,05697716	-0,062330402
41883	282,80664	-146	-145,92395	-0,38447976	-0,057849064	-0,057067655	-0,062333457
41883	283,30664	-146	-146,05035	-0,38563609	-0,057833459	-0,056917436	-0,062290065
41883	283,80664	-146	-146,00285	-0,38511157	-0,057810597	-0,057077564	-0,06241028
41883	284,30664	-146	-145,9221	-0,38501322	-0,05785843	-0,056967761	-0,062298849
41883	284,80664	-146	-146,05222	-0,38568676	-0,0579281	-0,057083912	-0,062368847
41883	285,30664	-146	-146,0403	-0,38567781	-0,057893526	-0,057063043	-0,062432595
41883	285,80664	-146	-145,92831	-0,38571954	-0,057865538	-0,056905881	-0,062309839
41883	286,30664	-146	-146,04822	-0,38536489	-0,057964992	-0,057079569	-0,062424503
41883	286,80664	-146	-146,07951	-0,38553774	-0,057908442	-0,057070747	-0,062472187
41883	287,30664	-145,90723	-145,93578	-0,38558841	-0,057897106	-0,057119884	-0,062370874
41883	287,80664	-143,40723	-143,51096	-0,38240552	-0,057105739	-0,056274388	-0,061623167
41883	288,30664	-140,90723	-141,07507	-0,37634373	-0,056363944	-0,055397268	-0,060775347
41883	288,80664	-138,40723	-138,48666	-0,37229359	-0,055527814	-0,054582722	-0,059890997
41883	289,30664	-135,90723	-135,88985	-0,36813915	-0,054749034	-0,053780552	-0,058997009
41883	289,80664	-133,40723	-133,52956	-0,36344528	-0,053960063	-0,053015821	-0,058166668
41883	290,30664	-130,90723	-130,93158	-0,35851896	-0,053153191	-0,052103486	-0,057324164
41883	290,80664	-128,40723	-128,36339	-0,35448968	-0,052234825	-0,051175203	-0,056297675
41883	291,30664	-125,90723	-126,02406	-0,3498584	-0,051521976	-0,050471094	-0,055520408
41883	291,80664	-123,40723	-123,40892	-0,34493208	-0,050731	-0,049521178	-0,05455593
41883	292,30664	-120,90723	-120,81811	-0,33965409	-0,049854897	-0,048608709	-0,053605974
41883	292,80664	-118,40723	-118,49014	-0,33549964	-0,049062349	-0,047878589	-0,052809924
41883	293,30664	-115,90723	-115,87341	-0,3300041	-0,048194025	-0,046974741	-0,051807746
41883	293,80664	-113,40723	-113,33914	-0,32622218	-0,047344267	-0,046035003	-0,050970204
41883	294,30664	-110,90723	-110,97978	-0,32199025	-0,046496555	-0,045316249	-0,050055206
41883	294,80664	-108,40723	-108,40921	-0,31485856	-0,045694333	-0,044370268	-0,049187168
41883	295,30664	-105,90723	-105,85785	-0,3121078	-0,044762503	-0,043532263	-0,048227072
41883	295,80664	-103,40723	-103,38232	-0,30610859	-0,043992165	-0,042591926	-0,047270279
41883	296,30664	-100,90723	-100,94427	-0,30094087	-0,043172922	-0,041719824	-0,046398126
41883	296,80664	-98,407227	-98,314117	-0,29639304	-0,042263124	-0,040890437	-0,045369137
41883	297,30664	-95,907227	-95,858391	-0,29118657	-0,04138454	-0,039960451	-0,044439279
41883	297,80664	-93,407227	-93,478905	-0,28634667	-0,040561423	-0,039239332	-0,043583401
41883	298,30664	-90,907227	-90,857292	-0,28048158	-0,039587803	-0,038249176	-0,042529821
41883	298,80664	-88,407227	-88,376442	-0,27663708	-0,038798757	-0,037363298	-0,041557372
41883	299,30664	-85,907227	-85,990921	-0,27082264	-0,038017686	-0,036621541	-0,040712077
41883	299,80664	-83,407227	-83,317932	-0,26544034	-0,037056353	-0,035625815	-0,039583862
41883	300,30664	-80,907227	-80,895508	-0,25970936	-0,036218222	-0,034744941	-0,038757749
41883	300,80664	-78,407227	-78,474525	-0,25501549	-0,03528576	-0,033859406	-0,037720144
41883	301,30664	-75,907227	-75,825714	-0,24929643	-0,034323897	-0,032889288	-0,036633782
41883	301,80664	-73,407227	-73,361221	-0,24390519	-0,033394154	-0,032126766	-0,035690583
41883	302,30664	-70,907227	-71,015709	-0,23799539	-0,032611549	-0,031233197	-0,034693006
41883	302,80664	-68,407227	-68,319489	-0,23239553	-0,03157457	-0,030278444	-0,033600699
41883	303,30664	-65,907227	-65,877266	-0,2268672	-0,030734565	-0,02938135	-0,032611039
41883	303,80664	-63,407227	-63,447079	-0,22131205	-0,029803988	-0,028537199	-0,031547811
41883	304,30664	-60,907227	-60,838192	-0,21490753	-0,028816629	-0,027594551	-0,030530948
41883	304,80664	-58,407227	-58,30954	-0,20922124	-0,027923554	-0,026737258	-0,029478611
41883	305,30664	-55,907227	-55,898193	-0,2043575	-0,027019054	-0,02588423	-0,028389884
41883	305,80664	-53,407227	-53,380722	-0,19761026	-0,026023805	-0,024978844	-0,027383765
41883	306,30664	-50,907227	-50,804794	-0,191769	-0,025060967	-0,024028255	-0,026300311
41883	306,80664	-48,407227	-48,429371	-0,185287	-0,024103567	-0,023016155	-0,025237257
41883	307,30664	-45,907227	-45,895977	-0,17831624	-0,023083284	-0,022252969	-0,024230519
41883	307,80664	-43,407227	-43,320602	-0,17240644	-0,022184707	-0,021360794	-0,023079392
41883	308,30664	-40,907227	-40,904228	-0,1652807	-0,021158829	-0,020283828	-0,022076612
41883	308,80664	-38,407227	-38,434772	-0,15792549	-0,020237811	-0,019470019	-0,021009903
41883	309,30664	-35,907227	-35,768585	-0,15181601	-0,019148506	-0,018372988	-0,019822421
41883	309,80664	-33,407227	-33,385925	-0,14563501	-0,018215872	-0,017523896	-0,018851966
41883	310,30664	-30,907227	-30,98563	-0,1383841	-0,017182358	-0,016560972	-0,017739851
41883	310,80664	-28,407227	-28,293283	-0,1317054	-0,016054943	-0,015585523	-0,016549254
41883	311,30664	-25,907227	-25,84733	-0,1241833	-0,01508791	-0,014670083	-0,015526024
41883	311,80664	-23,407227	-23,463118	-0,11708438	-0,014084414	-0,0137545	-0,014440516
41883	312,30664	-20,907227	-20,792286	-0,10947287	-0,012995146	-0,012673612	-0,013257628
41883	312,80664	-18,407227	-18,348368	-0,10153651	-0,011968352	-0,011788911	-0,012246812
41883	313,30664	-15,907227	-15,975564	-0,093284249	-0,01092618	-0,010661412	-0,01113404
41883	313,80664	-13,407227	-13,359539	-0,084653497	-0,0097575933	-0,0097409831	-0,00998413
41883	314,30664	-10,907227	-10,856184	-0,075879693	-0,0086990446	-0,0086882534	-0,0089600477
41883	314,80664	-8,4072266	-8,4519672	-0,065791607	-0,0075536072	-0,0078060185	-0,0079022236
41883	315,30664	-5,9072266	-5,9425907	-0,054809451	-0,0064137578	-0,0068026902	-0,0068547502
41883	315,80664	-3,4072266	-3,3668261	-0,040468574	-0,005048357	-0,0057491255	-0,0058225393
41883	316,30664	-1	-1,5878975	-0,027626753	-0,0041717514	-0,0050434144	-0,0049663521
41883	316,80664	-1	-1,1927001	-0,023156404	-0,0038995594	-0,0047124103	-0,0048180223
41883	317,30664	-1	-0,54441208	-0,018718839	-0,0036114678	-0,0044799736	-0,0044379551
41883	317,80664	-1	-0,62770957	-0,017660856	-0,003485918	-0,0045429878	-0,0043789521
41883	318,30664	-1	-0,70763564	-0,018295646	-0,0035624653	-0,0043153423	-0,0043841247
41883	318,80664	-1	-0,66420251	-0,017654896	-0,0034575835	-0,004391978	-0,0042352639
41883	319,30664	-1	-0,78230727	-0,01963675	-0,0034424663	-0,0043077739	-0,0043230727
41883	319,80664	0	0,7769894	2,712491	-0,0022192374	-0,003925086	-0,0039178897

Datenerfassung						Zeit:	320,0332	s	01.09.2014 13:30:25
Ch 1 Kraft	Ch 1 W2TK Mittel	1944 A	1944 B	1281068
kN	mm	mm	mm	mm
0,80352277	0,00018613027	0,00032333666	0,085477158	0,037469
-147,20456	1,4942721e-05	-0,056270771	-0,058055308	-0,057245467
