MTS793|MPT|DEU|1|2|,|.|:|49|1|1|A

Bediener Information						Zeit:	20,811523	s	28.01.2015 11:17:28
Datum : 	28.02.2014
Prüfer : 	Kh
Probenbezeichnung :  	Wolf 8.2 Probe 5
Bemerkungen	Kraftgeregelt 3,9 kN/s
Masse :	5349,4
Durchmesser :	98,7
Länge :	299,8
Bediener Information Ende

Datenerfassung						Zeit:	268,87793	s	28.01.2015 11:21:36
Datum	Laufzeit	Ch 1 Kraft Sollwert	Ch 1 Kraft	Ch 1 Weg	1944 B	1281068	2157
d	s	kN	kN	mm	mm	mm	mm
42032	21,321289	-1	-1,0122862	0,99156201	-0,0027055852	0,035080239	0,045732412
42032	21,821289	-1	-1,0441561	0,99078417	-0,0027197562	0,034976758	0,045629945
42032	22,321289	-1	-1,0095463	0,99108517	-0,002679985	0,034937464	0,045663979
42032	22,821289	-1	-0,96186996	0,99084973	-0,0026198216	0,035001457	0,0457187
42032	23,321289	-1	-0,98536539	0,9908855	-0,0027097389	0,034908626	0,045674615
42032	23,821289	-1	-1,0144879	0,99060833	-0,0027535111	0,035056513	0,045747086
42032	24,321289	-1	-1,0258834	0,99132061	-0,002653446	0,034976617	0,045596249
42032	24,821289	-1	-1,0232534	0,9919256	-0,0026188567	0,034953777	0,045616951
42032	25,321289	-1	-1,0178964	0,9912163	-0,0027038977	0,034967668	0,045684613
42032	25,821289	-1	-0,9707678	0,99112391	-0,0026779175	0,034977488	0,04571921
42032	26,321289	-1	-1,0222663	0,99092722	-0,0027018487	0,034977753	0,045710482
42032	26,821289	-1	-1,0347049	0,9911865	-0,0027105324	0,034964763	0,045605373
42032	27,321289	-1	-1,0025017	0,99122524	-0,0026364885	0,034947265	0,04571306
42032	27,821289	-1	-0,93889982	0,99137723	-0,0026454516	0,03499518	0,045691557
42032	28,321289	-1	-0,97638738	0,99149048	-0,0026451759	0,034964856	0,045744397
42032	28,821289	-1	-1,0069572	0,99135339	-0,0026761144	0,035105504	0,045701217
42032	29,321289	-1	-1,0426995	0,99058747	-0,0027727969	0,034968171	0,045572128
42032	29,821289	-1	-1,004627	0,99058747	-0,0027201325	0,034961104	0,045675505
42032	30,321289	-1	-0,98784637	0,99056661	-0,0026968308	0,035011627	0,045670353
42032	30,821289	-1	-0,96136332	0,99151731	-0,0026637502	0,034946825	0,045708027
42032	31,321289	-1	-0,98223239	0,99166036	-0,0026119091	0,035013355	0,045692764
42032	31,821289	-1	-1,0380689	0,99180043	-0,0026938617	0,034959782	0,045617051
42032	32,321289	-1	-1,0427442	0,99098384	-0,0026604608	0,034938667	0,045665458
42032	32,821289	-1	-0,98398888	0,99138618	-0,0026450083	0,035113361	0,045676962
42032	33,321289	-2,4891603	-2,2870247	-0,0092089176	-0,00059036911	-0,00039908316	-0,00027613342
42032	33,821289	-4,4391603	-4,1962266	-0,057181716	-0,001049377	-0,00090267783	-0,001200974
42032	34,321289	-6,3891602	-5,8221164	-0,07442534	-0,0018975921	-0,0010613822	-0,0017950982
42032	34,821289	-8,33916	-8,4841566	-0,089937449	-0,0029497892	-0,0017705011	-0,0028370097
42032	35,321289	-10,289161	-10,318394	-0,099602342	-0,0036907159	-0,0023233434	-0,0034808703
42032	35,821289	-12,239161	-12,31525	-0,1086086	-0,0044690557	-0,0028484368	-0,0042713918
42032	36,321289	-14,18916	-14,309102	-0,11743605	-0,0051842481	-0,0034879842	-0,0050939471
42032	36,821289	-16,13916	-16,309948	-0,12462139	-0,0058749169	-0,0040888325	-0,0058135949
42032	37,321289	-18,089161	-18,282583	-0,13268292	-0,0066697858	-0,0047214972	-0,0065387711
42032	37,821289	-20,03916	-20,276146	-0,13953447	-0,0073663071	-0,0053601675	-0,0073436387
42032	38,321289	-21,989161	-22,169579	-0,14595091	-0,0080634691	-0,0059516565	-0,0081971809
42032	38,821289	-23,939161	-24,047504	-0,15202761	-0,0086672418	-0,0064883917	-0,0089188069
42032	39,321289	-25,88916	-25,947985	-0,15877187	-0,009421587	-0,0071782987	-0,0097589493
42032	39,821289	-27,839161	-27,937437	-0,164482	-0,010098696	-0,0078542251	-0,010494087
42032	40,321289	-29,789162	-29,891342	-0,17061234	-0,010677785	-0,0084403157	-0,011321135
42032	40,821289	-31,739161	-31,844671	-0,17656088	-0,011306841	-0,0092303501	-0,012142405
42032	41,321289	-33,689159	-33,757286	-0,18230379	-0,011997871	-0,0098134698	-0,012975339
42032	41,821289	-35,63916	-35,706776	-0,18780231	-0,012712039	-0,010491381	-0,013808135
42032	42,321289	-37,589161	-37,653389	-0,1930356	-0,013378073	-0,011262513	-0,014600988
42032	42,821289	-39,539162	-39,630257	-0,19882917	-0,014083035	-0,011896807	-0,015349284
42032	43,321289	-41,489162	-41,601345	-0,20396709	-0,014803227	-0,012672861	-0,016172767
42032	43,821289	-43,439159	-43,514637	-0,21000803	-0,015528057	-0,013301153	-0,016959488
42032	44,321289	-45,38916	-45,428829	-0,21499693	-0,016223047	-0,013934844	-0,017802786
42032	44,821289	-47,339161	-47,384827	-0,22013485	-0,016896859	-0,014759813	-0,018625297
42032	45,321289	-49,289162	-49,377937	-0,22590458	-0,017607875	-0,015466567	-0,019539673
42032	45,821289	-51,239162	-51,359459	-0,2309531	-0,018332772	-0,016177302	-0,0202702
42032	46,321289	-53,189163	-53,27327	-0,23605227	-0,019059241	-0,016791904	-0,021111231
42032	46,821289	-55,13916	-55,155392	-0,24104118	-0,019784663	-0,017612172	-0,021849126
42032	47,321289	-57,089161	-57,126945	-0,24693906	-0,020559251	-0,018183643	-0,022754781
42032	47,821289	-59,039162	-59,165756	-0,25184453	-0,02130428	-0,018981922	-0,023649057
42032	48,321289	-60,989162	-61,118568	-0,25669634	-0,02201746	-0,01974722	-0,024445044
42032	48,821289	-62,939163	-63,023491	-0,26161671	-0,022707306	-0,020373829	-0,025188308
42032	49,321289	-64,88916	-64,925339	-0,26651919	-0,0234164	-0,021098785	-0,026041171
42032	49,821289	-66,839165	-66,864906	-0,27167797	-0,024179619	-0,02187931	-0,026852569
42032	50,321289	-68,789162	-68,865379	-0,27709901	-0,024921283	-0,022622013	-0,027690791
42032	50,821289	-70,739159	-70,854057	-0,28215051	-0,025689751	-0,023315161	-0,028495343
42032	51,321289	-72,689163	-72,797272	-0,28707683	-0,026458215	-0,024080426	-0,029448129
42032	51,821289	-74,63916	-74,67688	-0,29210448	-0,02721823	-0,024825737	-0,030269297
42032	52,321289	-76,589165	-76,629242	-0,29630661	-0,027965154	-0,025616171	-0,031042267
42032	52,821289	-78,539162	-78,637314	-0,30174851	-0,028725963	-0,026375746	-0,031886436
42032	53,321289	-80,489159	-80,613785	-0,30679703	-0,029522363	-0,027177315	-0,032783002
42032	53,821289	-82,439163	-82,449799	-0,31135082	-0,030293155	-0,027845573	-0,03353662
42032	54,321289	-84,38916	-84,354332	-0,3154844	-0,030966338	-0,02869173	-0,034291491
42032	54,821289	-86,339165	-86,359344	-0,32078922	-0,031785946	-0,029321767	-0,035197124
42032	55,321289	-88,289162	-88,342194	-0,32651424	-0,032597777	-0,030143948	-0,036104921
42032	55,821289	-90,239159	-90,378853	-0,33109486	-0,03346372	-0,030894933	-0,036962919
42032	56,321289	-92,189163	-92,235306	-0,33533573	-0,034216616	-0,031508043	-0,037809689
42032	56,821289	-94,13916	-94,160126	-0,34046471	-0,034942161	-0,032478817	-0,038685847
42032	57,321289	-96,089165	-96,151787	-0,345698	-0,035746198	-0,033244044	-0,039575234
42032	57,821289	-98,039162	-98,136887	-0,34999251	-0,036580194	-0,034061428	-0,040428288
42032	58,321289	-99,989166	-100,09856	-0,35567582	-0,03731874	-0,034858961	-0,041270565
42032	58,821289	-101,93916	-102,03378	-0,35937428	-0,03817771	-0,035652172	-0,042119529
42032	59,321289	-103,88916	-103,89811	-0,36453307	-0,038900118	-0,03642787	-0,042929977
42032	59,821289	-105,83916	-105,84492	-0,36982298	-0,03971779	-0,037215684	-0,043805048
42032	60,321289	-107,78916	-107,86547	-0,37386119	-0,040495712	-0,038034469	-0,044735439
42032	60,821289	-109,73917	-109,85454	-0,37910938	-0,04131927	-0,038871083	-0,045625556
42032	61,321289	-111,68916	-111,7892	-0,38374364	-0,042159032	-0,039679535	-0,046537444
42032	61,821289	-113,63916	-113,6755	-0,38900375	-0,042974237	-0,04041313	-0,047367286
42032	62,321289	-115,58916	-115,61655	-0,39344728	-0,043804523	-0,041261852	-0,048271138
42032	62,821289	-117,53916	-117,61382	-0,39782524	-0,044598315	-0,042175014	-0,049185559
42032	63,321289	-119,39491	-119,60542	-0,4029274	-0,04545125	-0,042954568	-0,050043225
42032	63,821289	-117,44492	-117,51586	-0,39962232	-0,045001563	-0,042427693	-0,049475826
42032	64,321289	-115,49491	-115,50923	-0,39593279	-0,044399556	-0,041928079	-0,048897531
42032	64,821289	-113,54491	-113,54655	-0,39229095	-0,043901321	-0,041254405	-0,048288904
42032	65,321289	-111,59491	-111,6444	-0,38865507	-0,04328027	-0,040770553	-0,047661196
42032	65,821289	-109,64491	-109,68768	-0,38555562	-0,04274359	-0,040001526	-0,047033407
42032	66,321289	-107,69492	-107,67948	-0,38076043	-0,042164627	-0,039513115	-0,046426099
42032	66,821289	-105,74491	-105,68523	-0,37745833	-0,041539509	-0,038860008	-0,045726739
42032	67,321289	-103,79491	-103,75582	-0,37373006	-0,040866267	-0,038207643	-0,045054875
42032	67,821289	-101,84491	-101,84989	-0,37004352	-0,040329028	-0,037669081	-0,044393189
42032	68,321289	-99,894913	-99,871246	-0,36582351	-0,039701227	-0,037011117	-0,04370299
42032	68,821289	-97,944916	-97,848518	-0,36152899	-0,039011057	-0,036430601	-0,042933136
42032	69,321289	-95,994911	-95,884209	-0,35750866	-0,038423318	-0,035668667	-0,042259511
42032	69,821289	-94,044914	-93,991005	-0,35386682	-0,037798379	-0,035048965	-0,041601297
42032	70,321289	-92,09491	-92,10273	-0,35023391	-0,037200022	-0,034499452	-0,041041851
42032	70,821289	-90,144913	-90,103661	-0,34607351	-0,036514122	-0,033765096	-0,040262867
42032	71,321289	-88,194908	-88,067551	-0,34115613	-0,035853509	-0,033183347	-0,039543841
42032	71,821289	-86,244911	-86,121109	-0,33769608	-0,035160426	-0,032544278	-0,03881447
42032	72,321289	-84,294914	-84,254677	-0,33374429	-0,034519356	-0,031878553	-0,038096689
42032	72,821289	-82,34491	-82,357399	-0,3303051	-0,033932719	-0,031259283	-0,037398435
42032	73,321289	-80,394913	-80,361549	-0,32561123	-0,033247191	-0,030525634	-0,036732465
42032	73,821289	-78,444908	-78,363792	-0,32114089	-0,032530542	-0,029933073	-0,036004998
42032	74,321289	-76,494911	-76,420006	-0,31706989	-0,032027107	-0,029309068	-0,03525487
42032	74,821289	-74,544914	-74,485603	-0,31300485	-0,031335693	-0,028667809	-0,034512829
42032	75,321289	-72,59491	-72,555641	-0,30926466	-0,030603427	-0,02795214	-0,03379875
42032	75,821289	-70,644913	-70,571579	-0,3040731	-0,030027907	-0,027303901	-0,033063322
42032	76,321289	-68,694908	-68,582291	-0,2995491	-0,029293057	-0,026662225	-0,0323181
42032	76,821289	-66,744911	-66,676384	-0,29570758	-0,028679591	-0,026010402	-0,031585243
42032	77,321289	-64,794914	-64,730972	-0,29095709	-0,027966093	-0,025333725	-0,030779859
42032	77,821289	-62,84491	-62,793392	-0,28687418	-0,027310818	-0,024705434	-0,030016733
42032	78,321289	-60,894913	-60,779163	-0,2820462	-0,026657078	-0,023938503	-0,029189989
42032	78,821289	-58,944912	-58,805771	-0,27726889	-0,025906857	-0,023343541	-0,028424136
42032	79,321289	-56,994911	-56,961029	-0,2725333	-0,025270056	-0,022669457	-0,027691599
42032	79,821289	-55,04491	-55,037518	-0,2674669	-0,024660461	-0,022088254	-0,026926678
42032	80,321289	-53,09491	-53,036419	-0,26200414	-0,023942292	-0,021420715	-0,026070224
42032	80,821289	-51,144913	-51,043865	-0,25719404	-0,023233134	-0,020775279	-0,025246937
42032	81,321289	-49,194912	-49,041378	-0,25240481	-0,022528037	-0,020076942	-0,024337089
42032	81,821289	-47,244911	-47,192413	-0,2471447	-0,021893989	-0,019429782	-0,023604838
42032	82,321289	-45,29491	-45,299702	-0,24271607	-0,021175902	-0,01882251	-0,022868527
42032	82,821289	-43,34491	-43,268974	-0,23742616	-0,020512603	-0,018298026	-0,021934811
42032	83,321289	-41,394909	-41,257797	-0,23116171	-0,019807465	-0,017466674	-0,02110968
42032	83,821289	-39,444912	-39,336117	-0,22599697	-0,019075356	-0,016815815	-0,020239264
42032	84,321289	-37,494911	-37,460186	-0,22129714	-0,018396888	-0,016123096	-0,01940779
42032	84,821289	-35,54491	-35,545494	-0,21600127	-0,017699379	-0,015458572	-0,018644052
42032	85,321289	-33,59491	-33,519955	-0,21002889	-0,017001566	-0,014886902	-0,017766543
42032	85,821289	-31,644911	-31,505768	-0,20483434	-0,01625457	-0,014079631	-0,016779721
42032	86,321289	-29,69491	-29,620306	-0,19969642	-0,015584949	-0,013531608	-0,015975047
42032	86,821289	-27,744911	-27,69145	-0,19390285	-0,014857531	-0,012799235	-0,01505965
42032	87,321289	-25,79491	-25,724655	-0,18776357	-0,014165442	-0,01207389	-0,014196634
42032	87,821289	-23,84491	-23,775196	-0,18073916	-0,013528045	-0,011512607	-0,013358053
42032	88,321289	-21,894911	-21,822552	-0,1750201	-0,01270622	-0,010720502	-0,01244197
42032	88,821289	-19,94491	-19,914379	-0,1683414	-0,011992447	-0,010227092	-0,011520248
42032	89,321289	-17,994909	-17,966009	-0,16177297	-0,011189464	-0,0094502894	-0,010669231
42032	89,821289	-16,04491	-15,968668	-0,15385747	-0,010371711	-0,0088936025	-0,0097113028
42032	90,321289	-14,09491	-13,985873	-0,14616847	-0,0095612518	-0,0082986737	-0,0087847337
42032	90,821289	-12,14491	-12,143832	-0,1382798	-0,0088359825	-0,0074799797	-0,0079195388
42032	91,321289	-10,19491	-10,23668	-0,12969077	-0,0079694465	-0,0068918439	-0,0070650689
42032	91,821289	-8,2449102	-8,2704163	-0,12113154	-0,0073435977	-0,0062226476	-0,0062716268
42032	92,321289	-6,29491	-6,3079743	-0,111112	-0,0064480267	-0,0054228227	-0,0054398142
42032	92,821289	-4,3449097	-4,7755299	-0,10201335	-0,0057508089	-0,004933272	-0,0047513098
42032	93,321289	-5,4428205	-5,1033478	-0,10190904	-0,0057736598	-0,0048705605	-0,0047777854
42032	93,821289	-7,3928204	-6,7948828	-0,10877848	-0,0064365752	-0,0054468648	-0,0052649379
42032	94,321289	-9,3428202	-9,2381563	-0,12039542	-0,0072433129	-0,0061420216	-0,006090574
42032	94,821289	-11,292821	-11,213695	-0,1281023	-0,0080040582	-0,0067547457	-0,0068110153
42032	95,321289	-13,242821	-13,237755	-0,13511479	-0,008706335	-0,0074693528	-0,0076021738
42032	95,821289	-15,192821	-15,279272	-0,14316142	-0,0095365793	-0,0079862103	-0,0083515793
42032	96,321289	-17,14282	-17,248163	-0,15012622	-0,010258161	-0,0087468112	-0,0091685019
42032	96,821289	-19,092821	-19,119179	-0,15661418	-0,011008315	-0,0092041781	-0,0098488443
42032	97,321289	-21,04282	-21,05608	-0,16286075	-0,011642892	-0,0098737236	-0,010629334
42032	97,821289	-22,992821	-23,027752	-0,1699537	-0,012282912	-0,010551431	-0,011347853
42032	98,321289	-24,942822	-25,049414	-0,17606914	-0,013017539	-0,011084634	-0,012173068
42032	98,821289	-26,89282	-27,010834	-0,18140078	-0,013677336	-0,011855207	-0,013068356
42032	99,321289	-28,842821	-28,888409	-0,18710792	-0,014325559	-0,012475985	-0,013728589
42032	99,821289	-30,792822	-30,830261	-0,19278824	-0,015003491	-0,013194581	-0,01452785
42032	100,32129	-32,742821	-32,831612	-0,19835234	-0,015706975	-0,01384792	-0,01529783
42032	100,82129	-34,692822	-34,764408	-0,20404756	-0,016422234	-0,01445727	-0,016092576
42032	101,32129	-36,642822	-36,684479	-0,2088964	-0,016993862	-0,01508504	-0,016856361
42032	101,82129	-38,592823	-38,618031	-0,21416843	-0,017696366	-0,015815141	-0,01766035
42032	102,32129	-40,54282	-40,642281	-0,21909475	-0,018383276	-0,016578114	-0,018505983
42032	102,82129	-42,492821	-42,62571	-0,22511482	-0,019120183	-0,017249256	-0,019256609
42032	103,32129	-44,442822	-44,537174	-0,23039579	-0,019684702	-0,017837001	-0,020007668
42032	103,82129	-46,392822	-46,422302	-0,23499429	-0,020394482	-0,018518124	-0,020708468
42032	104,32129	-48,342823	-48,395187	-0,24062693	-0,021177128	-0,019129887	-0,02154723
42032	104,82129	-50,29282	-50,424438	-0,24502277	-0,021805573	-0,019846886	-0,022451911
42032	105,32129	-52,242821	-52,387772	-0,25056005	-0,022541333	-0,020516913	-0,023164269
42032	105,82129	-54,192822	-54,244293	-0,25553703	-0,023140728	-0,021170603	-0,023920964
42032	106,32129	-56,142822	-56,160835	-0,25935471	-0,023794528	-0,021900386	-0,024688551
42032	106,82129	-58,092823	-58,161434	-0,26443303	-0,024624281	-0,02254322	-0,025430897
42032	107,32129	-60,04282	-60,100754	-0,2689749	-0,025293037	-0,023157859	-0,0261974
42032	107,82129	-61,992821	-62,07785	-0,27472079	-0,025931105	-0,023751494	-0,026999475
42032	108,32129	-63,942822	-64,002655	-0,27869642	-0,026675243	-0,02453736	-0,02782028
42032	108,82129	-65,892822	-65,959747	-0,28367639	-0,027357649	-0,025357654	-0,028585095
42032	109,32129	-67,842819	-67,950401	-0,28942227	-0,028059315	-0,02600693	-0,029380182
42032	109,82129	-69,792824	-69,873672	-0,2931565	-0,0287381	-0,02667957	-0,030116417
42032	110,32129	-71,742821	-71,742218	-0,29877126	-0,029408935	-0,027360883	-0,030791575
42032	110,82129	-73,692825	-73,73658	-0,30242503	-0,030125391	-0,028045112	-0,031726569
42032	111,32129	-75,642822	-75,761505	-0,30707121	-0,030859444	-0,028732559	-0,03254072
42032	111,82129	-77,592819	-77,710236	-0,31175613	-0,031553652	-0,029333865	-0,033246532
42032	112,32129	-79,542824	-79,584175	-0,3164053	-0,03219476	-0,030154986	-0,0339485
42032	112,82129	-81,492821	-81,487495	-0,32035708	-0,03290819	-0,030710371	-0,034723122
42032	113,32129	-83,442825	-83,53054	-0,32541752	-0,033588182	-0,031428501	-0,035563447
42032	113,82129	-85,392822	-85,536041	-0,3300488	-0,034369264	-0,032193702	-0,036372967
42032	114,32129	-87,342819	-87,435585	-0,3341943	-0,035045352	-0,032797296	-0,037108772
42032	114,82129	-89,292824	-89,311409	-0,33811927	-0,035640668	-0,033504732	-0,037850071
42032	115,32129	-91,242821	-91,261322	-0,34330189	-0,036326591	-0,034229975	-0,038558543
42032	115,82129	-93,192825	-93,288933	-0,34761131	-0,037056405	-0,035025526	-0,039355949
42032	116,32129	-95,142822	-95,248116	-0,35197437	-0,03779665	-0,035604887	-0,040230572
42032	116,82129	-97,092819	-97,118759	-0,35611093	-0,038488578	-0,03625118	-0,040952414
42032	117,32129	-99,042824	-99,062653	-0,36057532	-0,039207008	-0,037050799	-0,04169663
42032	117,82129	-100,99282	-101,02795	-0,36521852	-0,039873276	-0,037781186	-0,042390499
42032	118,32129	-102,94283	-103,03255	-0,36905408	-0,040635776	-0,038445469	-0,043287273
42032	118,82129	-104,89282	-104,90025	-0,37361085	-0,041333336	-0,03923174	-0,044073224
42032	119,32129	-106,84282	-106,82774	-0,3780067	-0,041947339	-0,039851248	-0,04480698
42032	119,82129	-108,79282	-108,8378	-0,38253665	-0,042745713	-0,040661424	-0,045523975
42032	120,32129	-110,74282	-110,84906	-0,38725138	-0,043459628	-0,041274689	-0,046442658
42032	120,82129	-112,69283	-112,73973	-0,39158463	-0,044175286	-0,042096324	-0,047165565
42032	121,32129	-114,64282	-114,647	-0,3954798	-0,044885013	-0,042778529	-0,047918472
42032	121,82129	-116,59283	-116,66595	-0,40069818	-0,045656536	-0,043430343	-0,048736386
42032	122,32129	-118,33479	-118,56525	-0,40453374	-0,046317231	-0,044294752	-0,049456656
42032	122,82129	-116,38479	-116,47346	-0,40093064	-0,045750972	-0,043629639	-0,048855819
42032	123,32129	-114,43478	-114,4525	-0,39763451	-0,045165341	-0,042937558	-0,048311569
42032	123,82129	-112,48479	-112,50909	-0,39376915	-0,044634212	-0,042430606	-0,047633875
42032	124,32129	-110,53478	-110,57607	-0,38997531	-0,044042151	-0,041878529	-0,046957433
42032	124,82129	-108,58479	-108,54729	-0,38590729	-0,04335897	-0,041270167	-0,046326973
42032	125,32129	-106,63479	-106,52992	-0,38163066	-0,042739723	-0,040551033	-0,045608185
42032	125,82129	-104,68478	-104,6402	-0,37781298	-0,042088117	-0,039848398	-0,045034014
42032	126,32129	-102,73479	-102,72965	-0,37397146	-0,041515272	-0,039327078	-0,044331331
42032	126,82129	-100,78478	-100,73915	-0,37127435	-0,040887233	-0,038671274	-0,043610197
42032	127,32129	-98,834785	-98,703697	-0,36627948	-0,040261406	-0,038028155	-0,04289569
42032	127,82129	-96,884789	-96,74514	-0,36247671	-0,039548453	-0,03739721	-0,042228203
42032	128,32129	-94,934784	-94,879494	-0,35908818	-0,038992856	-0,036744509	-0,041582756
42032	128,82129	-92,984787	-93,03743	-0,35483837	-0,038379122	-0,036183115	-0,040900066
42032	129,32129	-91,034782	-90,962975	-0,35033822	-0,037716586	-0,035333008	-0,040142357
42032	129,82129	-89,084785	-88,927086	-0,34596324	-0,037088495	-0,034822058	-0,039442651
42032	130,32129	-87,134781	-87,057243	-0,3425777	-0,036427531	-0,034118515	-0,038706236
42032	130,82129	-85,184784	-85,139153	-0,3388077	-0,035770435	-0,033564471	-0,038008481
42032	131,32129	-83,234787	-83,115807	-0,3343761	-0,035148863	-0,032768928	-0,037243344
42032	131,82129	-81,284782	-81,208069	-0,32981336	-0,034513552	-0,032245222	-0,036642667
42032	132,32129	-79,334785	-79,257248	-0,32576323	-0,033815604	-0,031582847	-0,035924401
42032	132,82129	-77,384781	-77,340683	-0,32162964	-0,033146616	-0,030930994	-0,035194028
42032	133,32129	-75,434784	-75,36264	-0,31664371	-0,032453876	-0,030229941	-0,034456454
42032	133,82129	-73,484787	-73,353142	-0,31329095	-0,03172807	-0,029540032	-0,033620302
42032	134,32129	-71,534782	-71,401459	-0,30887723	-0,031141926	-0,028896321	-0,032920733
42032	134,82129	-69,584785	-69,554413	-0,30445158	-0,030475769	-0,028299529	-0,03224789
42032	135,32129	-67,634781	-67,603012	-0,3002584	-0,029809181	-0,027526215	-0,031503245
42032	135,82129	-65,684784	-65,575394	-0,29578507	-0,029095914	-0,026893124	-0,030679213
42032	136,32129	-63,734783	-63,589207	-0,29129088	-0,028425138	-0,026128456	-0,029902743
42032	136,82129	-61,784782	-61,703781	-0,28674901	-0,02786928	-0,025540451	-0,029140837
42032	137,32129	-59,834785	-59,797363	-0,28211176	-0,027224936	-0,024931598	-0,028415915
42032	137,82129	-57,884785	-57,803551	-0,27728379	-0,026546635	-0,024182601	-0,027609091
42032	138,32129	-55,934784	-55,793224	-0,27210116	-0,025761243	-0,02361832	-0,026791709
42032	138,82129	-53,984783	-53,909485	-0,26778579	-0,025150608	-0,022849971	-0,025974806
42032	139,32129	-52,034782	-51,978363	-0,26251376	-0,024470262	-0,022297878	-0,025141982
42032	139,82129	-50,084785	-49,985737	-0,25694966	-0,023721963	-0,021644043	-0,024355507
42032	140,32129	-48,134785	-48,013927	-0,25214255	-0,023022261	-0,020824844	-0,02358913
42032	140,82129	-46,184784	-46,12574	-0,24693608	-0,022367641	-0,020209642	-0,022815257
42032	141,32129	-44,234783	-44,196686	-0,24242103	-0,021598421	-0,019523865	-0,021919452
42032	141,82129	-42,284782	-42,203426	-0,23694336	-0,020944986	-0,018906707	-0,021151671
42032	142,32129	-40,334782	-40,174446	-0,23256242	-0,020247959	-0,018222358	-0,020268921
42032	142,82129	-38,384785	-38,297962	-0,22669733	-0,019536596	-0,017467285	-0,01940571
42032	143,32129	-36,434784	-36,378941	-0,22128224	-0,018867113	-0,016814999	-0,01862371
42032	143,82129	-34,484783	-34,427547	-0,21558404	-0,018118568	-0,016096773	-0,017810509
42032	144,32129	-32,534782	-32,435699	-0,20962954	-0,017415881	-0,015556509	-0,016946875
42032	144,82129	-30,584784	-30,50495	-0,20410717	-0,01670929	-0,014841096	-0,016039331
42032	145,32129	-28,634783	-28,60043	-0,19930005	-0,016023356	-0,014115873	-0,015248284
42032	145,82129	-26,684784	-26,633579	-0,1927048	-0,015269306	-0,013356119	-0,014282767
42032	146,32129	-24,734783	-24,620291	-0,1872927	-0,014566075	-0,012692571	-0,013475839
42032	146,82129	-22,784782	-22,670767	-0,18035173	-0,0137721	-0,011997964	-0,012555458
42032	147,32129	-20,834784	-20,817207	-0,17421246	-0,013103839	-0,011460456	-0,011748403
42032	147,82129	-18,884783	-18,848709	-0,16707778	-0,012226652	-0,010601266	-0,010890685
42032	148,32129	-16,934782	-16,820101	-0,15920699	-0,011421766	-0,010011309	-0,010053664
42032	148,82129	-14,984783	-14,912445	-0,15182495	-0,010624412	-0,0093313595	-0,0091509223
42032	149,32129	-13,034782	-12,992908	-0,14488101	-0,009825103	-0,0086597046	-0,0082917027
42032	149,82129	-11,084783	-11,032673	-0,13662875	-0,0090761185	-0,00795497	-0,0073983446
42032	150,32129	-9,1347828	-9,0253668	-0,12669563	-0,0082197227	-0,0071508582	-0,0065964535
42032	150,82129	-7,1847825	-7,1601253	-0,11787713	-0,0074291825	-0,0064492947	-0,0059074536
42032	151,32129	-5,2347827	-5,3991041	-0,10800064	-0,0066512413	-0,0056462614	-0,0051552132
42032	151,82129	-3,927	-4,2266026	-0,099867582	-0,0060921684	-0,0052149412	-0,0046955273
42032	152,32129	-3,927	-3,7696958	-0,09753406	-0,0058042519	-0,0050267032	-0,00451193
42032	152,82129	-3,927	-3,7768743	-0,095489621	-0,0057078414	-0,0049390313	-0,004460007
42032	153,32129	-3,927	-3,8220696	-0,095137954	-0,0057457052	-0,0048576472	-0,0044531114
42032	153,82129	-3,927	-3,8296115	-0,094670057	-0,0056617185	-0,0047810818	-0,0044453889
42032	154,32129	-3,927	-3,8459842	-0,093698502	-0,0056644976	-0,0048594838	-0,0044895075
42032	154,82129	-3,927	-3,8822703	-0,093951821	-0,0055740885	-0,0048539327	-0,0044961832
42032	155,32129	-3,927	-3,9115715	-0,093856454	-0,0056564063	-0,0046687843	-0,0044148825
42032	155,82129	-3,927	-3,8738103	-0,093266368	-0,0056168512	-0,0048119095	-0,0044432841
42032	156,32129	-3,927	-3,8611498	-0,0934273	-0,0056155585	-0,0048110988	-0,0043629482
42032	156,82129	-3,927	-3,8789363	-0,093099475	-0,0055641979	-0,0048524602	-0,0044028573
42032	157,32129	-3,927	-3,9171073	-0,093004107	-0,0055913776	-0,004754582	-0,004303243
42032	157,82129	-3,927	-3,8813109	-0,093480945	-0,0055037625	-0,0047120978	-0,0043446422
42032	158,32129	-3,927	-3,8912203	-0,093004107	-0,0055452175	-0,004753645	-0,0043426193
42032	158,82129	-3,927	-3,9389172	-0,093007088	-0,0055155717	-0,0047706338	-0,0044117197
42032	159,32129	-3,927	-3,9689913	-0,093701482	-0,0055338852	-0,0047563929	-0,0044137761
42032	159,82129	-3,927	-3,9195492	-0,092744827	-0,0055281036	-0,0046654008	-0,0043549016
42032	160,32129	-3,927	-3,9078836	-0,092101097	-0,0054752454	-0,0047086026	-0,004292924
42032	160,82129	-3,927	-3,9086938	-0,092557073	-0,005517412	-0,0047098147	-0,0042981468
42032	161,32129	-3,927	-3,934592	-0,093236566	-0,0054931045	-0,0046339002	-0,0042848624
42032	161,82129	-3,927	-3,9012599	-0,09239912	-0,0054680742	-0,0046156584	-0,0042601787
42032	162,32129	-3,927	-3,8957038	-0,092956424	-0,0054286346	-0,0046245116	-0,0042476617
42032	162,82129	-3,927	-3,9417279	-0,093406439	-0,0054721832	-0,0046339631	-0,0042720512
42032	163,32129	-3,927	-3,9725192	-0,092318654	-0,005498413	-0,0046462445	-0,0043193474
42032	163,82129	-3,927	-3,9620419	-0,09277761	-0,0054646991	-0,0046546701	-0,004320167
42032	164,32129	-3,927	-3,9291046	-0,092154741	-0,0054472871	-0,0046321228	-0,0042714067
42032	164,82129	-3,927	-3,9467494	-0,092828274	-0,0054067038	-0,00465	-0,0042459071
42032	165,32129	-3,927	-3,9476063	-0,092765689	-0,005425334	-0,0046821921	-0,0042531826
42032	165,82129	-3,927	-3,9186161	-0,091645122	-0,0054644048	-0,0046272594	-0,004233785
42032	166,32129	-3,927	-3,9114914	-0,092965364	-0,0053863227	-0,0046115573	-0,0041977502
42032	166,82129	-3,927	-3,9361827	-0,091513991	-0,005374454	-0,0045961416	-0,0041925125
42032	167,32129	-3,927	-3,9405692	-0,092339516	-0,0054122619	-0,0046016257	-0,0042008087
42032	167,82129	-3,927	-3,9104447	-0,092747808	-0,0054134205	-0,0045234691	-0,0041496307
42032	168,32129	-3,927	-3,9072764	-0,092157722	-0,0053678416	-0,0046158144	-0,0041598827
42032	168,82129	-3,927	-3,9531848	-0,092038512	-0,0053257532	-0,0045344154	-0,0041715354
42032	169,32129	-3,927	-3,9718692	-0,091779232	-0,0052887313	-0,0046076942	-0,0042251609
42032	169,82129	-3,927	-3,9591751	-0,091820955	-0,0053464919	-0,0045027738	-0,0042638928
42032	170,32129	-3,927	-3,9090235	-0,092297792	-0,0053830929	-0,0045953533	-0,0041652359
42032	170,82129	-3,927	-3,9332397	-0,092247128	-0,0054263137	-0,0046241768	-0,004172191
42032	171,32129	-3,927	-3,9445479	-0,091597438	-0,0053777881	-0,0045222421	-0,0041131899
42032	171,82129	-3,927	-3,9187484	-0,092244148	-0,0053096227	-0,0045161517	-0,0041019991
42032	172,32129	-3,927	-3,912827	-0,091400743	-0,005294431	-0,0044535073	-0,0041042604
42032	172,82129	-3,927	-3,9607677	-0,092193484	-0,0053006969	-0,0045553898	-0,0042071529
42032	173,32129	-3,927	-3,949199	-0,091597438	-0,0053541288	-0,0045164456	-0,0041365847
42032	173,82129	-3,927	-3,9181635	-0,091549754	-0,0052901804	-0,0044812416	-0,0040850043
42032	174,32129	-3,927	-3,892051	-0,091561675	-0,0052848496	-0,0045683775	-0,004086215
42032	174,82129	-3,927	-3,9204099	-0,09175241	-0,0052636527	-0,0044984939	-0,0040630922
42032	175,32129	-3,927	-3,9739907	-0,091856718	-0,0053006634	-0,0045455741	-0,0041928776
42032	175,82129	-3,927	-3,9573722	-0,09150207	-0,0053739585	-0,0044277324	-0,0041893311
42032	176,32129	-3,927	-3,9044247	-0,092506409	-0,0053190552	-0,0045651873	-0,0041183308
42032	176,82129	-3,927	-3,9285645	-0,09188652	-0,0053609535	-0,0045540514	-0,0041016117
42032	177,32129	-3,927	-3,9134026	-0,091606379	-0,0053309128	-0,0045367843	-0,0040850863
42032	177,82129	-3,927	-3,9465744	-0,092333555	-0,0052336156	-0,004510459	-0,0040889122
42032	178,32129	-3,927	-3,9076731	-0,091511011	-0,0053238198	-0,0044637546	-0,004104156
42032	178,82129	-3,927	-3,9331093	-0,091618299	-0,0053761527	-0,0045598443	-0,0041080341
42032	179,32129	-3,927	-3,9243829	-0,091746449	-0,005318556	-0,0045155194	-0,0040878057
42032	179,82129	-3,927	-3,9245262	-0,091862679	-0,0053038113	-0,0044900868	-0,0041085631
42032	180,32129	-3,927	-3,931433	-0,091269612	-0,0052646585	-0,0044876626	-0,0041422583
42032	180,82129	-3,927	-3,9462726	-0,091508031	-0,0053090937	-0,0043800613	-0,004113663
42032	181,32129	-3,927	-3,9396062	-0,091537833	-0,0052135773	-0,0045062462	-0,0041025467
42032	181,82129	-4,5401835	-4,2851624	-0,093320012	-0,005431138	-0,0046495539	-0,0041567162
42032	182,32129	-6,4901838	-6,2401237	-0,10345578	-0,0062492564	-0,0052429135	-0,0048012286
42032	182,82129	-8,4401836	-8,0332661	-0,11232793	-0,0069091693	-0,0058464427	-0,0054225586
42032	183,32129	-10,390183	-10,341196	-0,12356341	-0,0077792145	-0,0065186396	-0,0061400644
42032	183,82129	-12,340184	-12,495179	-0,13221502	-0,0086465143	-0,0072612297	-0,0069159716
42032	184,32129	-14,290184	-14,42509	-0,13918877	-0,0093355179	-0,0079301922	-0,007588841
42032	184,82129	-16,240185	-16,40188	-0,14765561	-0,010036439	-0,0083968872	-0,0083208047
42032	185,32129	-18,190184	-18,398464	-0,15370846	-0,010874938	-0,0091152377	-0,0091779195
42032	185,82129	-20,140184	-20,276899	-0,16168356	-0,011551857	-0,0098008392	-0,009911567
42032	186,32129	-22,090183	-22,159723	-0,16667247	-0,012312092	-0,010365357	-0,010635085
42032	186,82129	-24,040184	-24,180866	-0,17427802	-0,013043255	-0,01109838	-0,01144224
42032	187,32129	-25,990185	-26,104095	-0,17959774	-0,013693515	-0,011734149	-0,012181297
42032	187,82129	-27,940184	-27,997423	-0,18533468	-0,014335435	-0,012379185	-0,012966171
42032	188,32129	-29,890184	-29,964075	-0,19044578	-0,015007012	-0,013127293	-0,013789453
42032	188,82129	-31,840185	-32,005394	-0,19593537	-0,01566894	-0,013717972	-0,014630131
42032	189,32129	-33,790184	-33,894169	-0,20178556	-0,016333625	-0,014341192	-0,015379537
42032	189,82129	-35,740185	-35,779095	-0,20674169	-0,017098177	-0,015084127	-0,016104963
42032	190,32129	-37,690186	-37,740211	-0,21227598	-0,017747574	-0,015863201	-0,01696194
42032	190,82129	-39,640186	-39,740803	-0,21707416	-0,018452603	-0,016402479	-0,017716542
42032	191,32129	-41,590183	-41,659088	-0,22318363	-0,019121867	-0,017122736	-0,018535903
42032	191,82129	-43,540184	-43,561031	-0,22788942	-0,019805737	-0,017740143	-0,019370008
42032	192,32129	-45,490185	-45,592949	-0,23293197	-0,020559613	-0,018532876	-0,020240974
42032	192,82129	-47,440186	-47,565758	-0,23936629	-0,021286119	-0,01916237	-0,020957945
42032	193,32129	-49,390186	-49,437267	-0,2435714	-0,02199176	-0,019878991	-0,021773195
42032	193,82129	-51,340183	-51,348537	-0,24763346	-0,022638272	-0,020562064	-0,022494076
42032	194,32129	-53,290184	-53,360687	-0,25372505	-0,023320027	-0,02122407	-0,023250861
42032	194,82129	-55,240185	-55,323326	-0,257954	-0,02407895	-0,021974759	-0,024077507
42032	195,32129	-57,190186	-57,212997	-0,26299357	-0,024697751	-0,022506133	-0,024835046
42032	195,82129	-59,140186	-59,176262	-0,26781559	-0,025382929	-0,023276046	-0,025695985
42032	196,32129	-61,090183	-61,22179	-0,27308762	-0,02616534	-0,024123926	-0,026549758
42032	196,82129	-63,040184	-63,128689	-0,27770996	-0,026792478	-0,024663677	-0,027314471
42032	197,32129	-64,990189	-65,026665	-0,28237998	-0,027580131	-0,025407081	-0,028038479
42032	197,82129	-66,940186	-66,987831	-0,28647184	-0,028302919	-0,026068939	-0,028824989
42032	198,32129	-68,890182	-68,998535	-0,29219687	-0,029007252	-0,026816729	-0,029604517
42032	198,82129	-70,840187	-70,896996	-0,2961129	-0,029575553	-0,027485685	-0,030375632
42032	199,32129	-72,790184	-72,808701	-0,30109584	-0,030388553	-0,028046243	-0,03115027
42032	199,82129	-74,740189	-74,782288	-0,30540228	-0,031074759	-0,028844617	-0,031940997
42032	200,32129	-76,690186	-76,748901	-0,31046271	-0,031752001	-0,029573098	-0,032676734
42032	200,82129	-78,640182	-78,586617	-0,31500459	-0,03247996	-0,03017251	-0,033458531
42032	201,32129	-80,590187	-80,544159	-0,31961203	-0,03314558	-0,03088678	-0,034215279
42032	201,82129	-82,540184	-82,575386	-0,32411218	-0,033915136	-0,031574626	-0,03500963
42032	202,32129	-84,490189	-84,525269	-0,32799244	-0,034555193	-0,032349244	-0,035812374
42032	202,82129	-86,440186	-86,465752	-0,3328234	-0,035320979	-0,032983977	-0,036665335
42032	203,32129	-88,390182	-88,412537	-0,33736229	-0,035974327	-0,033744767	-0,037444249
42032	203,82129	-90,340187	-90,436447	-0,34184754	-0,036700163	-0,034420867	-0,038186193
42032	204,32129	-92,290184	-92,345711	-0,34677684	-0,037377376	-0,035131693	-0,038919605
42032	204,82129	-94,240189	-94,215569	-0,35066605	-0,03812125	-0,035829213	-0,039648864
42032	205,32129	-96,190186	-96,258324	-0,35584271	-0,038756374	-0,03658244	-0,040496357
42032	205,82129	-98,140182	-98,234978	-0,35982728	-0,039484274	-0,037320036	-0,0412344
42032	206,32129	-100,09019	-100,10513	-0,36448538	-0,040185373	-0,037869819	-0,041914631
42032	206,82129	-102,04018	-102,03233	-0,36832988	-0,040839802	-0,038656466	-0,042769205
42032	207,32129	-103,99019	-104,06427	-0,3737092	-0,041638944	-0,039490636	-0,043626085
42032	207,82129	-105,94019	-106,06773	-0,37749708	-0,042341974	-0,040063877	-0,044420715
42032	208,32129	-107,89018	-107,94184	-0,38141608	-0,043089528	-0,04085597	-0,045125756
42032	208,82129	-109,84019	-109,85168	-0,38590729	-0,04377364	-0,041481774	-0,045887839
42032	209,32129	-111,79018	-111,88861	-0,38997531	-0,044533696	-0,04221978	-0,046672676
42032	209,82129	-113,74019	-113,80958	-0,39500594	-0,045184765	-0,042951368	-0,047373425
42032	210,32129	-115,69019	-115,71094	-0,39957464	-0,045914214	-0,043600339	-0,048205689
42032	210,82129	-117,64019	-117,71567	-0,40357113	-0,046620008	-0,04447766	-0,049088433
42032	211,32129	-118,433	-118,60725	-0,40582716	-0,047064681	-0,04480828	-0,049511228
42032	211,82129	-118,433	-118,4815	-0,40695965	-0,04715487	-0,044937525	-0,04950824
42032	212,32129	-118,433	-118,45408	-0,4055202	-0,047096055	-0,044918962	-0,049535897
42032	212,82129	-118,433	-118,48928	-0,4068017	-0,047190439	-0,044976838	-0,049591832
42032	213,32129	-118,433	-118,47852	-0,40756166	-0,047253724	-0,045074195	-0,04955107
42032	213,82129	-118,433	-118,39975	-0,40694475	-0,047257755	-0,044999994	-0,049638044
42032	214,32129	-118,433	-118,42132	-0,40717423	-0,047285918	-0,045138922	-0,049733896
42032	214,82129	-118,433	-118,49344	-0,40789247	-0,047357369	-0,045141373	-0,049800083
42032	215,32129	-118,433	-118,45686	-0,4078418	-0,047475267	-0,045199648	-0,049810622
42032	215,82129	-118,433	-118,38361	-0,40774345	-0,047448333	-0,0451543	-0,049816158
42032	216,32129	-118,433	-118,42065	-0,40752292	-0,04755215	-0,045213252	-0,049861114
42032	216,82129	-118,433	-118,45172	-0,4077822	-0,047551837	-0,045263737	-0,049805224
42032	217,32129	-118,433	-118,39922	-0,40795803	-0,047504526	-0,045227457	-0,049852204
42032	217,82129	-118,433	-118,36354	-0,40758848	-0,047526207	-0,045310091	-0,04988423
42032	218,32129	-118,433	-118,4445	-0,40850043	-0,047642346	-0,045355458	-0,050021552
42032	218,82129	-118,433	-118,49669	-0,40840209	-0,0476203	-0,045358188	-0,050079372
42032	219,32129	-118,433	-118,40176	-0,40810406	-0,047666539	-0,045372922	-0,050055075
42032	219,82129	-118,433	-118,37966	-0,40952861	-0,047675584	-0,045282401	-0,050038401
42032	220,32129	-118,433	-118,43915	-0,40842593	-0,047729705	-0,045443863	-0,050083376
42032	220,82129	-118,433	-118,45933	-0,4085958	-0,04771949	-0,045517143	-0,050107535
42032	221,32129	-118,433	-118,37518	-0,40843487	-0,047726098	-0,045418985	-0,050048094
42032	221,82129	-118,433	-118,3621	-0,40976703	-0,04771227	-0,04554864	-0,050048411
42032	222,32129	-118,433	-118,45615	-0,40887296	-0,047783349	-0,045486171	-0,050162658
42032	222,82129	-118,433	-118,43863	-0,40973723	-0,047893044	-0,045520138	-0,050194204
42032	223,32129	-118,433	-118,39951	-0,40912926	-0,047878843	-0,045656879	-0,050283708
42032	223,82129	-118,433	-118,42617	-0,40974915	-0,047867429	-0,045600347	-0,0502281
42032	224,32129	-118,433	-118,45951	-0,40978193	-0,047952775	-0,045682028	-0,050282761
42032	224,82129	-118,433	-118,39847	-0,40965676	-0,047908615	-0,045613151	-0,050241724
42032	225,32129	-118,433	-118,35186	-0,40895343	-0,047879722	-0,045614805	-0,050222252
42032	225,82129	-118,433	-118,4155	-0,4101485	-0,047997195	-0,045714945	-0,050240342
42032	226,32129	-118,433	-118,45128	-0,41038096	-0,048010517	-0,045621108	-0,050353698
42032	226,82129	-118,433	-118,38306	-0,40982664	-0,048005458	-0,045736231	-0,050366815
42032	227,32129	-118,433	-118,40331	-0,40910244	-0,048053022	-0,04559534	-0,050402302
42032	227,82129	-118,433	-118,4762	-0,4107058	-0,048068505	-0,045810826	-0,050457235
42032	228,32129	-118,433	-118,46561	-0,41029453	-0,048116412	-0,045835409	-0,050511852
42032	228,82129	-118,433	-118,37672	-0,40974617	-0,047982488	-0,045797937	-0,050468277
42032	229,32129	-118,433	-118,43701	-0,41035414	-0,048147205	-0,045773447	-0,050480403
42032	229,82129	-118,433	-118,45802	-0,41041374	-0,048119057	-0,045788966	-0,050466508
42032	230,32129	-118,433	-118,38	-0,41065812	-0,048124459	-0,045819983	-0,050505351
42032	230,82129	-118,433	-118,35509	-0,41059852	-0,048161794	-0,045852941	-0,050439335
42032	231,32129	-118,433	-118,44154	-0,41071475	-0,048147071	-0,045826383	-0,050520562
42032	231,82129	-118,433	-118,4403	-0,41021705	-0,048183139	-0,045849394	-0,050535802
42032	232,32129	-118,433	-118,3741	-0,4106611	-0,04818524	-0,045762166	-0,050506283
42032	232,82129	-118,433	-118,44182	-0,41033626	-0,048216958	-0,045905806	-0,050647013
42032	233,32129	-118,433	-118,48019	-0,41114688	-0,048261035	-0,045831025	-0,050637983
42032	233,82129	-118,433	-118,41669	-0,4107058	-0,048273508	-0,045907687	-0,050642546
42032	234,32129	-118,433	-118,36991	-0,41129887	-0,04820266	-0,045912217	-0,050572511
42032	234,82129	-118,433	-118,44788	-0,41117668	-0,048225608	-0,045882337	-0,0506134
42032	235,32129	-118,433	-118,44051	-0,41197836	-0,048258316	-0,045919683	-0,050658222
42032	235,82129	-118,433	-118,36812	-0,41132867	-0,048331227	-0,045924313	-0,050602313
42032	236,32129	-118,433	-118,41313	-0,41114092	-0,048316095	-0,045914948	-0,050683551
42032	236,82129	-118,433	-118,49391	-0,41106641	-0,048343163	-0,046058476	-0,05073075
42032	237,32129	-118,433	-118,46823	-0,41122735	-0,048255589	-0,045971245	-0,050776716
42032	237,82129	-118,433	-118,37498	-0,41133165	-0,04836994	-0,045992065	-0,050692696
42032	238,32129	-118,433	-118,46974	-0,41163862	-0,048333813	-0,04596214	-0,050779235
42032	238,82129	-118,433	-118,45114	-0,41162968	-0,048419539	-0,046086989	-0,050734937
42032	239,32129	-118,433	-118,3722	-0,41092932	-0,048347916	-0,046054978	-0,050688718
42032	239,82129	-118,433	-118,42131	-0,41108727	-0,048386369	-0,046044927	-0,050793726
42032	240,32129	-118,433	-118,51712	-0,4123956	-0,048444923	-0,046131052	-0,050914664
42032	240,82129	-118,433	-118,41705	-0,41178465	-0,048391294	-0,046012551	-0,050822396
42032	241,32129	-116,98769	-116,97787	-0,40880442	-0,04792871	-0,045615707	-0,050341088
42032	241,82129	-114,48769	-114,49191	-0,40422678	-0,047296528	-0,044782575	-0,04950992
42032	242,32129	-111,98769	-111,98941	-0,39931238	-0,046483856	-0,044071008	-0,048600942
42032	242,82129	-109,48769	-109,39874	-0,39513111	-0,045567658	-0,043222498	-0,047731824
42032	243,32129	-106,98769	-106,90218	-0,38937032	-0,04477774	-0,042289637	-0,04694796
42032	243,82129	-104,48769	-104,46488	-0,38398802	-0,04402649	-0,041556749	-0,046098609
42032	244,32129	-101,98769	-101,92797	-0,3791362	-0,043197203	-0,040660325	-0,045162622
42032	244,82129	-99,487686	-99,347839	-0,37412047	-0,042349439	-0,039827906	-0,04423169
42032	245,32129	-96,987686	-96,88475	-0,36856234	-0,041521218	-0,039198134	-0,043279544
42032	245,82129	-94,487686	-94,440155	-0,36329627	-0,040790189	-0,038214955	-0,042427003
42032	246,32129	-91,987686	-91,91851	-0,358814	-0,039912451	-0,037368014	-0,041649956
42032	246,82129	-89,487686	-89,356369	-0,35287738	-0,039082106	-0,036524042	-0,040705346
42032	247,32129	-86,987686	-86,945236	-0,3483206	-0,038208876	-0,035776969	-0,039759748
42032	247,82129	-84,487686	-84,424271	-0,34342706	-0,037366498	-0,034962948	-0,038779676
42032	248,32129	-81,987686	-81,837448	-0,33804774	-0,036468517	-0,033926319	-0,037833687
42032	248,82129	-79,487686	-79,360077	-0,33198595	-0,035637055	-0,033106573	-0,036950488
42032	249,32129	-76,987686	-76,96962	-0,32657981	-0,034855802	-0,03232976	-0,036036827
42032	249,82129	-74,487686	-74,455307	-0,32124817	-0,034008797	-0,031410869	-0,035117831
42032	250,32129	-71,987686	-71,87442	-0,3144443	-0,033042658	-0,030561104	-0,034092795
42032	250,82129	-69,487686	-69,408142	-0,31053424	-0,032195207	-0,029781591	-0,033162083
42032	251,32129	-66,987686	-66,936874	-0,30398965	-0,031355325	-0,028870204	-0,03215763
42032	251,82129	-64,487686	-64,392464	-0,29910207	-0,030504417	-0,028003633	-0,031153336
42032	252,32129	-61,987686	-61,867634	-0,29265881	-0,02965216	-0,027214549	-0,030149851
42032	252,82129	-59,487686	-59,478645	-0,28634667	-0,028803904	-0,026306517	-0,029186772
42032	253,32129	-56,987686	-56,925209	-0,27953088	-0,027913865	-0,025492808	-0,028123522
42032	253,82129	-54,487686	-54,358849	-0,27376115	-0,026958238	-0,024613114	-0,027060404
42032	254,32129	-51,987686	-51,865963	-0,26719868	-0,026050407	-0,023710866	-0,026058648
42032	254,82129	-49,487686	-49,444103	-0,26172996	-0,025141366	-0,022816459	-0,025020016
42032	255,32129	-46,987686	-46,893818	-0,25446713	-0,024248488	-0,021875985	-0,024006879
42032	255,82129	-44,487686	-44,376728	-0,24771988	-0,023291253	-0,021060001	-0,022978291
42032	256,32129	-41,987686	-41,892834	-0,24159551	-0,022407338	-0,020284398	-0,021877516
42032	256,82129	-39,487686	-39,409355	-0,23424625	-0,021491971	-0,019273169	-0,020813162
42032	257,32129	-36,987686	-36,807659	-0,22744834	-0,020516798	-0,018409744	-0,019708868
42032	257,82129	-34,487686	-34,37318	-0,22044182	-0,019602064	-0,017425498	-0,01861142
42032	258,32129	-31,987686	-31,92548	-0,21454692	-0,018714227	-0,016637819	-0,017485108
42032	258,82129	-29,487686	-29,411383	-0,20574927	-0,017830811	-0,015807031	-0,016436435
42032	259,32129	-26,987686	-26,867712	-0,19858479	-0,016753349	-0,014859601	-0,015349016
42032	259,82129	-24,487686	-24,456726	-0,19112229	-0,015922494	-0,013861191	-0,014238406
42032	260,32129	-21,987686	-21,945034	-0,18295944	-0,014955137	-0,012922253	-0,013061259
42032	260,82129	-19,487686	-19,38768	-0,17423928	-0,01383663	-0,012124414	-0,011996951
42032	261,32129	-16,987686	-16,887188	-0,16447008	-0,012756299	-0,011292709	-0,010874953
42032	261,82129	-14,487686	-14,442104	-0,15524328	-0,01174923	-0,010259801	-0,0097547621
42032	262,32129	-11,987686	-11,904237	-0,14435947	-0,010729067	-0,0093653323	-0,0086995624
42032	262,82129	-9,4876862	-9,4228401	-0,13329685	-0,0095998012	-0,0083099622	-0,0076560676
42032	263,32129	-6,9876862	-6,9712734	-0,1222223	-0,0084910132	-0,0074683302	-0,0066662841
42032	263,82129	-4,4876862	-4,7797747	-0,10919273	-0,007506419	-0,0063694981	-0,0057931915
42032	264,32129	-1,9876862	-2,631927	-0,092029572	-0,00632561	-0,0053569772	-0,0052101798
42032	264,82129	-1	-1,0236912	-0,027829409	-0,0052883513	-0,0047329199	-0,0049077049
42032	265,32129	-1	-0,64189732	-0,02168417	-0,0049670711	-0,0043228567	-0,0048658177
42032	265,82129	-1	-0,59975499	-0,021493435	-0,0048668794	-0,00436369	-0,0048198961
42032	266,32129	-1	-0,66861141	-0,021222234	-0,0048631988	-0,0043516802	-0,0047202334
42032	266,82129	-1	-0,75095332	-0,021350384	-0,0048650876	-0,0042245286	-0,0046963841
42032	267,32129	-1	-0,77920592	-0,022211671	-0,0048360936	-0,0043376554	-0,0046518929
42032	267,82129	-1	-0,83408129	-0,022649765	-0,0048154108	-0,0043386407	-0,0046615005
42032	268,32129	-1	-0,9246189	-0,023031235	-0,0048325434	-0,0042773494	-0,0047356188
42032	268,82129	0	-0,093473122	4,3490381	-0,0044600032	-0,0039381185	-0,0045815557

Datenerfassung						Zeit:	268,89453	s	28.01.2015 11:21:36
Datum	Laufzeit	Ch 1 Weg	Ch 1 Kraft	Ch 1 Kraft Sollwert	1944 A	1944 B	1281068
d	s	mm	kN	kN	mm	mm	mm
42032	268,86816	4,843946	-0,014994293	0	0,00020749215	2,9690564e-05	0,035169028
42032	20,852539	-0,4131496	-119,6459	-119,433	-0,0001742749	-0,04852416	-0,04621242
