MTS793|MPT|DEU|1|2|,|.|:|49|1|1|A

Bediener Information			Würfeldruckfestigkeit (150mm)			Zeit:	18,469727	Sec	20.02.2013 08:31:27
Datum	20.02.2013
Prüfer:	Kh
Probebezeichnung	7.2 Thiele Zyl. 1 28d 23.01.13 Probe 4
Protokoll Seite	-
Breite [mm]:	150
Höhe [mm]:	150
Länge Einfüllseite [mm]:	150
Masse [g]:	7877
Bediener Information Ende

Datenerfassung						Zeit:	161,52832	Sec	20.02.2013 08:33:50
Ch 1 Weg	Ch 1 Kraft
mm	kN
0,89476097	9,6664057
-1,0848949	-1403,1533

Datenerfassung						Zeit:	161,54395	Sec	20.02.2013 08:33:50
Datum	Tageszeit	Laufzeit	Ch 1 Weg	Ch 1 Kraft
Days	Days	Sec	mm	kN
41331	0,043556292	35,366211	-0,0013522087	-15,34966
41331	0,043558609	35,566406	-0,0053999191	-17,527815
41331	0,043560926	35,766602	-0,0089275492	-20,453455
41331	0,043563243	35,966797	-0,012648352	-22,667841
41331	0,04356556	36,166992	-0,016987307	-24,888651
41331	0,043567877	36,367188	-0,020306906	-27,365604
41331	0,043570194	36,567383	-0,024226826	-29,594316
41331	0,043572512	36,767578	-0,027222488	-32,188793
41331	0,043574829	36,967773	-0,030571803	-34,352482
41331	0,043577146	37,167969	-0,033279195	-36,798038
41331	0,043579463	37,368164	-0,036375899	-38,792896
41331	0,04358178	37,568359	-0,040001601	-41,290741
41331	0,043584097	37,768555	-0,043035898	-43,672344
41331	0,043586414	37,96875	-0,045770034	-45,694374
41331	0,043588731	38,168945	-0,046949875	-48,159489
41331	0,043591049	38,369141	-0,050046582	-50,302067
41331	0,043593366	38,569336	-0,052483529	-52,892673
41331	0,043595683	38,769531	-0,054866984	-55,004807
41331	0,043598	38,969727	-0,057755657	-57,470943
41331	0,043600317	39,169922	-0,059717104	-60,026211
41331	0,043602634	39,370117	-0,061259512	-62,282532
41331	0,043604951	39,570313	-0,063669711	-64,755699
41331	0,043607268	39,770508	-0,066507868	-66,674141
41331	0,043609586	39,970703	-0,068430677	-69,175438
41331	0,043611903	40,170898	-0,070736863	-71,764053
41331	0,04361422	40,371094	-0,072962806	-74,227188
41331	0,043616537	40,571289	-0,075714774	-76,549446
41331	0,043618854	40,771484	-0,077087782	-78,78138
41331	0,043621171	40,97168	-0,079405859	-80,985268
41331	0,043623488	41,171875	-0,0809661	-82,94297
41331	0,043625806	41,37207	-0,082249954	-85,598442
41331	0,043628123	41,572266	-0,084883042	-88,229622
41331	0,04363044	41,772461	-0,086704813	-89,977036
41331	0,043632757	41,972656	-0,08860682	-92,406723
41331	0,043635074	42,172852	-0,09067525	-94,532318
41331	0,043637391	42,373047	-0,091908589	-96,661537
41331	0,043639708	42,573242	-0,094110757	-99,278625
41331	0,043642025	42,773438	-0,096345611	-101,18092
41331	0,043644343	42,973633	-0,097929627	-103,81693
41331	0,04364666	43,173828	-0,099706821	-106,07706
41331	0,043648977	43,374023	-0,1004587	-108,47293
41331	0,043651294	43,574219	-0,1029016	-110,60978
41331	0,043653611	43,774414	-0,10457774	-112,43131
41331	0,043655928	43,974609	-0,10546039	-114,6662
41331	0,043658245	44,174805	-0,10769525	-116,83769
41331	0,043660562	44,375	-0,10914553	-119,10316
41331	0,04366288	44,575195	-0,10987067	-120,83958
41331	0,043665197	44,775391	-0,11064039	-122,55855
41331	0,043667514	44,975586	-0,11296143	-124,79324
41331	0,043669831	45,175781	-0,11505365	-127,15842
41331	0,043672144	45,375977	-0,11587389	-129,48329
41331	0,043674462	45,576172	-0,11735983	-131,3497
41331	0,043676779	45,776367	-0,11943718	-133,3614
41331	0,043679096	45,976563	-0,12100931	-135,73909
41331	0,043681413	46,176758	-0,12243878	-138,06674
41331	0,04368373	46,376953	-0,12413871	-139,44807
41331	0,043686047	46,577148	-0,12546417	-142,0022
41331	0,043688364	46,777344	-0,12742561	-143,974
41331	0,043690681	46,977539	-0,12849252	-146,22881
41331	0,043692999	47,177734	-0,13018352	-147,93478
41331	0,043695316	47,37793	-0,13073927	-149,98781
41331	0,043697633	47,578125	-0,13271557	-152,14288
41331	0,04369995	47,77832	-0,13352987	-154,15736
41331	0,043702267	47,978516	-0,13479887	-156,23187
41331	0,043704584	48,178711	-0,13663252	-158,09341
41331	0,043706901	48,378906	-0,13808577	-160,11238
41331	0,043709219	48,579102	-0,13981244	-162,68559
41331	0,043711536	48,779297	-0,14041573	-165,05074
41331	0,043713853	48,979492	-0,14205325	-166,77466
41331	0,04371617	49,179688	-0,14260304	-169,04416
41331	0,043718487	49,379883	-0,14398794	-171,52357
41331	0,043720804	49,580078	-0,14679043	-174,25279
41331	0,043723121	49,780273	-0,14685878	-176,58878
41331	0,043725438	49,980469	-0,14967911	-178,58138
41331	0,043727756	50,180664	-0,14957508	-181,20917
41331	0,043730073	50,380859	-0,15109669	-183,37784
41331	0,04373239	50,581055	-0,15186939	-186,07535
41331	0,043734707	50,78125	-0,1544579	-188,26036
41331	0,043737024	50,981445	-0,15493339	-190,82617
41331	0,043739341	51,181641	-0,15724255	-193,28087
41331	0,043741658	51,381836	-0,1583897	-195,82143
41331	0,043743975	51,582031	-0,15951605	-197,87228
41331	0,043746293	51,782227	-0,159733	-200,68562
41331	0,04374861	51,982422	-0,16170931	-202,88445
41331	0,043750927	52,182617	-0,16319525	-205,463
41331	0,043753244	52,382813	-0,16449991	-207,88196
41331	0,043755561	52,583008	-0,16524883	-210,20784
41331	0,043757878	52,783203	-0,16698737	-212,67746
41331	0,043760195	52,983398	-0,16865163	-215,34346
41331	0,043762513	53,183594	-0,16970071	-217,30966
41331	0,04376483	53,383789	-0,17047043	-219,80522
41331	0,043767147	53,583984	-0,17169484	-222,40089
41331	0,043769464	53,78418	-0,17259236	-224,85541
41331	0,043771781	53,984375	-0,17408425	-226,88547
41331	0,043774098	54,18457	-0,17425959	-228,68225
41331	0,043776415	54,384766	-0,17653307	-230,9541
41331	0,043778732	54,584961	-0,17800416	-233,0575
41331	0,04378105	54,785156	-0,17887789	-234,89018
41331	0,043783367	54,985352	-0,18116328	-237,16919
41331	0,043785684	55,185547	-0,18168931	-239,33415
41331	0,043788001	55,385742	-0,18300584	-241,74046
41331	0,043790318	55,585938	-0,18357645	-243,47115
41331	0,043792635	55,786133	-0,18422134	-245,56363
41331	0,043794952	55,986328	-0,18640271	-247,43347
41331	0,043797269	56,186523	-0,18747854	-250,18076
41331	0,043799587	56,386719	-0,18823043	-252,35742
41331	0,043801904	56,586914	-0,18918738	-254,32034
41331	0,043804221	56,787109	-0,19100617	-256,87912
41331	0,043806538	56,987305	-0,19246238	-259,15198
41331	0,043808855	57,1875	-0,19385323	-261,06982
41331	0,043811172	57,387695	-0,19409692	-263,12036
41331	0,043813489	57,587891	-0,19544616	-265,42358
41331	0,043815807	57,788086	-0,19673894	-267,4422
41331	0,043818124	57,988281	-0,19712231	-269,16068
41331	0,043820441	58,188477	-0,19822785	-271,28635
41331	0,043822758	58,388672	-0,20015958	-273,28308
41331	0,043825075	58,588867	-0,20045973	-275,37622
41331	0,043827392	58,789063	-0,20161878	-277,5809
41331	0,043829706	58,989258	-0,20373476	-279,35092
41331	0,043832023	59,189453	-0,20469171	-282,38614
41331	0,04383434	59,389648	-0,2058032	-284,13879
41331	0,043836657	59,589844	-0,20569918	-286,17096
41331	0,043838974	59,790039	-0,20792809	-288,30948
41331	0,043841291	59,990234	-0,20841548	-290,37827
41331	0,043843608	60,19043	-0,20976175	-292,70862
41331	0,043845925	60,390625	-0,21055821	-294,98886
41331	0,043848243	60,59082	-0,2123889	-297,43582
41331	0,04385056	60,791016	-0,21339042	-299,69934
41331	0,043852877	60,991211	-0,21481989	-301,87408
41331	0,043855194	61,191406	-0,21570849	-304,64529
41331	0,043857511	61,391602	-0,21640986	-306,65637
41331	0,043859828	61,591797	-0,21793592	-309,41061
41331	0,043862145	61,791992	-0,21911427	-311,66638
41331	0,043864463	61,992188	-0,2211931	-313,97144
41331	0,04386678	62,192383	-0,22118568	-316,30048
41331	0,043869097	62,392578	-0,22250669	-318,99738
41331	0,043871414	62,592773	-0,22248738	-321,69415
41331	0,043873731	62,792969	-0,225327	-323,66406
41331	0,043876048	62,993164	-0,22636865	-326,1088
41331	0,043878365	63,193359	-0,22689319	-328,79736
41331	0,043880682	63,393555	-0,22867484	-331,37933
41331	0,043883	63,59375	-0,22889921	-334,13028
41331	0,043885317	63,793945	-0,23067047	-335,86569
41331	0,043887634	63,994141	-0,23031086	-338,83026
41331	0,043889951	64,194336	-0,23238821	-341,25046
41331	0,043892268	64,394531	-0,23279685	-343,73941
41331	0,043894585	64,594727	-0,23456958	-345,7868
41331	0,043896902	64,794922	-0,23556961	-348,77451
41331	0,043899219	64,995117	-0,23676431	-350,48996
41331	0,043901537	65,195313	-0,2380452	-352,492
41331	0,043903854	65,395508	-0,23769452	-353,91589
41331	0,043906171	65,595703	-0,24010026	-356,4324
41331	0,043908488	65,795898	-0,2409101	-358,75684
41331	0,043910805	65,996094	-0,24229054	-360,87961
41331	0,043913122	66,196289	-0,24412271	-362,74203
41331	0,043915439	66,396484	-0,24404989	-364,61868
41331	0,043917757	66,59668	-0,24606484	-367,09775
41331	0,043920074	66,796875	-0,24710202	-368,79828
41331	0,043922391	66,99707	-0,24862215	-371,03992
41331	0,043924708	67,197266	-0,24864295	-373,11618
41331	0,043927025	67,397461	-0,25094914	-374,91006
41331	0,043929342	67,597656	-0,25120175	-377,30292
41331	0,043931659	67,797852	-0,25259408	-379,02631
41331	0,043933976	67,998047	-0,25366694	-380,87906
41331	0,043936294	68,198242	-0,25461644	-383,24216
41331	0,043938611	68,398438	-0,25601175	-385,50464
41331	0,043940928	68,598633	-0,25698355	-387,92093
41331	0,043943245	68,798828	-0,25727776	-390,32104
41331	0,043945562	68,999023	-0,25897324	-392,16998
41331	0,043947879	69,199219	-0,25986332	-394,86401
41331	0,043950196	69,399414	-0,26085889	-397,04346
41331	0,043952513	69,599609	-0,2617445	-399,3082
41331	0,043954831	69,799805	-0,26264796	-402,01074
41331	0,043957148	70	-0,26365396	-404,53458
41331	0,043959465	70,200195	-0,26499575	-406,94751
41331	0,043961782	70,400391	-0,26572534	-409,08694
41331	0,043964099	70,600586	-0,26799291	-411,41586
41331	0,043966416	70,800781	-0,2682054	-413,72345
41331	0,043968733	71,000977	-0,26932728	-415,81082
41331	0,043971051	71,201172	-0,2708177	-417,77148
41331	0,043973368	71,401367	-0,27206439	-420,50708
41331	0,043975685	71,601563	-0,27290842	-422,9313
41331	0,043978002	71,801758	-0,27484459	-425,62469
41331	0,043980319	72,001953	-0,27524284	-427,86398
41331	0,043982636	72,202148	-0,27544343	-430,07935
41331	0,04398495	72,402344	-0,27631864	-432,84985
41331	0,043987267	72,602539	-0,27753416	-435,52258
41331	0,043989584	72,802734	-0,27959517	-437,13843
41331	0,043991901	73,00293	-0,27974078	-439,81772
41331	0,043994218	73,203125	-0,28103504	-442,24365
41331	0,043996535	73,40332	-0,2824764	-444,52753
41331	0,043998852	73,603516	-0,28257746	-446,34521
41331	0,04400117	73,803711	-0,28385237	-449,20407
41331	0,044003487	74,003906	-0,28466818	-451,2706
41331	0,044005804	74,204102	-0,28626406	-453,58139
41331	0,044008121	74,404297	-0,28703231	-455,64523
41331	0,044010438	74,604492	-0,28765193	-458,03558
41331	0,044012755	74,804688	-0,28898036	-460,02563
41331	0,044015072	75,004883	-0,29027316	-462,63727
41331	0,044017389	75,205078	-0,29124048	-464,79028
41331	0,044019707	75,405273	-0,29248273	-466,59784
41331	0,044022024	75,605469	-0,29231632	-468,82233
41331	0,044024341	75,805664	-0,29387358	-470,87482
41331	0,044026658	76,005859	-0,29531941	-472,52631
41331	0,044028975	76,206055	-0,29593757	-474,70892
41331	0,044031292	76,40625	-0,2981011	-477,07257
41331	0,044033609	76,606445	-0,29780689	-479,02341
41331	0,044035926	76,806641	-0,30033448	-480,78036
41331	0,044038244	77,006836	-0,30123198	-483,06619
41331	0,044040561	77,207031	-0,30188578	-485,13406
41331	0,044042878	77,407227	-0,30320233	-487,31805
41331	0,044045195	77,607422	-0,30463034	-488,9534
41331	0,044047512	77,807617	-0,3055115	-490,66931
41331	0,044049829	78,007813	-0,30696774	-492,771
41331	0,044052146	78,208008	-0,30731544	-494,59891
41331	0,044054464	78,408203	-0,3082709	-497,00067
41331	0,044056781	78,608398	-0,30916542	-498,9194
41331	0,044059098	78,808594	-0,3109456	-501,32086
41331	0,044061415	79,008789	-0,31114918	-503,67538
41331	0,044063732	79,208984	-0,31274655	-506,77328
41331	0,044066049	79,40918	-0,31398582	-509,05563
41331	0,044068366	79,609375	-0,31566644	-511,59167
41331	0,044070683	79,80957	-0,31545246	-513,81549
41331	0,044073001	80,009766	-0,31756398	-516,49213
41331	0,044075318	80,209961	-0,31753278	-518,6557
41331	0,044077635	80,410156	-0,31928322	-521,00372
41331	0,044079952	80,610352	-0,31936198	-523,71906
41331	0,044082269	80,810547	-0,3214007	-526,03296
41331	0,044084586	81,010742	-0,3221823	-528,77679
41331	0,044086903	81,210938	-0,32237992	-531,04974
41331	0,04408922	81,411133	-0,32494912	-533,04517
41331	0,044091538	81,611328	-0,32478717	-535,97412
41331	0,044093855	81,811523	-0,32664162	-538,68213
41331	0,044096172	82,011719	-0,32790765	-541,09741
41331	0,044098489	82,211914	-0,32891065	-542,91949
41331	0,044100806	82,412109	-0,32890472	-545,0802
41331	0,044103123	82,612305	-0,3302688	-547,5918
41331	0,04410544	82,8125	-0,33073094	-549,6178
41331	0,044107758	83,012695	-0,33242938	-551,8797
41331	0,044110075	83,212891	-0,33267307	-553,80743
41331	0,044112392	83,413086	-0,33511743	-555,70398
41331	0,044114709	83,613281	-0,33502233	-558,01617
41331	0,044117026	83,813477	-0,33649492	-559,83832
41331	0,044119343	84,013672	-0,33783227	-562,09125
41331	0,04412166	84,213867	-0,33823791	-564,4469
41331	0,044123977	84,414063	-0,33951584	-566,32019
41331	0,044126295	84,614258	-0,3400062	-568,59375
41331	0,044128612	84,814453	-0,34220243	-571,00366
41331	0,044130929	85,014648	-0,34263781	-573,53467
41331	0,044133246	85,214844	-0,34561563	-575,68457
41331	0,044135563	85,415039	-0,34475228	-577,29584
41331	0,04413788	85,615234	-0,34592471	-579,68781
41331	0,044140197	85,81543	-0,34701243	-581,37073
41331	0,044142511	86,015625	-0,34794855	-583,64429
41331	0,044144828	86,21582	-0,3492339	-585,71759
41331	0,044147145	86,416016	-0,35035282	-587,44324
41331	0,044149462	86,616211	-0,35208097	-589,51575
41331	0,044151779	86,816406	-0,35263374	-591,76678
41331	0,044154096	87,016602	-0,35364121	-593,84796
41331	0,044156414	87,216797	-0,35471705	-595,9848
41331	0,044158731	87,416992	-0,35668293	-598,3739
41331	0,044161048	87,617188	-0,35635453	-600,62213
41331	0,044163365	87,817383	-0,35864142	-602,56934
41331	0,044165682	88,017578	-0,35930267	-604,79175
41331	0,044167999	88,217773	-0,35965037	-607,03564
41331	0,044170316	88,417969	-0,36097583	-609,46381
41331	0,044172633	88,618164	-0,36245731	-612,37146
41331	0,044174951	88,818359	-0,36272925	-613,94165
41331	0,044177268	89,018555	-0,36372185	-615,95667
41331	0,044179585	89,21875	-0,36482441	-618,79736
41331	0,044181902	89,418945	-0,36598346	-620,87646
41331	0,044184219	89,619141	-0,36790329	-623,39532
41331	0,044186536	89,819336	-0,36854374	-625,58673
41331	0,044188853	90,019531	-0,36855265	-628,00751
41331	0,04419117	90,219727	-0,3697117	-630,65649
41331	0,044193488	90,419922	-0,37098813	-633,37921
41331	0,044195805	90,620117	-0,37232843	-635,66327
41331	0,044198122	90,820313	-0,37328985	-637,72101
41331	0,044200439	91,020508	-0,37424827	-640,25055
41331	0,044202756	91,220703	-0,37488723	-642,92029
41331	0,044205073	91,420898	-0,37621567	-645,53033
41331	0,04420739	91,621094	-0,37709236	-647,82965
41331	0,044209708	91,821289	-0,37812212	-650,32007
41331	0,044212025	92,021484	-0,38051748	-652,77142
41331	0,044214342	92,22168	-0,38147888	-655,58008
41331	0,044216659	92,421875	-0,38187563	-657,65381
41331	0,044218976	92,62207	-0,38296333	-659,82532
41331	0,044221293	92,822266	-0,38411048	-662,57959
41331	0,04422361	93,022461	-0,385167	-664,60162
41331	0,044225927	93,222656	-0,38623688	-666,84985
41331	0,044228245	93,422852	-0,38684464	-668,62585
41331	0,044230562	93,623047	-0,38802743	-670,61951
41331	0,044232879	93,823242	-0,38928157	-672,99158
41331	0,044235196	94,023438	-0,39082694	-674,9516
41331	0,044237513	94,223633	-0,39219996	-677,06635
41331	0,04423983	94,423828	-0,39220145	-678,84674
41331	0,044242147	94,624023	-0,39299196	-681,34613
41331	0,044244464	94,824219	-0,39466515	-683,37549
41331	0,044246782	95,024414	-0,39619863	-685,3429
41331	0,044249099	95,224609	-0,39657459	-687,31085
41331	0,044251416	95,424805	-0,39805162	-688,73383
41331	0,044253733	95,625	-0,39907244	-691,05725
41331	0,04425605	95,825195	-0,40015125	-693,19617
41331	0,044258367	96,025391	-0,40167731	-695,37537
41331	0,044260684	96,225586	-0,40359417	-697,2934
41331	0,044263002	96,425781	-0,40339062	-699,33704
41331	0,044265319	96,625977	-0,40472648	-701,6308
41331	0,044267636	96,826172	-0,40569827	-704,1001
41331	0,044269953	97,026367	-0,40576664	-706,39954
41331	0,04427227	97,226563	-0,40746209	-708,52252
41331	0,044274587	97,426758	-0,40903273	-710,97955
41331	0,044276904	97,626953	-0,409376	-713,25525
41331	0,044279221	97,827148	-0,41027498	-715,92957
41331	0,044281539	98,027344	-0,41149941	-718,24536
41331	0,044283856	98,227539	-0,41389176	-720,77026
41331	0,044286173	98,427734	-0,4134118	-722,97266
41331	0,04428849	98,62793	-0,41428554	-725,64636
41331	0,044290807	98,828125	-0,41535246	-727,90399
41331	0,044293124	99,02832	-0,41688147	-729,51837
41331	0,044295441	99,228516	-0,41878054	-732,18414
41331	0,044297755	99,428711	-0,41961116	-734,30298
41331	0,044300072	99,628906	-0,42037198	-736,67615
41331	0,044302389	99,829102	-0,42039427	-738,27185
41331	0,044304706	100,0293	-0,42167217	-740,96045
41331	0,044307023	100,22949	-0,42347017	-743,69971
41331	0,04430934	100,42969	-0,42423543	-746,41248
41331	0,044311658	100,62988	-0,42541674	-748,85706
41331	0,044313975	100,83008	-0,42584321	-751,20886
41331	0,044316292	101,03027	-0,42698589	-753,4231
41331	0,044318609	101,23047	-0,4280751	-755,92902
41331	0,044320926	101,43066	-0,42924157	-758,54181
41331	0,044323243	101,63086	-0,43019107	-760,55939
41331	0,04432556	101,83105	-0,43117478	-762,84698
41331	0,044327877	102,03125	-0,43330264	-765,23407
41331	0,044330195	102,23145	-0,43368304	-767,64319
41331	0,044332512	102,43164	-0,43474254	-769,56824
41331	0,044334829	102,63184	-0,43594912	-772,17804
41331	0,044337146	102,83203	-0,43676788	-774,37592
41331	0,044339463	103,03223	-0,43736374	-776,41199
41331	0,04434178	103,23242	-0,43879914	-778,68878
41331	0,044344097	103,43262	-0,43971747	-780,40997
41331	0,044346415	103,63281	-0,44090176	-783,09497
41331	0,044348732	103,83301	-0,44211727	-785,26819
41331	0,044351049	104,0332	-0,44349325	-787,50793
41331	0,044353366	104,2334	-0,44450963	-789,16388
41331	0,044355683	104,43359	-0,44462407	-792,0257
41331	0,044358	104,63379	-0,44572812	-794,01062
41331	0,044360317	104,83398	-0,44723189	-796,19269
41331	0,044362634	105,03418	-0,44834635	-797,91718
41331	0,044364952	105,23438	-0,44908041	-799,66388
41331	0,044367269	105,43457	-0,45004478	-802,18628
41331	0,044369586	105,63477	-0,45168823	-804,25549
41331	0,044371903	105,83496	-0,45275512	-806,26178
41331	0,04437422	106,03516	-0,45386514	-808,09039
41331	0,044376537	106,23535	-0,45389634	-810,51758
41331	0,044378854	106,43555	-0,45664236	-812,76245
41331	0,044381171	106,63574	-0,45657402	-814,50635
41331	0,044383489	106,83594	-0,45727685	-816,5224
41331	0,044385806	107,03613	-0,45768252	-818,50153
41331	0,044388123	107,23633	-0,4596425	-820,52448
41331	0,04439044	107,43652	-0,4600333	-822,50934
41331	0,044392757	107,63672	-0,46183127	-824,46661
41331	0,044395074	107,83691	-0,46253413	-826,59961
41331	0,044397391	108,03711	-0,46262774	-828,76495
41331	0,044399709	108,2373	-0,46364266	-831,10315
41331	0,044402026	108,4375	-0,46471697	-833,62085
41331	0,044404343	108,6377	-0,46688944	-836,026
41331	0,04440666	108,83789	-0,46736494	-838,55261
41331	0,044408977	109,03809	-0,46915105	-840,36292
41331	0,044411294	109,23828	-0,47021943	-842,98083
41331	0,044413611	109,43848	-0,47189113	-845,68158
41331	0,044415928	109,63867	-0,47196245	-847,78259
41331	0,044418246	109,83887	-0,47296843	-850,11713
41331	0,044420563	110,03906	-0,47398186	-852,61139
41331	0,04442288	110,23926	-0,47458068	-855,23944
41331	0,044425197	110,43945	-0,47506955	-857,65747
41331	0,044427514	110,63965	-0,47668776	-860,40875
41331	0,044429831	110,83984	-0,47817814	-862,33087
41331	0,044432148	111,04004	-0,47912171	-864,77502
41331	0,044434465	111,24023	-0,48068345	-867,16785
41331	0,044436783	111,44043	-0,48148438	-869,6582
41331	0,0444391	111,64063	-0,48239526	-872,45734
41331	0,044441417	111,84082	-0,48282024	-874,22156
41331	0,044443734	112,04102	-0,4845781	-876,60828
41331	0,044446051	112,24121	-0,48606554	-879,15698
41331	0,044448368	112,44141	-0,48657522	-881,59216
41331	0,044450685	112,6416	-0,48790514	-884,33459
41331	0,044453003	112,8418	-0,48905376	-885,84729
41331	0,044455316	113,04199	-0,48955008	-887,92395
41331	0,044457633	113,24219	-0,49221587	-890,42651
41331	0,04445995	113,44238	-0,49298558	-892,68292
41331	0,044462267	113,64258	-0,49281618	-894,71295
41331	0,044464584	113,84277	-0,49461862	-896,8009
41331	0,044466902	114,04297	-0,49521598	-898,53741
41331	0,044469219	114,24316	-0,49621007	-900,94916
41331	0,044471536	114,44336	-0,49755338	-902,97803
41331	0,044473853	114,64355	-0,49924585	-905,66003
41331	0,04447617	114,84375	-0,49836171	-907,19489
41331	0,044478487	115,04395	-0,5003618	-909,35974
41331	0,044480804	115,24414	-0,50153869	-911,62726
41331	0,044483121	115,44434	-0,50310189	-913,87433
41331	0,044485439	115,64453	-0,50347042	-916,25293
41331	0,044487756	115,84473	-0,50485086	-918,29614
41331	0,044490073	116,04492	-0,50599796	-920,35101
41331	0,04449239	116,24512	-0,50646752	-922,38287
41331	0,044494707	116,44531	-0,5068925	-924,90631
41331	0,044497024	116,64551	-0,51044095	-927,35675
41331	0,044499341	116,8457	-0,50928044	-929,47095
41331	0,044501659	117,0459	-0,51095957	-931,00629
41331	0,044503976	117,24609	-0,51231176	-933,59198
41331	0,044506293	117,44629	-0,51281995	-935,69525
41331	0,04450861	117,64648	-0,51399535	-937,93756
41331	0,044510927	117,84668	-0,51595527	-939,7099
41331	0,044513244	118,04688	-0,51736993	-941,44318
41331	0,044515561	118,24707	-0,51846206	-944,05682
41331	0,044517878	118,44727	-0,51825851	-946,01801
41331	0,044520196	118,64746	-0,52012336	-948,23523
41331	0,044522513	118,84766	-0,52110261	-949,91315
41331	0,04452483	119,04785	-0,52249193	-952,48267
41331	0,044527147	119,24805	-0,52366436	-954,80762
41331	0,044529464	119,44824	-0,52479368	-956,77966
41331	0,044531781	119,64844	-0,52627665	-959,02612
41331	0,044534098	119,84863	-0,52637029	-961,37946
41331	0,044536415	120,04883	-0,52736735	-963,39417
41331	0,044538733	120,24902	-0,52926636	-965,8136
41331	0,04454105	120,44922	-0,53043729	-968,46344
41331	0,044543367	120,64941	-0,53138828	-970,44788
41331	0,044545684	120,84961	-0,53214318	-972,61432
41331	0,044548001	121,0498	-0,53340173	-974,73969
41331	0,044550318	121,25	-0,53566635	-977,43982
41331	0,044552635	121,4502	-0,53513139	-979,51459
41331	0,044554953	121,65039	-0,53680158	-982,17841
41331	0,04455727	121,85059	-0,53751636	-984,38306
41331	0,044559587	122,05078	-0,53949118	-987,01257
41331	0,044561904	122,25098	-0,5404169	-989,28583
41331	0,044564221	122,45117	-0,54255068	-992,04291
41331	0,044566538	122,65137	-0,54224461	-994,60602
41331	0,044568855	122,85156	-0,54392672	-996,70209
41331	0,044571172	123,05176	-0,54605305	-999,05463
41331	0,04457349	123,25195	-0,5466519	-1001,5548
41331	0,044575807	123,45215	-0,54761928	-1004,354
41331	0,044578124	123,65234	-0,54856282	-1006,5613
41331	0,044580441	123,85254	-0,55045146	-1009,4916
41331	0,044582758	124,05273	-0,55099535	-1011,5121
41331	0,044585075	124,25293	-0,55234754	-1014,3823
41331	0,044587392	124,45313	-0,55359721	-1016,6227
41331	0,044589709	124,65332	-0,5549643	-1019,0131
41331	0,044592027	124,85352	-0,55638635	-1021,2647
41331	0,044594344	125,05371	-0,55816799	-1023,0229
41331	0,044596661	125,25391	-0,5587163	-1025,0773
41331	0,044598978	125,4541	-0,55981588	-1027,074
41331	0,044601295	125,6543	-0,56116807	-1029,4929
41331	0,044603612	125,85449	-0,56143409	-1031,2969
41331	0,044605929	126,05469	-0,56299877	-1033,3748
41331	0,044608247	126,25488	-0,5645501	-1035,2906
41331	0,04461056	126,45508	-0,56643873	-1037,2595
41331	0,044612877	126,65527	-0,56798857	-1039,7428
41331	0,044615194	126,85547	-0,56841803	-1041,734
41331	0,044617511	127,05566	-0,56915355	-1043,2325
41331	0,044619828	127,25586	-0,57105851	-1045,225
41331	0,044622146	127,45605	-0,57168263	-1047,3197
41331	0,044624463	127,65625	-0,57512707	-1049,6002
41331	0,04462678	127,85645	-0,57541829	-1051,5391
41331	0,044629097	128,05664	-0,57688791	-1053,5687
41331	0,044631414	128,25684	-0,57873493	-1055,7295
41331	0,044633731	128,45703	-0,5790143	-1058,3406
41331	0,044636048	128,65723	-0,58038133	-1060,3733
41331	0,044638366	128,85742	-0,58089101	-1062,5957
41331	0,044640683	129,05762	-0,58295351	-1064,8877
41331	0,044643	129,25781	-0,58514529	-1067,7634
41331	0,044645317	129,45801	-0,585123	-1070,2529
41331	0,044647634	129,6582	-0,58617651	-1072,4235
41331	0,044649951	129,8584	-0,58803248	-1074,6188
41331	0,044652268	130,05859	-0,58899683	-1077,1296
41331	0,044654585	130,25879	-0,5905987	-1079,3948
41331	0,044656903	130,45898	-0,59098059	-1081,4631
41331	0,04465922	130,65918	-0,59330755	-1084,0753
41331	0,044661537	130,85938	-0,59442353	-1086,2622
41331	0,044663854	131,05957	-0,59497184	-1088,7151
41331	0,044666171	131,25977	-0,5959897	-1090,8776
41331	0,044668488	131,45996	-0,59852326	-1093,0536
41331	0,044670805	131,66016	-0,59938061	-1095,7909
41331	0,044673122	131,86035	-0,60086507	-1097,932
41331	0,04467544	132,06055	-0,60295284	-1100,5386
41331	0,044677757	132,26074	-0,60355908	-1102,6283
41331	0,044680074	132,46094	-0,60648495	-1105,476
41331	0,044682391	132,66113	-0,60572708	-1107,4565
41331	0,044684708	132,86133	-0,60875249	-1110,026
41331	0,044687025	133,06152	-0,60930824	-1111,8699
41331	0,044689342	133,26172	-0,61026073	-1114,6792
41331	0,04469166	133,46191	-0,61213893	-1117,1266
41331	0,044693977	133,66211	-0,61377198	-1119,6442
41331	0,044696294	133,8623	-0,61356992	-1121,5946
41331	0,044698611	134,0625	-0,61532927	-1123,8735
41331	0,044700928	134,2627	-0,61765921	-1126,3308
41331	0,044703245	134,46289	-0,61922389	-1128,3601
41331	0,044705562	134,66309	-0,62080795	-1130,8494
41331	0,044707879	134,86328	-0,62279314	-1132,6461
41331	0,044710197	135,06348	-0,62240678	-1134,916
41331	0,044712514	135,26367	-0,623707	-1137,0752
41331	0,044714831	135,46387	-0,62685126	-1139,6277
41331	0,044717148	135,66406	-0,6272049	-1141,5675
41331	0,044719465	135,86426	-0,6291768	-1143,3346
41331	0,044721782	136,06445	-0,63021988	-1145,3809
41331	0,044724099	136,26465	-0,6316033	-1147,6566
41331	0,044726416	136,46484	-0,63351423	-1149,5612
41331	0,044728734	136,66504	-0,63498235	-1151,7755
41331	0,044731051	136,86523	-0,63646829	-1153,7075
41331	0,044733368	137,06543	-0,63863331	-1155,826
41331	0,044735685	137,26563	-0,64045209	-1158,0638
41331	0,044738002	137,46582	-0,64199007	-1160,1267
41331	0,044740319	137,66602	-0,64317137	-1162,021
41331	0,044742636	137,86621	-0,64509571	-1163,9381
41331	0,044744954	138,06641	-0,64666927	-1165,5867
41331	0,044747271	138,2666	-0,6480943	-1167,9052
41331	0,044749588	138,4668	-0,64904535	-1170,0525
41331	0,044751905	138,66699	-0,65048963	-1172,5898
41331	0,044754222	138,86719	-0,65181363	-1174,7083
41331	0,044756539	139,06738	-0,65349275	-1176,9242
41331	0,044758856	139,26758	-0,65542299	-1179,54
41331	0,044761173	139,46777	-0,65668607	-1182,295
41331	0,044763491	139,66797	-0,65785104	-1184,6692
41331	0,044765808	139,86816	-0,66009331	-1186,653
41331	0,044768121	140,06836	-0,66083181	-1189,0769
41331	0,044770438	140,26855	-0,66322273	-1191,717
41331	0,044772755	140,46875	-0,66400135	-1194,5212
41331	0,044775072	140,66895	-0,66642642	-1196,8395
41331	0,04477739	140,86914	-0,66857654	-1199,1707
41331	0,044779707	141,06934	-0,67093033	-1201,829
41331	0,044782024	141,26953	-0,67208636	-1204,4138
41331	0,044784341	141,46973	-0,67261982	-1206,8461
41331	0,044786658	141,66992	-0,67394084	-1209,2001
41331	0,044788975	141,87012	-0,67643273	-1211,0363
41331	0,044791292	142,07031	-0,67792612	-1213,3148
41331	0,04479361	142,27051	-0,67974937	-1215,5292
41331	0,044795927	142,4707	-0,68114316	-1217,7615
41331	0,044798244	142,6709	-0,68300509	-1219,7024
41331	0,044800561	142,87109	-0,6831314	-1221,624
41331	0,044802878	143,07129	-0,68670803	-1223,5555
41331	0,044805195	143,27148	-0,6871137	-1225,7133
41331	0,044807512	143,47168	-0,68908852	-1227,8497
41331	0,044809829	143,67188	-0,69089395	-1230,1719
41331	0,044812147	143,87207	-0,6926102	-1232,1328
41331	0,044814464	144,07227	-0,6932596	-1234,4077
41331	0,044816781	144,27246	-0,69508135	-1236,4617
41331	0,044819098	144,47266	-0,69746476	-1239,0393
41331	0,044821415	144,67285	-0,69957483	-1241,2788
41331	0,044823732	144,87305	-0,7010563	-1242,7019
41331	0,044826049	145,07324	-0,70395988	-1245,0663
41331	0,044828366	145,27344	-0,70479941	-1247,026
41331	0,044830684	145,47363	-0,70710856	-1249,1597
41331	0,044833001	145,67383	-0,70814574	-1250,9927
41331	0,044835318	145,87402	-0,71000767	-1253,119
41331	0,044837635	146,07422	-0,71293497	-1255,254
41331	0,044839952	146,27441	-0,71335995	-1257,5428
41331	0,044842269	146,47461	-0,71509999	-1259,7766
41331	0,044844586	146,6748	-0,7195459	-1261,5287
41331	0,044846904	146,875	-0,71999615	-1264,0613
41331	0,044849221	147,0752	-0,72176594	-1266,301
41331	0,044851538	147,27539	-0,72371399	-1268,7323
41331	0,044853855	147,47559	-0,72524303	-1270,8325
41331	0,044856172	147,67578	-0,72703654	-1272,933
41331	0,044858489	147,87598	-0,72947645	-1275,4108
41331	0,044860806	148,07617	-0,73175442	-1277,8536
41331	0,044863123	148,27637	-0,73332357	-1280,2642
41331	0,044865441	148,47656	-0,73510224	-1282,6423
41331	0,044867758	148,67676	-0,73731929	-1285,0964
41331	0,044870075	148,87695	-0,73868042	-1287,7749
41331	0,044872392	149,07715	-0,74056011	-1289,9816
41331	0,044874709	149,27734	-0,74441171	-1292,41
41331	0,044877026	149,47754	-0,74661386	-1294,8765
41331	0,044879343	149,67773	-0,74857831	-1297,194
41331	0,04488166	149,87793	-0,74976707	-1299,9321
41331	0,044883978	150,07813	-0,75250709	-1302,4995
41331	0,044886295	150,27832	-0,75398117	-1304,8347
41331	0,044888612	150,47852	-0,75679553	-1307,5726
41331	0,044890929	150,67871	-0,75858462	-1309,9929
41331	0,044893246	150,87891	-0,76052976	-1312,532
41331	0,044895563	151,0791	-0,76341689	-1314,7534
41331	0,04489788	151,2793	-0,76525652	-1316,7301
41331	0,044900198	151,47949	-0,76859248	-1318,7037
41331	0,044902515	151,67969	-0,770863	-1321,1223
41331	0,044904832	151,87988	-0,77281702	-1322,9607
41331	0,044907149	152,08008	-0,7757889	-1324,6383
41331	0,044909466	152,28027	-0,77797771	-1327,0444
41331	0,044911783	152,48047	-0,78285307	-1329,1281
41331	0,0449141	152,68066	-0,78457975	-1331,2047
41331	0,044916417	152,88086	-0,7868681	-1332,8402
41331	0,044918735	153,08105	-0,78884733	-1335,0536
41331	0,044921052	153,28125	-0,79128873	-1337,0815
41331	0,044923365	153,48145	-0,79500508	-1339,1675
41331	0,044925682	153,68164	-0,79759067	-1340,9901
41331	0,044927999	153,88184	-0,80098897	-1342,7115
41331	0,044930317	154,08203	-0,80384052	-1344,5018
41331	0,044932634	154,28223	-0,80663854	-1347,1007
41331	0,044934951	154,48242	-0,81011713	-1349,4794
41331	0,044937268	154,68262	-0,81328368	-1351,54
41331	0,044939585	154,88281	-0,81750375	-1353,5717
41331	0,044941902	155,08301	-0,82039243	-1356,094
41331	0,044944219	155,2832	-0,82420987	-1358,7079
41331	0,044946536	155,4834	-0,82785785	-1361,3213
41331	0,044948854	155,68359	-0,83196646	-1363,6073
41331	0,044951171	155,88379	-0,83687454	-1365,7919
41331	0,044953488	156,08398	-0,84040368	-1368,2831
41331	0,044955805	156,28418	-0,84460592	-1370,6107
41331	0,044958122	156,48438	-0,84903103	-1372,764
41331	0,044960439	156,68457	-0,85299259	-1374,9061
41331	0,044962756	156,88477	-0,85857821	-1377,3804
41331	0,044965073	157,08496	-0,86295879	-1379,7985
41331	0,044967391	157,28516	-0,86870939	-1382,2314
41331	0,044969708	157,48535	-0,87321329	-1384,906
41331	0,044972025	157,68555	-0,88010657	-1387,2101
41331	0,044974342	157,88574	-0,88654667	-1389,42
41331	0,044976659	158,08594	-0,89339983	-1391,5811
41331	0,044978976	158,28613	-0,90861738	-1392,8234
41331	0,044981293	158,48633	-0,92389584	-1396,0422
41331	0,044983611	158,68652	-0,93951017	-1397,5847
41331	0,044985928	158,88672	-0,95869368	-1399,3331
41331	0,044988245	159,08691	-0,98005265	-1401,1593
41331	0,044990562	159,28711	-1,0125695	-1402,1979
41331	0,044992879	159,4873	-1,0628926	-1398,2015
41331	0,044995196	159,6875	-1,0108756	-1149,9871
41331	0,044997513	159,8877	-0,80609024	-704,16614
41331	0,04499983	160,08789	-0,60594553	-332,86285
41331	0,045002148	160,28809	-0,40890345	-81,917274
41331	0,045004465	160,48828	-0,20584777	5,4976487
41331	0,045006782	160,68848	0,015920401	6,0693641
41331	0,045009099	160,88867	0,23138817	6,5312252
41331	0,045011416	161,08887	0,43991065	7,0162416
41331	0,045013733	161,28906	0,65041238	7,1252289
41331	0,04501605	161,48926	0,85921717	7,0185542
